시도,시군구,폐기물 종류,폐기물 종류.1,폐기물 종류.2,2019년 발생량,총계_매립,총계_소각,총계_재활용
서울,종로구,종량제방식 등 혼합배출,가연성,폐지류,37.8,12.8,25.0,0.0
서울,종로구,종량제방식 등 혼합배출,가연성,폐합성수지류,22.2,7.5,14.7,0.0
서울,종로구,종량제방식 등 혼합배출,가연성,폐고무류,0.7,0.2,0.5,0.0
서울,종로구,종량제방식 등 혼합배출,가연성,폐섬유류,2.1,0.7,1.4,0.0
서울,종로구,종량제방식 등 혼합배출,가연성,음식물류 폐기물,2.9,1.0,1.9,0.0
서울,종로구,종량제방식 등 혼합배출,가연성,폐목재류,1.3,0.4,0.9,0.0
서울,종로구,종량제방식 등 혼합배출,가연성,기타,44.6,15.1,29.5,0.0
서울,종로구,종량제방식 등 혼합배출,불연성,폐금속류,1.2,0.4,0.8,0.0
서울,종로구,종량제방식 등 혼합배출,불연성,폐유리류,2.4,0.8,1.6,0.0
서울,종로구,종량제방식 등 혼합배출,불연성,폐토사류,0.4,0.1,0.3,0.0
서울,종로구,종량제방식 등 혼합배출,불연성,폐타일 및 도자기류,0.6,0.2,0.4,0.0
서울,종로구,종량제방식 등 혼합배출,불연성,연탄재,0.0,0.0,0.0,0.0
서울,종로구,종량제방식 등 혼합배출,불연성,기타,3.2,1.1,2.1,0.0
서울,종로구,종량제방식 등 혼합배출,건설폐재류,EMPTY,0.0,0.0,0.0,0.0
서울,종로구,종량제방식 등 혼합배출,기타(배출불명등),EMPTY,0.0,0.0,0.0,0.0
서울,종로구,"재활용 가능자원 분리배출",폐지류,종이팩,1.7,0.0,0.0,1.7
서울,종로구,"재활용 가능자원 분리배출",폐지류,기타,5.1,0.0,0.0,5.1
서울,종로구,"재활용 가능자원 분리배출",고철류,EMPTY,0.6,0.0,0.0,0.6
서울,종로구,"재활용 가능자원 분리배출",금속캔,EMPTY,3.8,0.0,0.0,3.8
서울,종로구,"재활용 가능자원 분리배출",폐합성수지류,비닐류,4.6,0.0,0.0,4.6
서울,종로구,"재활용 가능자원 분리배출",폐합성수지류,발포수지류,0.1,0.0,0.0,0.1
서울,종로구,"재활용 가능자원 분리배출",폐합성수지류,PET병,6.4,0.0,0.0,6.4
서울,종로구,"재활용 가능자원 분리배출",폐합성수지류,기타,4.6,0.0,0.0,4.6
서울,종로구,"재활용 가능자원 분리배출",폐고무류,EMPTY,0.0,0.0,0.0,0.0
서울,종로구,"재활용 가능자원 분리배출",폐유리병류,EMPTY,8.7,0.0,0.0,8.7
서울,종로구,"재활용 가능자원 분리배출",폐의류,EMPTY,0.9,0.0,0.0,0.9
서울,종로구,"재활용 가능자원 분리배출",폐섬유류,EMPTY,0.0,0.0,0.0,0.0
서울,종로구,"재활용 가능자원 분리배출",폐형광등,EMPTY,0.2,0.0,0.0,0.2
서울,종로구,"재활용 가능자원 분리배출",폐전지류,EMPTY,0.0,0.0,0.0,0.0
서울,종로구,"재활용 가능자원 분리배출",영농폐기물,농약용기류,0.0,0.0,0.0,0.0
서울,종로구,"재활용 가능자원 분리배출",영농폐기물,폐비닐,0.0,0.0,0.0,0.0
서울,종로구,"재활용 가능자원 분리배출",폐식용유,EMPTY,0.0,0.0,0.0,0.0
서울,종로구,"재활용 가능자원 분리배출",폐전기전자제품,EMPTY,0.6,0.0,0.0,0.6
서울,종로구,"재활용 가능자원 분리배출",폐가구류,EMPTY,0.0,0.0,0.0,0.0
서울,종로구,"재활용 가능자원 분리배출",기타,EMPTY,10.1,0.0,0.0,10.1
서울,종로구,"재활용 가능자원 분리배출",재활용 잔재물,EMPTY,60.1,0.0,0.0,60.1
서울,종로구,음식물류 폐기물 분리배출,EMPTY,EMPTY,93.2,0.0,0.0,93.2
서울,중구,종량제방식 등 혼합배출,가연성,폐지류,34.8,15.5,19.3,0.0
서울,중구,종량제방식 등 혼합배출,가연성,폐합성수지류,25.1,5.8,19.3,0.0
서울,중구,종량제방식 등 혼합배출,가연성,폐고무류,18.7,7.1,11.6,0.0
서울,중구,종량제방식 등 혼합배출,가연성,폐섬유류,8.2,0.0,8.2,0.0
서울,중구,종량제방식 등 혼합배출,가연성,음식물류 폐기물,0.0,0.0,0.0,0.0
서울,중구,종량제방식 등 혼합배출,가연성,폐목재류,23.6,6.9,16.7,0.0
서울,중구,종량제방식 등 혼합배출,가연성,기타,59.8,20.2,39.6,0.0
서울,중구,종량제방식 등 혼합배출,불연성,폐금속류,0.0,0.0,0.0,0.0
서울,중구,종량제방식 등 혼합배출,불연성,폐유리류,0.0,0.0,0.0,0.0
서울,중구,종량제방식 등 혼합배출,불연성,폐토사류,0.0,0.0,0.0,0.0
서울,중구,종량제방식 등 혼합배출,불연성,폐타일 및 도자기류,0.0,0.0,0.0,0.0
서울,중구,종량제방식 등 혼합배출,불연성,연탄재,0.0,0.0,0.0,0.0
서울,중구,종량제방식 등 혼합배출,불연성,기타,0.0,0.0,0.0,0.0
서울,중구,종량제방식 등 혼합배출,건설폐재류,EMPTY,0.0,0.0,0.0,0.0
서울,중구,종량제방식 등 혼합배출,기타(배출불명등),EMPTY,0.0,0.0,0.0,0.0
서울,중구,"재활용 가능자원 분리배출",폐지류,종이팩,1.5,0.0,0.0,1.5
서울,중구,"재활용 가능자원 분리배출",폐지류,기타,48.9,0.0,0.0,48.9
서울,중구,"재활용 가능자원 분리배출",고철류,EMPTY,17.2,0.0,0.0,17.2
서울,중구,"재활용 가능자원 분리배출",금속캔,EMPTY,2.8,0.0,0.0,2.8
서울,중구,"재활용 가능자원 분리배출",폐합성수지류,비닐류,4.5,0.0,0.0,4.5
서울,중구,"재활용 가능자원 분리배출",폐합성수지류,발포수지류,0.3,0.0,0.0,0.3
서울,중구,"재활용 가능자원 분리배출",폐합성수지류,PET병,1.9,0.0,0.0,1.9
서울,중구,"재활용 가능자원 분리배출",폐합성수지류,기타,1.3,0.0,0.0,1.3
서울,중구,"재활용 가능자원 분리배출",폐고무류,EMPTY,0.0,0.0,0.0,0.0
서울,중구,"재활용 가능자원 분리배출",폐유리병류,EMPTY,9.6,0.0,0.0,9.6
서울,중구,"재활용 가능자원 분리배출",폐의류,EMPTY,0.0,0.0,0.0,0.0
서울,중구,"재활용 가능자원 분리배출",폐섬유류,EMPTY,0.0,0.0,0.0,0.0
서울,중구,"재활용 가능자원 분리배출",폐형광등,EMPTY,0.1,0.0,0.0,0.1
서울,중구,"재활용 가능자원 분리배출",폐전지류,EMPTY,0.0,0.0,0.0,0.0
서울,중구,"재활용 가능자원 분리배출",영농폐기물,농약용기류,0.0,0.0,0.0,0.0
서울,중구,"재활용 가능자원 분리배출",영농폐기물,폐비닐,0.0,0.0,0.0,0.0
서울,중구,"재활용 가능자원 분리배출",폐식용유,EMPTY,0.2,0.0,0.0,0.2
서울,중구,"재활용 가능자원 분리배출",폐전기전자제품,EMPTY,0.2,0.0,0.0,0.2
서울,중구,"재활용 가능자원 분리배출",폐가구류,EMPTY,0.0,0.0,0.0,0.0
서울,중구,"재활용 가능자원 분리배출",기타,EMPTY,0.0,0.0,0.0,0.0
서울,중구,"재활용 가능자원 분리배출",재활용 잔재물,EMPTY,22.0,0.0,0.0,22.0
서울,중구,음식물류 폐기물 분리배출,EMPTY,EMPTY,60.2,0.0,0.0,60.2
서울,용산구,종량제방식 등 혼합배출,가연성,폐지류,8.4,5.6,2.8,0.0
서울,용산구,종량제방식 등 혼합배출,가연성,폐합성수지류,26.3,9.2,17.1,0.0
서울,용산구,종량제방식 등 혼합배출,가연성,폐고무류,1.2,0.3,0.9,0.0
서울,용산구,종량제방식 등 혼합배출,가연성,폐섬유류,4.5,0.3,4.2,0.0
서울,용산구,종량제방식 등 혼합배출,가연성,음식물류 폐기물,7.5,0.6,6.9,0.0
서울,용산구,종량제방식 등 혼합배출,가연성,폐목재류,7.8,0.2,1.6,0.0
서울,용산구,종량제방식 등 혼합배출,가연성,기타,47.5,12.3,35.2,0.0
서울,용산구,종량제방식 등 혼합배출,불연성,폐금속류,0.9,0.0,0.0,0.9
서울,용산구,종량제방식 등 혼합배출,불연성,폐유리류,0.0,0.0,0.0,0.0
서울,용산구,종량제방식 등 혼합배출,불연성,폐토사류,1.3,1.3,0.0,0.0
서울,용산구,종량제방식 등 혼합배출,불연성,폐타일 및 도자기류,0.0,0.0,0.0,0.0
서울,용산구,종량제방식 등 혼합배출,불연성,연탄재,0.1,0.1,0.0,0.0
서울,용산구,종량제방식 등 혼합배출,불연성,기타,0.0,0.0,0.0,0.0
서울,용산구,종량제방식 등 혼합배출,건설폐재류,EMPTY,1.4,1.4,0.0,0.0
서울,용산구,종량제방식 등 혼합배출,기타(배출불명등),EMPTY,0.0,0.0,0.0,0.0
서울,용산구,"재활용 가능자원 분리배출",폐지류,종이팩,10.9,0.0,0.0,10.9
서울,용산구,"재활용 가능자원 분리배출",폐지류,기타,39.4,0.0,0.0,39.4
서울,용산구,"재활용 가능자원 분리배출",고철류,EMPTY,6.0,0.0,0.0,6.0
서울,용산구,"재활용 가능자원 분리배출",금속캔,EMPTY,2.3,0.0,0.0,2.3
서울,용산구,"재활용 가능자원 분리배출",폐합성수지류,비닐류,4.4,0.0,0.0,4.4
서울,용산구,"재활용 가능자원 분리배출",폐합성수지류,발포수지류,0.6,0.0,0.0,0.6
서울,용산구,"재활용 가능자원 분리배출",폐합성수지류,PET병,2.6,0.0,0.0,2.6
서울,용산구,"재활용 가능자원 분리배출",폐합성수지류,기타,2.4,0.0,0.0,2.4
서울,용산구,"재활용 가능자원 분리배출",폐고무류,EMPTY,0.0,0.0,0.0,0.0
서울,용산구,"재활용 가능자원 분리배출",폐유리병류,EMPTY,5.8,0.0,0.0,5.8
서울,용산구,"재활용 가능자원 분리배출",폐의류,EMPTY,2.1,0.0,0.0,2.1
서울,용산구,"재활용 가능자원 분리배출",폐섬유류,EMPTY,3.2,0.0,0.0,3.2
서울,용산구,"재활용 가능자원 분리배출",폐형광등,EMPTY,0.1,0.0,0.0,0.1
서울,용산구,"재활용 가능자원 분리배출",폐전지류,EMPTY,0.0,0.0,0.0,0.0
서울,용산구,"재활용 가능자원 분리배출",영농폐기물,농약용기류,0.0,0.0,0.0,0.0
서울,용산구,"재활용 가능자원 분리배출",영농폐기물,폐비닐,0.0,0.0,0.0,0.0
서울,용산구,"재활용 가능자원 분리배출",폐식용유,EMPTY,0.9,0.0,0.0,0.9
서울,용산구,"재활용 가능자원 분리배출",폐전기전자제품,EMPTY,4.1,0.0,0.0,4.1
서울,용산구,"재활용 가능자원 분리배출",폐가구류,EMPTY,0.0,0.0,0.0,0.0
서울,용산구,"재활용 가능자원 분리배출",기타,EMPTY,0.9,0.0,0.0,0.9
서울,용산구,"재활용 가능자원 분리배출",재활용 잔재물,EMPTY,25.5,0.0,0.1,25.4
서울,용산구,음식물류 폐기물 분리배출,EMPTY,EMPTY,66.9,0.0,0.0,66.9
서울,성동구,종량제방식 등 혼합배출,가연성,폐지류,17.2,0.0,17.2,0.0
서울,성동구,종량제방식 등 혼합배출,가연성,폐합성수지류,11.2,0.0,11.2,0.0
서울,성동구,종량제방식 등 혼합배출,가연성,폐고무류,0.4,0.0,0.4,0.0
서울,성동구,종량제방식 등 혼합배출,가연성,폐섬유류,1.0,0.0,1.0,0.0
서울,성동구,종량제방식 등 혼합배출,가연성,음식물류 폐기물,1.5,0.0,1.5,0.0
서울,성동구,종량제방식 등 혼합배출,가연성,폐목재류,0.7,0.0,0.7,0.0
서울,성동구,종량제방식 등 혼합배출,가연성,기타,28.4,0.0,28.4,0.0
서울,성동구,종량제방식 등 혼합배출,불연성,폐금속류,0.3,0.3,0.0,0.0
서울,성동구,종량제방식 등 혼합배출,불연성,폐유리류,0.5,0.5,0.0,0.0
서울,성동구,종량제방식 등 혼합배출,불연성,폐토사류,0.1,0.1,0.0,0.0
서울,성동구,종량제방식 등 혼합배출,불연성,폐타일 및 도자기류,0.1,0.1,0.0,0.0
서울,성동구,종량제방식 등 혼합배출,불연성,연탄재,0.0,0.0,0.0,0.0
서울,성동구,종량제방식 등 혼합배출,불연성,기타,26.1,26.1,0.0,0.0
서울,성동구,종량제방식 등 혼합배출,건설폐재류,EMPTY,0.0,0.0,0.0,0.0
서울,성동구,종량제방식 등 혼합배출,기타(배출불명등),EMPTY,0.0,0.0,0.0,0.0
서울,성동구,"재활용 가능자원 분리배출",폐지류,종이팩,0.1,0.0,0.0,0.1
서울,성동구,"재활용 가능자원 분리배출",폐지류,기타,32.5,0.0,0.0,32.5
서울,성동구,"재활용 가능자원 분리배출",고철류,EMPTY,0.3,0.0,0.0,0.3
서울,성동구,"재활용 가능자원 분리배출",금속캔,EMPTY,5.6,0.0,0.0,5.6
서울,성동구,"재활용 가능자원 분리배출",폐합성수지류,비닐류,4.6,0.0,0.0,4.6
서울,성동구,"재활용 가능자원 분리배출",폐합성수지류,발포수지류,0.5,0.0,0.0,0.5
서울,성동구,"재활용 가능자원 분리배출",폐합성수지류,PET병,5.8,0.0,0.0,5.8
서울,성동구,"재활용 가능자원 분리배출",폐합성수지류,기타,1.8,0.0,0.0,1.8
서울,성동구,"재활용 가능자원 분리배출",폐고무류,EMPTY,0.0,0.0,0.0,0.0
서울,성동구,"재활용 가능자원 분리배출",폐유리병류,EMPTY,8.1,0.0,0.0,8.1
서울,성동구,"재활용 가능자원 분리배출",폐의류,EMPTY,0.1,0.0,0.0,0.1
서울,성동구,"재활용 가능자원 분리배출",폐섬유류,EMPTY,3.7,0.0,0.0,3.7
서울,성동구,"재활용 가능자원 분리배출",폐형광등,EMPTY,0.0,0.0,0.0,0.0
서울,성동구,"재활용 가능자원 분리배출",폐전지류,EMPTY,0.0,0.0,0.0,0.0
서울,성동구,"재활용 가능자원 분리배출",영농폐기물,농약용기류,0.0,0.0,0.0,0.0
서울,성동구,"재활용 가능자원 분리배출",영농폐기물,폐비닐,0.0,0.0,0.0,0.0
서울,성동구,"재활용 가능자원 분리배출",폐식용유,EMPTY,0.0,0.0,0.0,0.0
서울,성동구,"재활용 가능자원 분리배출",폐전기전자제품,EMPTY,0.6,0.0,0.0,0.6
서울,성동구,"재활용 가능자원 분리배출",폐가구류,EMPTY,0.0,0.0,0.0,0.0
서울,성동구,"재활용 가능자원 분리배출",기타,EMPTY,0.2,0.0,0.0,0.2
서울,성동구,"재활용 가능자원 분리배출",재활용 잔재물,EMPTY,27.4,0.0,0.0,27.4
서울,성동구,음식물류 폐기물 분리배출,EMPTY,EMPTY,71.1,0.0,0.0,71.1
서울,광진구,종량제방식 등 혼합배출,가연성,폐지류,16.8,2.1,14.7,0.0
서울,광진구,종량제방식 등 혼합배출,가연성,폐합성수지류,12.4,1.6,10.8,0.0
서울,광진구,종량제방식 등 혼합배출,가연성,폐고무류,3.7,0.8,2.9,0.0
서울,광진구,종량제방식 등 혼합배출,가연성,폐섬유류,0.0,0.0,0.0,0.0
서울,광진구,종량제방식 등 혼합배출,가연성,음식물류 폐기물,9.1,1.6,7.5,0.0
서울,광진구,종량제방식 등 혼합배출,가연성,폐목재류,5.0,1.1,3.9,0.0
서울,광진구,종량제방식 등 혼합배출,가연성,기타,14.8,2.2,12.6,0.0
서울,광진구,종량제방식 등 혼합배출,불연성,폐금속류,1.7,0.7,1.0,0.0
서울,광진구,종량제방식 등 혼합배출,불연성,폐유리류,1.9,0.8,1.1,0.0
서울,광진구,종량제방식 등 혼합배출,불연성,폐토사류,1.9,0.8,1.1,0.0
서울,광진구,종량제방식 등 혼합배출,불연성,폐타일 및 도자기류,0.0,0.0,0.0,0.0
서울,광진구,종량제방식 등 혼합배출,불연성,연탄재,0.0,0.0,0.0,0.0
서울,광진구,종량제방식 등 혼합배출,불연성,기타,11.9,9.5,2.4,0.0
서울,광진구,종량제방식 등 혼합배출,건설폐재류,EMPTY,0.0,0.0,0.0,0.0
서울,광진구,종량제방식 등 혼합배출,기타(배출불명등),EMPTY,0.0,0.0,0.0,0.0
서울,광진구,"재활용 가능자원 분리배출",폐지류,종이팩,68.0,0.0,0.0,68.0
서울,광진구,"재활용 가능자원 분리배출",폐지류,기타,3.4,0.0,0.0,3.4
서울,광진구,"재활용 가능자원 분리배출",고철류,EMPTY,0.4,0.0,0.0,0.4
서울,광진구,"재활용 가능자원 분리배출",금속캔,EMPTY,1.0,0.0,0.0,1.0
서울,광진구,"재활용 가능자원 분리배출",폐합성수지류,비닐류,15.7,0.0,0.0,15.7
서울,광진구,"재활용 가능자원 분리배출",폐합성수지류,발포수지류,2.8,0.0,0.0,2.8
서울,광진구,"재활용 가능자원 분리배출",폐합성수지류,PET병,2.9,0.0,0.0,2.9
서울,광진구,"재활용 가능자원 분리배출",폐합성수지류,기타,0.6,0.0,0.0,0.6
서울,광진구,"재활용 가능자원 분리배출",폐고무류,EMPTY,0.0,0.0,0.0,0.0
서울,광진구,"재활용 가능자원 분리배출",폐유리병류,EMPTY,4.8,0.0,0.0,4.8
서울,광진구,"재활용 가능자원 분리배출",폐의류,EMPTY,1.6,0.0,0.0,1.6
서울,광진구,"재활용 가능자원 분리배출",폐섬유류,EMPTY,0.0,0.0,0.0,0.0
서울,광진구,"재활용 가능자원 분리배출",폐형광등,EMPTY,0.2,0.0,0.0,0.2
서울,광진구,"재활용 가능자원 분리배출",폐전지류,EMPTY,0.0,0.0,0.0,0.0
서울,광진구,"재활용 가능자원 분리배출",영농폐기물,농약용기류,0.0,0.0,0.0,0.0
서울,광진구,"재활용 가능자원 분리배출",영농폐기물,폐비닐,0.0,0.0,0.0,0.0
서울,광진구,"재활용 가능자원 분리배출",폐식용유,EMPTY,1.3,0.0,0.0,1.3
서울,광진구,"재활용 가능자원 분리배출",폐전기전자제품,EMPTY,0.8,0.0,0.0,0.8
서울,광진구,"재활용 가능자원 분리배출",폐가구류,EMPTY,14.0,0.0,0.0,14.0
서울,광진구,"재활용 가능자원 분리배출",기타,EMPTY,0.1,0.0,0.0,0.1
서울,광진구,"재활용 가능자원 분리배출",재활용 잔재물,EMPTY,15.6,0.0,0.0,15.6
서울,광진구,음식물류 폐기물 분리배출,EMPTY,EMPTY,87.0,0.0,0.0,87.0
서울,동대문구,종량제방식 등 혼합배출,가연성,폐지류,23.3,3.9,19.4,0.0
서울,동대문구,종량제방식 등 혼합배출,가연성,폐합성수지류,22.2,4.6,17.6,0.0
서울,동대문구,종량제방식 등 혼합배출,가연성,폐고무류,1.9,0.4,1.5,0.0
서울,동대문구,종량제방식 등 혼합배출,가연성,폐섬유류,5.3,0.4,4.9,0.0
서울,동대문구,종량제방식 등 혼합배출,가연성,음식물류 폐기물,7.0,0.3,6.7,0.0
서울,동대문구,종량제방식 등 혼합배출,가연성,폐목재류,2.8,0.3,2.5,0.0
서울,동대문구,종량제방식 등 혼합배출,가연성,기타,39.2,2.7,36.5,0.0
서울,동대문구,종량제방식 등 혼합배출,불연성,폐금속류,0.2,0.2,0.0,0.0
서울,동대문구,종량제방식 등 혼합배출,불연성,폐유리류,0.4,0.4,0.0,0.0
서울,동대문구,종량제방식 등 혼합배출,불연성,폐토사류,0.1,0.1,0.0,0.0
서울,동대문구,종량제방식 등 혼합배출,불연성,폐타일 및 도자기류,0.2,0.2,0.0,0.0
서울,동대문구,종량제방식 등 혼합배출,불연성,연탄재,1.1,1.1,0.0,0.0
서울,동대문구,종량제방식 등 혼합배출,불연성,기타,4.9,4.9,0.0,0.0
서울,동대문구,종량제방식 등 혼합배출,건설폐재류,EMPTY,0.0,0.0,0.0,0.0
서울,동대문구,종량제방식 등 혼합배출,기타(배출불명등),EMPTY,0.0,0.0,0.0,0.0
서울,동대문구,"재활용 가능자원 분리배출",폐지류,종이팩,0.0,0.0,0.0,0.0
서울,동대문구,"재활용 가능자원 분리배출",폐지류,기타,69.0,0.0,0.0,69.0
서울,동대문구,"재활용 가능자원 분리배출",고철류,EMPTY,9.6,0.0,0.0,9.6
서울,동대문구,"재활용 가능자원 분리배출",금속캔,EMPTY,2.7,0.0,0.0,2.7
서울,동대문구,"재활용 가능자원 분리배출",폐합성수지류,비닐류,26.0,0.0,0.0,26.0
서울,동대문구,"재활용 가능자원 분리배출",폐합성수지류,발포수지류,9.8,0.0,0.0,9.8
서울,동대문구,"재활용 가능자원 분리배출",폐합성수지류,PET병,1.7,0.0,0.0,1.7
서울,동대문구,"재활용 가능자원 분리배출",폐합성수지류,기타,33.4,0.0,0.0,33.4
서울,동대문구,"재활용 가능자원 분리배출",폐고무류,EMPTY,0.0,0.0,0.0,0.0
서울,동대문구,"재활용 가능자원 분리배출",폐유리병류,EMPTY,18.5,0.0,0.0,18.5
서울,동대문구,"재활용 가능자원 분리배출",폐의류,EMPTY,8.0,0.0,0.0,8.0
서울,동대문구,"재활용 가능자원 분리배출",폐섬유류,EMPTY,0.5,0.0,0.0,0.5
서울,동대문구,"재활용 가능자원 분리배출",폐형광등,EMPTY,0.2,0.0,0.0,0.2
서울,동대문구,"재활용 가능자원 분리배출",폐전지류,EMPTY,0.0,0.0,0.0,0.0
서울,동대문구,"재활용 가능자원 분리배출",영농폐기물,농약용기류,0.0,0.0,0.0,0.0
서울,동대문구,"재활용 가능자원 분리배출",영농폐기물,폐비닐,0.0,0.0,0.0,0.0
서울,동대문구,"재활용 가능자원 분리배출",폐식용유,EMPTY,0.3,0.0,0.0,0.3
서울,동대문구,"재활용 가능자원 분리배출",폐전기전자제품,EMPTY,1.5,0.0,0.0,1.5
서울,동대문구,"재활용 가능자원 분리배출",폐가구류,EMPTY,11.7,0.0,0.0,11.7
서울,동대문구,"재활용 가능자원 분리배출",기타,EMPTY,0.0,0.0,0.0,0.0
서울,동대문구,"재활용 가능자원 분리배출",재활용 잔재물,EMPTY,6.4,0.0,0.0,6.4
서울,동대문구,음식물류 폐기물 분리배출,EMPTY,EMPTY,88.0,0.0,0.0,88.0
서울,중랑구,종량제방식 등 혼합배출,가연성,폐지류,30.9,5.5,25.4,0.0
서울,중랑구,종량제방식 등 혼합배출,가연성,폐합성수지류,26.9,3.2,23.4,0.0
서울,중랑구,종량제방식 등 혼합배출,가연성,폐고무류,0.8,0.1,0.7,0.0
서울,중랑구,종량제방식 등 혼합배출,가연성,폐섬유류,1.7,0.3,1.4,0.0
서울,중랑구,종량제방식 등 혼합배출,가연성,음식물류 폐기물,2.3,0.4,1.9,0.0
서울,중랑구,종량제방식 등 혼합배출,가연성,폐목재류,1.1,0.2,0.9,0.0
서울,중랑구,종량제방식 등 혼합배출,가연성,기타,36.1,6.4,29.7,0.0
서울,중랑구,종량제방식 등 혼합배출,불연성,폐금속류,1.0,0.2,0.8,0.0
서울,중랑구,종량제방식 등 혼합배출,불연성,폐유리류,1.9,0.3,1.6,0.0
서울,중랑구,종량제방식 등 혼합배출,불연성,폐토사류,0.4,0.1,0.3,0.0
서울,중랑구,종량제방식 등 혼합배출,불연성,폐타일 및 도자기류,0.5,0.1,0.4,0.0
서울,중랑구,종량제방식 등 혼합배출,불연성,연탄재,0.0,0.0,0.0,0.0
서울,중랑구,종량제방식 등 혼합배출,불연성,기타,2.6,0.5,2.1,0.0
서울,중랑구,종량제방식 등 혼합배출,건설폐재류,EMPTY,0.0,0.0,0.0,0.0
서울,중랑구,종량제방식 등 혼합배출,기타(배출불명등),EMPTY,0.0,0.0,0.0,0.0
서울,중랑구,"재활용 가능자원 분리배출",폐지류,종이팩,0.1,0.0,0.0,0.1
서울,중랑구,"재활용 가능자원 분리배출",폐지류,기타,70.1,0.0,0.0,70.1
서울,중랑구,"재활용 가능자원 분리배출",고철류,EMPTY,0.5,0.0,0.0,0.5
서울,중랑구,"재활용 가능자원 분리배출",금속캔,EMPTY,26.1,0.0,0.0,26.1
서울,중랑구,"재활용 가능자원 분리배출",폐합성수지류,비닐류,20.1,0.0,0.0,20.1
서울,중랑구,"재활용 가능자원 분리배출",폐합성수지류,발포수지류,0.6,0.0,0.0,0.6
서울,중랑구,"재활용 가능자원 분리배출",폐합성수지류,PET병,3.8,0.0,0.0,3.8
서울,중랑구,"재활용 가능자원 분리배출",폐합성수지류,기타,6.4,0.0,0.0,6.4
서울,중랑구,"재활용 가능자원 분리배출",폐고무류,EMPTY,0.0,0.0,0.0,0.0
서울,중랑구,"재활용 가능자원 분리배출",폐유리병류,EMPTY,28.4,0.0,0.0,28.4
서울,중랑구,"재활용 가능자원 분리배출",폐의류,EMPTY,1.2,0.0,0.0,1.2
서울,중랑구,"재활용 가능자원 분리배출",폐섬유류,EMPTY,1.7,0.0,0.0,1.7
서울,중랑구,"재활용 가능자원 분리배출",폐형광등,EMPTY,0.2,0.0,0.0,0.2
서울,중랑구,"재활용 가능자원 분리배출",폐전지류,EMPTY,0.0,0.0,0.0,0.0
서울,중랑구,"재활용 가능자원 분리배출",영농폐기물,농약용기류,0.0,0.0,0.0,0.0
서울,중랑구,"재활용 가능자원 분리배출",영농폐기물,폐비닐,0.0,0.0,0.0,0.0
서울,중랑구,"재활용 가능자원 분리배출",폐식용유,EMPTY,0.0,0.0,0.0,0.0
서울,중랑구,"재활용 가능자원 분리배출",폐전기전자제품,EMPTY,0.8,0.0,0.0,0.8
서울,중랑구,"재활용 가능자원 분리배출",폐가구류,EMPTY,13.2,0.0,0.0,13.2
서울,중랑구,"재활용 가능자원 분리배출",기타,EMPTY,0.0,0.0,0.0,0.0
서울,중랑구,"재활용 가능자원 분리배출",재활용 잔재물,EMPTY,5.9,0.0,0.0,5.9
서울,중랑구,음식물류 폐기물 분리배출,EMPTY,EMPTY,34.1,0.0,0.0,34.1
서울,성북구,종량제방식 등 혼합배출,가연성,폐지류,29.9,2.8,27.1,0.0
서울,성북구,종량제방식 등 혼합배출,가연성,폐합성수지류,17.5,1.6,15.9,0.0
서울,성북구,종량제방식 등 혼합배출,가연성,폐고무류,0.6,0.1,0.5,0.0
서울,성북구,종량제방식 등 혼합배출,가연성,폐섬유류,1.7,0.2,1.5,0.0
서울,성북구,종량제방식 등 혼합배출,가연성,음식물류 폐기물,2.3,0.2,2.1,0.0
서울,성북구,종량제방식 등 혼합배출,가연성,폐목재류,1.0,0.1,0.9,0.0
서울,성북구,종량제방식 등 혼합배출,가연성,기타,35.2,3.3,31.9,0.0
서울,성북구,종량제방식 등 혼합배출,불연성,폐금속류,0.9,0.1,0.8,0.0
서울,성북구,종량제방식 등 혼합배출,불연성,폐유리류,1.9,0.2,1.7,0.0
서울,성북구,종량제방식 등 혼합배출,불연성,폐토사류,0.3,0.0,0.3,0.0
서울,성북구,종량제방식 등 혼합배출,불연성,폐타일 및 도자기류,0.4,0.0,0.4,0.0
서울,성북구,종량제방식 등 혼합배출,불연성,연탄재,0.0,0.0,0.0,0.0
서울,성북구,종량제방식 등 혼합배출,불연성,기타,2.4,0.2,2.2,0.0
서울,성북구,종량제방식 등 혼합배출,건설폐재류,EMPTY,0.0,0.0,0.0,0.0
서울,성북구,종량제방식 등 혼합배출,기타(배출불명등),EMPTY,0.0,0.0,0.0,0.0
서울,성북구,"재활용 가능자원 분리배출",폐지류,종이팩,0.0,0.0,0.0,0.0
서울,성북구,"재활용 가능자원 분리배출",폐지류,기타,78.0,0.0,0.0,78.0
서울,성북구,"재활용 가능자원 분리배출",고철류,EMPTY,0.0,0.0,0.0,0.0
서울,성북구,"재활용 가능자원 분리배출",금속캔,EMPTY,5.3,0.0,0.0,5.3
서울,성북구,"재활용 가능자원 분리배출",폐합성수지류,비닐류,18.2,0.0,0.0,18.2
서울,성북구,"재활용 가능자원 분리배출",폐합성수지류,발포수지류,0.5,0.0,0.0,0.5
서울,성북구,"재활용 가능자원 분리배출",폐합성수지류,PET병,1.4,0.0,0.0,1.4
서울,성북구,"재활용 가능자원 분리배출",폐합성수지류,기타,1.5,0.0,0.0,1.5
서울,성북구,"재활용 가능자원 분리배출",폐고무류,EMPTY,0.0,0.0,0.0,0.0
서울,성북구,"재활용 가능자원 분리배출",폐유리병류,EMPTY,1.2,0.0,0.0,1.2
서울,성북구,"재활용 가능자원 분리배출",폐의류,EMPTY,1.0,0.0,0.0,1.0
서울,성북구,"재활용 가능자원 분리배출",폐섬유류,EMPTY,0.0,0.0,0.0,0.0
서울,성북구,"재활용 가능자원 분리배출",폐형광등,EMPTY,0.2,0.0,0.0,0.2
서울,성북구,"재활용 가능자원 분리배출",폐전지류,EMPTY,0.0,0.0,0.0,0.0
서울,성북구,"재활용 가능자원 분리배출",영농폐기물,농약용기류,0.0,0.0,0.0,0.0
서울,성북구,"재활용 가능자원 분리배출",영농폐기물,폐비닐,0.0,0.0,0.0,0.0
서울,성북구,"재활용 가능자원 분리배출",폐식용유,EMPTY,0.0,0.0,0.0,0.0
서울,성북구,"재활용 가능자원 분리배출",폐전기전자제품,EMPTY,1.7,0.0,0.0,1.7
서울,성북구,"재활용 가능자원 분리배출",폐가구류,EMPTY,12.0,0.0,0.0,12.0
서울,성북구,"재활용 가능자원 분리배출",기타,EMPTY,0.0,0.0,0.0,0.0
서울,성북구,"재활용 가능자원 분리배출",재활용 잔재물,EMPTY,19.8,0.0,0.0,19.8
서울,성북구,음식물류 폐기물 분리배출,EMPTY,EMPTY,92.1,0.0,0.0,92.1
서울,강북구,종량제방식 등 혼합배출,가연성,폐지류,24.1,2.2,21.9,0.0
서울,강북구,종량제방식 등 혼합배출,가연성,폐합성수지류,43.4,1.3,12.8,29.3
서울,강북구,종량제방식 등 혼합배출,가연성,폐고무류,0.4,0.0,0.4,0.0
서울,강북구,종량제방식 등 혼합배출,가연성,폐섬유류,1.3,0.1,1.2,0.0
서울,강북구,종량제방식 등 혼합배출,가연성,음식물류 폐기물,1.9,0.2,1.7,0.0
서울,강북구,종량제방식 등 혼합배출,가연성,폐목재류,10.3,0.1,0.8,9.4
서울,강북구,종량제방식 등 혼합배출,가연성,기타,28.3,2.6,25.7,0.0
서울,강북구,종량제방식 등 혼합배출,불연성,폐금속류,0.8,0.1,0.7,0.0
서울,강북구,종량제방식 등 혼합배출,불연성,폐유리류,1.5,0.1,1.4,0.0
서울,강북구,종량제방식 등 혼합배출,불연성,폐토사류,2.4,0.0,0.3,2.1
서울,강북구,종량제방식 등 혼합배출,불연성,폐타일 및 도자기류,0.3,0.0,0.3,0.0
서울,강북구,종량제방식 등 혼합배출,불연성,연탄재,0.0,0.0,0.0,0.0
서울,강북구,종량제방식 등 혼합배출,불연성,기타,2.0,0.2,1.8,0.0
서울,강북구,종량제방식 등 혼합배출,건설폐재류,EMPTY,0.0,0.0,0.0,0.0
서울,강북구,종량제방식 등 혼합배출,기타(배출불명등),EMPTY,0.0,0.0,0.0,0.0
서울,강북구,"재활용 가능자원 분리배출",폐지류,종이팩,0.2,0.0,0.0,0.2
서울,강북구,"재활용 가능자원 분리배출",폐지류,기타,2.8,0.0,0.0,2.8
서울,강북구,"재활용 가능자원 분리배출",고철류,EMPTY,0.1,0.0,0.0,0.1
서울,강북구,"재활용 가능자원 분리배출",금속캔,EMPTY,2.0,0.0,0.0,2.0
서울,강북구,"재활용 가능자원 분리배출",폐합성수지류,비닐류,8.7,0.0,0.0,8.7
서울,강북구,"재활용 가능자원 분리배출",폐합성수지류,발포수지류,0.5,0.0,0.0,0.5
서울,강북구,"재활용 가능자원 분리배출",폐합성수지류,PET병,4.9,0.0,0.0,4.9
서울,강북구,"재활용 가능자원 분리배출",폐합성수지류,기타,2.3,0.0,0.0,2.3
서울,강북구,"재활용 가능자원 분리배출",폐고무류,EMPTY,0.0,0.0,0.0,0.0
서울,강북구,"재활용 가능자원 분리배출",폐유리병류,EMPTY,3.6,0.0,0.0,3.6
서울,강북구,"재활용 가능자원 분리배출",폐의류,EMPTY,1.1,0.0,0.0,1.1
서울,강북구,"재활용 가능자원 분리배출",폐섬유류,EMPTY,6.2,0.0,0.0,6.2
서울,강북구,"재활용 가능자원 분리배출",폐형광등,EMPTY,0.1,0.0,0.0,0.1
서울,강북구,"재활용 가능자원 분리배출",폐전지류,EMPTY,0.0,0.0,0.0,0.0
서울,강북구,"재활용 가능자원 분리배출",영농폐기물,농약용기류,0.0,0.0,0.0,0.0
서울,강북구,"재활용 가능자원 분리배출",영농폐기물,폐비닐,0.0,0.0,0.0,0.0
서울,강북구,"재활용 가능자원 분리배출",폐식용유,EMPTY,0.4,0.0,0.0,0.4
서울,강북구,"재활용 가능자원 분리배출",폐전기전자제품,EMPTY,1.3,0.0,0.0,1.3
서울,강북구,"재활용 가능자원 분리배출",폐가구류,EMPTY,0.0,0.0,0.0,0.0
서울,강북구,"재활용 가능자원 분리배출",기타,EMPTY,0.0,0.0,0.0,0.0
서울,강북구,"재활용 가능자원 분리배출",재활용 잔재물,EMPTY,16.2,0.0,0.0,16.2
서울,강북구,음식물류 폐기물 분리배출,EMPTY,EMPTY,72.8,0.0,0.0,72.8
서울,도봉구,종량제방식 등 혼합배출,가연성,폐지류,0.0,0.0,0.0,0.0
서울,도봉구,종량제방식 등 혼합배출,가연성,폐합성수지류,0.0,0.0,0.0,0.0
서울,도봉구,종량제방식 등 혼합배출,가연성,폐고무류,0.0,0.0,0.0,0.0
서울,도봉구,종량제방식 등 혼합배출,가연성,폐섬유류,0.0,0.0,0.0,0.0
서울,도봉구,종량제방식 등 혼합배출,가연성,음식물류 폐기물,0.0,0.0,0.0,0.0
서울,도봉구,종량제방식 등 혼합배출,가연성,폐목재류,0.0,0.0,0.0,0.0
서울,도봉구,종량제방식 등 혼합배출,가연성,기타,59.5,0.0,59.5,0.0
서울,도봉구,종량제방식 등 혼합배출,불연성,폐금속류,0.0,0.0,0.0,0.0
서울,도봉구,종량제방식 등 혼합배출,불연성,폐유리류,0.5,0.5,0.0,0.0
서울,도봉구,종량제방식 등 혼합배출,불연성,폐토사류,2.1,2.1,0.0,0.0
서울,도봉구,종량제방식 등 혼합배출,불연성,폐타일 및 도자기류,0.3,0.3,0.0,0.0
서울,도봉구,종량제방식 등 혼합배출,불연성,연탄재,0.8,0.8,0.0,0.0
서울,도봉구,종량제방식 등 혼합배출,불연성,기타,16.6,0.8,15.8,0.0
서울,도봉구,종량제방식 등 혼합배출,건설폐재류,EMPTY,1.2,1.2,0.0,0.0
서울,도봉구,종량제방식 등 혼합배출,기타(배출불명등),EMPTY,0.0,0.0,0.0,0.0
서울,도봉구,"재활용 가능자원 분리배출",폐지류,종이팩,0.5,0.0,0.0,0.5
서울,도봉구,"재활용 가능자원 분리배출",폐지류,기타,76.9,0.0,0.0,76.9
서울,도봉구,"재활용 가능자원 분리배출",고철류,EMPTY,1.8,0.0,0.0,1.8
서울,도봉구,"재활용 가능자원 분리배출",금속캔,EMPTY,0.8,0.0,0.0,0.8
서울,도봉구,"재활용 가능자원 분리배출",폐합성수지류,비닐류,5.7,0.0,0.0,5.7
서울,도봉구,"재활용 가능자원 분리배출",폐합성수지류,발포수지류,0.6,0.0,0.0,0.6
서울,도봉구,"재활용 가능자원 분리배출",폐합성수지류,PET병,11.2,0.0,0.0,11.2
서울,도봉구,"재활용 가능자원 분리배출",폐합성수지류,기타,0.5,0.0,0.0,0.5
서울,도봉구,"재활용 가능자원 분리배출",폐고무류,EMPTY,0.0,0.0,0.0,0.0
서울,도봉구,"재활용 가능자원 분리배출",폐유리병류,EMPTY,2.3,0.0,0.0,2.3
서울,도봉구,"재활용 가능자원 분리배출",폐의류,EMPTY,0.1,0.0,0.0,0.1
서울,도봉구,"재활용 가능자원 분리배출",폐섬유류,EMPTY,0.0,0.0,0.0,0.0
서울,도봉구,"재활용 가능자원 분리배출",폐형광등,EMPTY,0.0,0.0,0.0,0.0
서울,도봉구,"재활용 가능자원 분리배출",폐전지류,EMPTY,0.0,0.0,0.0,0.0
서울,도봉구,"재활용 가능자원 분리배출",영농폐기물,농약용기류,0.0,0.0,0.0,0.0
서울,도봉구,"재활용 가능자원 분리배출",영농폐기물,폐비닐,4.1,0.0,0.0,4.1
서울,도봉구,"재활용 가능자원 분리배출",폐식용유,EMPTY,0.0,0.0,0.0,0.0
서울,도봉구,"재활용 가능자원 분리배출",폐전기전자제품,EMPTY,0.1,0.0,0.0,0.1
서울,도봉구,"재활용 가능자원 분리배출",폐가구류,EMPTY,0.0,0.0,0.0,0.0
서울,도봉구,"재활용 가능자원 분리배출",기타,EMPTY,0.3,0.0,0.0,0.3
서울,도봉구,"재활용 가능자원 분리배출",재활용 잔재물,EMPTY,16.6,0.0,0.0,16.6
서울,도봉구,음식물류 폐기물 분리배출,EMPTY,EMPTY,78.5,0.0,0.0,78.3
서울,노원구,종량제방식 등 혼합배출,가연성,폐지류,54.5,1.7,52.8,0.0
서울,노원구,종량제방식 등 혼합배출,가연성,폐합성수지류,18.4,0.5,17.9,0.0
서울,노원구,종량제방식 등 혼합배출,가연성,폐고무류,1.1,0.1,1.0,0.0
서울,노원구,종량제방식 등 혼합배출,가연성,폐섬유류,4.1,0.2,2.6,1.3
서울,노원구,종량제방식 등 혼합배출,가연성,음식물류 폐기물,2.7,0.1,2.6,0.0
서울,노원구,종량제방식 등 혼합배출,가연성,폐목재류,13.6,0.1,1.0,12.5
서울,노원구,종량제방식 등 혼합배출,가연성,기타,16.9,0.3,16.6,0.0
서울,노원구,종량제방식 등 혼합배출,불연성,폐금속류,1.4,0.2,1.2,0.0
서울,노원구,종량제방식 등 혼합배출,불연성,폐유리류,1.6,0.1,1.5,0.0
서울,노원구,종량제방식 등 혼합배출,불연성,폐토사류,1.2,0.2,1.0,0.0
서울,노원구,종량제방식 등 혼합배출,불연성,폐타일 및 도자기류,1.2,0.0,1.2,0.0
서울,노원구,종량제방식 등 혼합배출,불연성,연탄재,0.2,0.2,0.0,0.0
서울,노원구,종량제방식 등 혼합배출,불연성,기타,5.0,0.2,4.8,0.0
서울,노원구,종량제방식 등 혼합배출,건설폐재류,EMPTY,0.0,0.0,0.0,0.0
서울,노원구,종량제방식 등 혼합배출,기타(배출불명등),EMPTY,0.0,0.0,0.0,0.0
서울,노원구,"재활용 가능자원 분리배출",폐지류,종이팩,23.1,0.0,0.0,23.1
서울,노원구,"재활용 가능자원 분리배출",폐지류,기타,1.3,0.0,0.0,1.3
서울,노원구,"재활용 가능자원 분리배출",고철류,EMPTY,6.4,0.0,0.0,6.4
서울,노원구,"재활용 가능자원 분리배출",금속캔,EMPTY,2.5,0.0,0.0,2.5
서울,노원구,"재활용 가능자원 분리배출",폐합성수지류,비닐류,2.6,0.0,0.0,2.6
서울,노원구,"재활용 가능자원 분리배출",폐합성수지류,발포수지류,0.3,0.0,0.0,0.3
서울,노원구,"재활용 가능자원 분리배출",폐합성수지류,PET병,4.5,0.0,0.0,4.5
서울,노원구,"재활용 가능자원 분리배출",폐합성수지류,기타,2.1,0.0,0.0,2.1
서울,노원구,"재활용 가능자원 분리배출",폐고무류,EMPTY,0.0,0.0,0.0,0.0
서울,노원구,"재활용 가능자원 분리배출",폐유리병류,EMPTY,1.4,0.0,0.0,1.4
서울,노원구,"재활용 가능자원 분리배출",폐의류,EMPTY,2.0,0.0,0.0,2.0
서울,노원구,"재활용 가능자원 분리배출",폐섬유류,EMPTY,0.0,0.0,0.0,0.0
서울,노원구,"재활용 가능자원 분리배출",폐형광등,EMPTY,0.0,0.0,0.0,0.0
서울,노원구,"재활용 가능자원 분리배출",폐전지류,EMPTY,0.0,0.0,0.0,0.0
서울,노원구,"재활용 가능자원 분리배출",영농폐기물,농약용기류,0.0,0.0,0.0,0.0
서울,노원구,"재활용 가능자원 분리배출",영농폐기물,폐비닐,0.0,0.0,0.0,0.0
서울,노원구,"재활용 가능자원 분리배출",폐식용유,EMPTY,0.0,0.0,0.0,0.0
서울,노원구,"재활용 가능자원 분리배출",폐전기전자제품,EMPTY,0.4,0.0,0.0,0.4
서울,노원구,"재활용 가능자원 분리배출",폐가구류,EMPTY,0.0,0.0,0.0,0.0
서울,노원구,"재활용 가능자원 분리배출",기타,EMPTY,0.1,0.0,0.0,0.1
서울,노원구,"재활용 가능자원 분리배출",재활용 잔재물,EMPTY,6.7,0.0,0.0,6.7
서울,노원구,음식물류 폐기물 분리배출,EMPTY,EMPTY,120.7,0.0,0.0,120.7
서울,은평구,종량제방식 등 혼합배출,가연성,폐지류,34.7,19.4,9.0,6.3
서울,은평구,종량제방식 등 혼합배출,가연성,폐합성수지류,31.4,17.6,8.1,5.7
서울,은평구,종량제방식 등 혼합배출,가연성,폐고무류,1.1,0.6,0.3,0.2
서울,은평구,종량제방식 등 혼합배출,가연성,폐섬유류,7.6,4.2,2.0,1.4
서울,은평구,종량제방식 등 혼합배출,가연성,음식물류 폐기물,10.9,6.1,2.8,2.0
서울,은평구,종량제방식 등 혼합배출,가연성,폐목재류,3.0,1.7,0.8,0.5
서울,은평구,종량제방식 등 혼합배출,가연성,기타,66.8,37.3,17.3,12.2
서울,은평구,종량제방식 등 혼합배출,불연성,폐금속류,2.6,1.4,0.7,0.5
서울,은평구,종량제방식 등 혼합배출,불연성,폐유리류,3.6,2.0,0.9,0.7
서울,은평구,종량제방식 등 혼합배출,불연성,폐토사류,0.5,0.3,0.1,0.1
서울,은평구,종량제방식 등 혼합배출,불연성,폐타일 및 도자기류,0.4,0.2,0.1,0.1
서울,은평구,종량제방식 등 혼합배출,불연성,연탄재,0.0,0.0,0.0,0.0
서울,은평구,종량제방식 등 혼합배출,불연성,기타,4.8,2.6,1.3,0.9
서울,은평구,종량제방식 등 혼합배출,건설폐재류,EMPTY,1.1,1.1,0.0,0.0
서울,은평구,종량제방식 등 혼합배출,기타(배출불명등),EMPTY,0.0,0.0,0.0,0.0
서울,은평구,"재활용 가능자원 분리배출",폐지류,종이팩,6.1,0.0,0.0,6.1
서울,은평구,"재활용 가능자원 분리배출",폐지류,기타,7.5,0.0,0.0,7.5
서울,은평구,"재활용 가능자원 분리배출",고철류,EMPTY,2.6,0.0,0.0,2.6
서울,은평구,"재활용 가능자원 분리배출",금속캔,EMPTY,2.4,0.0,0.0,2.4
서울,은평구,"재활용 가능자원 분리배출",폐합성수지류,비닐류,58.3,0.0,0.0,58.3
서울,은평구,"재활용 가능자원 분리배출",폐합성수지류,발포수지류,1.9,0.0,0.0,1.9
서울,은평구,"재활용 가능자원 분리배출",폐합성수지류,PET병,12.7,0.0,0.0,12.7
서울,은평구,"재활용 가능자원 분리배출",폐합성수지류,기타,3.4,0.0,0.0,3.4
서울,은평구,"재활용 가능자원 분리배출",폐고무류,EMPTY,0.0,0.0,0.0,0.0
서울,은평구,"재활용 가능자원 분리배출",폐유리병류,EMPTY,4.0,0.0,0.0,4.0
서울,은평구,"재활용 가능자원 분리배출",폐의류,EMPTY,1.3,0.0,0.0,1.3
서울,은평구,"재활용 가능자원 분리배출",폐섬유류,EMPTY,0.0,0.0,0.0,0.0
서울,은평구,"재활용 가능자원 분리배출",폐형광등,EMPTY,0.2,0.0,0.0,0.2
서울,은평구,"재활용 가능자원 분리배출",폐전지류,EMPTY,0.1,0.0,0.0,0.1
서울,은평구,"재활용 가능자원 분리배출",영농폐기물,농약용기류,0.0,0.0,0.0,0.0
서울,은평구,"재활용 가능자원 분리배출",영농폐기물,폐비닐,0.0,0.0,0.0,0.0
서울,은평구,"재활용 가능자원 분리배출",폐식용유,EMPTY,0.1,0.0,0.0,0.1
서울,은평구,"재활용 가능자원 분리배출",폐전기전자제품,EMPTY,0.1,0.0,0.0,0.1
서울,은평구,"재활용 가능자원 분리배출",폐가구류,EMPTY,0.0,0.0,0.0,0.0
서울,은평구,"재활용 가능자원 분리배출",기타,EMPTY,0.0,0.0,0.0,0.0
서울,은평구,"재활용 가능자원 분리배출",재활용 잔재물,EMPTY,5.3,0.0,5.3,0.0
서울,은평구,음식물류 폐기물 분리배출,EMPTY,EMPTY,69.5,0.0,0.0,69.5
서울,서대문구,종량제방식 등 혼합배출,가연성,폐지류,33.1,11.8,21.3,0.0
서울,서대문구,종량제방식 등 혼합배출,가연성,폐합성수지류,8.6,3.1,5.5,0.0
서울,서대문구,종량제방식 등 혼합배출,가연성,폐고무류,1.2,0.4,0.8,0.0
서울,서대문구,종량제방식 등 혼합배출,가연성,폐섬유류,4.6,1.6,3.0,0.0
서울,서대문구,종량제방식 등 혼합배출,가연성,음식물류 폐기물,4.4,0.9,3.5,0.0
서울,서대문구,종량제방식 등 혼합배출,가연성,폐목재류,13.0,1.2,1.6,10.2
서울,서대문구,종량제방식 등 혼합배출,가연성,기타,24.2,6.4,17.8,0.0
서울,서대문구,종량제방식 등 혼합배출,불연성,폐금속류,2.5,1.0,1.5,0.0
서울,서대문구,종량제방식 등 혼합배출,불연성,폐유리류,3.8,1.4,2.4,0.0
서울,서대문구,종량제방식 등 혼합배출,불연성,폐토사류,0.5,0.4,0.1,0.0
서울,서대문구,종량제방식 등 혼합배출,불연성,폐타일 및 도자기류,0.2,0.1,0.1,0.0
서울,서대문구,종량제방식 등 혼합배출,불연성,연탄재,0.7,0.2,0.5,0.0
서울,서대문구,종량제방식 등 혼합배출,불연성,기타,1.1,0.6,0.5,0.0
서울,서대문구,종량제방식 등 혼합배출,건설폐재류,EMPTY,0.0,0.0,0.0,0.0
서울,서대문구,종량제방식 등 혼합배출,기타(배출불명등),EMPTY,0.0,0.0,0.0,0.0
서울,서대문구,"재활용 가능자원 분리배출",폐지류,종이팩,0.1,0.0,0.0,0.1
서울,서대문구,"재활용 가능자원 분리배출",폐지류,기타,1.3,0.0,0.0,1.3
서울,서대문구,"재활용 가능자원 분리배출",고철류,EMPTY,2.9,0.0,0.0,2.9
서울,서대문구,"재활용 가능자원 분리배출",금속캔,EMPTY,2.6,0.0,0.0,2.6
서울,서대문구,"재활용 가능자원 분리배출",폐합성수지류,비닐류,29.6,0.0,0.0,29.6
서울,서대문구,"재활용 가능자원 분리배출",폐합성수지류,발포수지류,1.0,0.0,0.0,1.0
서울,서대문구,"재활용 가능자원 분리배출",폐합성수지류,PET병,2.1,0.0,0.0,2.1
서울,서대문구,"재활용 가능자원 분리배출",폐합성수지류,기타,6.9,0.0,0.0,6.9
서울,서대문구,"재활용 가능자원 분리배출",폐고무류,EMPTY,0.0,0.0,0.0,0.0
서울,서대문구,"재활용 가능자원 분리배출",폐유리병류,EMPTY,4.1,0.0,0.0,4.1
서울,서대문구,"재활용 가능자원 분리배출",폐의류,EMPTY,0.0,0.0,0.0,0.0
서울,서대문구,"재활용 가능자원 분리배출",폐섬유류,EMPTY,1.1,0.0,0.0,1.1
서울,서대문구,"재활용 가능자원 분리배출",폐형광등,EMPTY,0.3,0.0,0.0,0.3
서울,서대문구,"재활용 가능자원 분리배출",폐전지류,EMPTY,0.2,0.0,0.0,0.2
서울,서대문구,"재활용 가능자원 분리배출",영농폐기물,농약용기류,0.0,0.0,0.0,0.0
서울,서대문구,"재활용 가능자원 분리배출",영농폐기물,폐비닐,0.0,0.0,0.0,0.0
서울,서대문구,"재활용 가능자원 분리배출",폐식용유,EMPTY,0.2,0.0,0.0,0.2
서울,서대문구,"재활용 가능자원 분리배출",폐전기전자제품,EMPTY,1.2,0.0,0.0,1.2
서울,서대문구,"재활용 가능자원 분리배출",폐가구류,EMPTY,0.4,0.0,0.0,0.4
서울,서대문구,"재활용 가능자원 분리배출",기타,EMPTY,1.3,0.0,0.0,1.3
서울,서대문구,"재활용 가능자원 분리배출",재활용 잔재물,EMPTY,3.6,0.0,3.6,0.0
서울,서대문구,음식물류 폐기물 분리배출,EMPTY,EMPTY,68.8,0.0,0.0,68.8
서울,마포구,종량제방식 등 혼합배출,가연성,폐지류,28.2,9.3,18.9,0.0
서울,마포구,종량제방식 등 혼합배출,가연성,폐합성수지류,0.0,0.0,0.0,0.0
서울,마포구,종량제방식 등 혼합배출,가연성,폐고무류,13.3,2.6,10.7,0.0
서울,마포구,종량제방식 등 혼합배출,가연성,폐섬유류,29.6,5.6,24.0,0.0
서울,마포구,종량제방식 등 혼합배출,가연성,음식물류 폐기물,35.5,10.6,24.9,0.0
서울,마포구,종량제방식 등 혼합배출,가연성,폐목재류,0.0,0.0,0.0,0.0
서울,마포구,종량제방식 등 혼합배출,가연성,기타,36.8,15.4,21.4,0.0
서울,마포구,종량제방식 등 혼합배출,불연성,폐금속류,0.0,0.0,0.0,0.0
서울,마포구,종량제방식 등 혼합배출,불연성,폐유리류,0.0,0.0,0.0,0.0
서울,마포구,종량제방식 등 혼합배출,불연성,폐토사류,0.0,0.0,0.0,0.0
서울,마포구,종량제방식 등 혼합배출,불연성,폐타일 및 도자기류,0.0,0.0,0.0,0.0
서울,마포구,종량제방식 등 혼합배출,불연성,연탄재,0.6,0.6,0.0,0.0
서울,마포구,종량제방식 등 혼합배출,불연성,기타,0.0,0.0,0.0,0.0
서울,마포구,종량제방식 등 혼합배출,건설폐재류,EMPTY,0.0,0.0,0.0,0.0
서울,마포구,종량제방식 등 혼합배출,기타(배출불명등),EMPTY,0.0,0.0,0.0,0.0
서울,마포구,"재활용 가능자원 분리배출",폐지류,종이팩,0.0,0.0,0.0,0.0
서울,마포구,"재활용 가능자원 분리배출",폐지류,기타,79.7,0.0,0.0,79.7
서울,마포구,"재활용 가능자원 분리배출",고철류,EMPTY,19.2,0.0,0.0,19.2
서울,마포구,"재활용 가능자원 분리배출",금속캔,EMPTY,8.4,0.0,0.0,8.4
서울,마포구,"재활용 가능자원 분리배출",폐합성수지류,비닐류,15.1,0.0,0.0,15.1
서울,마포구,"재활용 가능자원 분리배출",폐합성수지류,발포수지류,12.5,0.0,0.0,12.5
서울,마포구,"재활용 가능자원 분리배출",폐합성수지류,PET병,3.9,0.0,0.0,3.9
서울,마포구,"재활용 가능자원 분리배출",폐합성수지류,기타,2.5,0.0,0.0,2.5
서울,마포구,"재활용 가능자원 분리배출",폐고무류,EMPTY,0.0,0.0,0.0,0.0
서울,마포구,"재활용 가능자원 분리배출",폐유리병류,EMPTY,16.7,0.0,0.0,16.7
서울,마포구,"재활용 가능자원 분리배출",폐의류,EMPTY,0.0,0.0,0.0,0.0
서울,마포구,"재활용 가능자원 분리배출",폐섬유류,EMPTY,0.0,0.0,0.0,0.0
서울,마포구,"재활용 가능자원 분리배출",폐형광등,EMPTY,0.0,0.0,0.0,0.0
서울,마포구,"재활용 가능자원 분리배출",폐전지류,EMPTY,0.0,0.0,0.0,0.0
서울,마포구,"재활용 가능자원 분리배출",영농폐기물,농약용기류,0.0,0.0,0.0,0.0
서울,마포구,"재활용 가능자원 분리배출",영농폐기물,폐비닐,0.0,0.0,0.0,0.0
서울,마포구,"재활용 가능자원 분리배출",폐식용유,EMPTY,0.0,0.0,0.0,0.0
서울,마포구,"재활용 가능자원 분리배출",폐전기전자제품,EMPTY,0.0,0.0,0.0,0.0
서울,마포구,"재활용 가능자원 분리배출",폐가구류,EMPTY,0.0,0.0,0.0,0.0
서울,마포구,"재활용 가능자원 분리배출",기타,EMPTY,2.4,0.0,0.0,2.4
서울,마포구,"재활용 가능자원 분리배출",재활용 잔재물,EMPTY,42.5,0.0,42.5,0.0
서울,마포구,음식물류 폐기물 분리배출,EMPTY,EMPTY,121.9,0.0,0.0,121.9
서울,양천구,종량제방식 등 혼합배출,가연성,폐지류,0.0,0.0,0.0,0.0
서울,양천구,종량제방식 등 혼합배출,가연성,폐합성수지류,0.0,0.0,0.0,0.0
서울,양천구,종량제방식 등 혼합배출,가연성,폐고무류,0.0,0.0,0.0,0.0
서울,양천구,종량제방식 등 혼합배출,가연성,폐섬유류,0.0,0.0,0.0,0.0
서울,양천구,종량제방식 등 혼합배출,가연성,음식물류 폐기물,0.0,0.0,0.0,0.0
서울,양천구,종량제방식 등 혼합배출,가연성,폐목재류,15.1,0.0,0.0,15.1
서울,양천구,종량제방식 등 혼합배출,가연성,기타,93.9,0.0,93.9,0.0
서울,양천구,종량제방식 등 혼합배출,불연성,폐금속류,0.0,0.0,0.0,0.0
서울,양천구,종량제방식 등 혼합배출,불연성,폐유리류,0.0,0.0,0.0,0.0
서울,양천구,종량제방식 등 혼합배출,불연성,폐토사류,0.0,0.0,0.0,0.0
서울,양천구,종량제방식 등 혼합배출,불연성,폐타일 및 도자기류,0.0,0.0,0.0,0.0
서울,양천구,종량제방식 등 혼합배출,불연성,연탄재,0.0,0.0,0.0,0.0
서울,양천구,종량제방식 등 혼합배출,불연성,기타,17.8,17.8,0.0,0.0
서울,양천구,종량제방식 등 혼합배출,건설폐재류,EMPTY,0.0,0.0,0.0,0.0
서울,양천구,종량제방식 등 혼합배출,기타(배출불명등),EMPTY,0.0,0.0,0.0,0.0
서울,양천구,"재활용 가능자원 분리배출",폐지류,종이팩,32.8,0.0,0.0,32.8
서울,양천구,"재활용 가능자원 분리배출",폐지류,기타,0.8,0.0,0.0,0.8
서울,양천구,"재활용 가능자원 분리배출",고철류,EMPTY,0.9,0.0,0.0,0.9
서울,양천구,"재활용 가능자원 분리배출",금속캔,EMPTY,0.7,0.0,0.0,0.7
서울,양천구,"재활용 가능자원 분리배출",폐합성수지류,비닐류,17.4,0.0,0.0,17.4
서울,양천구,"재활용 가능자원 분리배출",폐합성수지류,발포수지류,0.3,0.0,0.0,0.3
서울,양천구,"재활용 가능자원 분리배출",폐합성수지류,PET병,0.3,0.0,0.0,0.3
서울,양천구,"재활용 가능자원 분리배출",폐합성수지류,기타,0.7,0.0,0.0,0.7
서울,양천구,"재활용 가능자원 분리배출",폐고무류,EMPTY,0.0,0.0,0.0,0.0
서울,양천구,"재활용 가능자원 분리배출",폐유리병류,EMPTY,1.9,0.0,0.0,1.9
서울,양천구,"재활용 가능자원 분리배출",폐의류,EMPTY,0.9,0.0,0.0,0.9
서울,양천구,"재활용 가능자원 분리배출",폐섬유류,EMPTY,0.0,0.0,0.0,0.0
서울,양천구,"재활용 가능자원 분리배출",폐형광등,EMPTY,0.3,0.0,0.0,0.3
서울,양천구,"재활용 가능자원 분리배출",폐전지류,EMPTY,0.1,0.0,0.0,0.1
서울,양천구,"재활용 가능자원 분리배출",영농폐기물,농약용기류,0.0,0.0,0.0,0.0
서울,양천구,"재활용 가능자원 분리배출",영농폐기물,폐비닐,0.0,0.0,0.0,0.0
서울,양천구,"재활용 가능자원 분리배출",폐식용유,EMPTY,0.0,0.0,0.0,0.0
서울,양천구,"재활용 가능자원 분리배출",폐전기전자제품,EMPTY,0.6,0.0,0.0,0.6
서울,양천구,"재활용 가능자원 분리배출",폐가구류,EMPTY,0.0,0.0,0.0,0.0
서울,양천구,"재활용 가능자원 분리배출",기타,EMPTY,0.0,0.0,0.0,0.0
서울,양천구,"재활용 가능자원 분리배출",재활용 잔재물,EMPTY,7.4,0.0,7.4,0.0
서울,양천구,음식물류 폐기물 분리배출,EMPTY,EMPTY,113.7,0.0,0.0,113.7
서울,강서구,종량제방식 등 혼합배출,가연성,폐지류,46.3,14.0,32.3,0.0
서울,강서구,종량제방식 등 혼합배출,가연성,폐합성수지류,27.1,0.0,27.1,0.0
서울,강서구,종량제방식 등 혼합배출,가연성,폐고무류,0.9,0.0,0.9,0.0
서울,강서구,종량제방식 등 혼합배출,가연성,폐섬유류,2.6,0.8,1.8,0.0
서울,강서구,종량제방식 등 혼합배출,가연성,음식물류 폐기물,3.6,1.1,2.5,0.0
서울,강서구,종량제방식 등 혼합배출,가연성,폐목재류,1.6,0.5,1.1,0.0
서울,강서구,종량제방식 등 혼합배출,가연성,기타,54.4,16.4,38.0,0.0
서울,강서구,종량제방식 등 혼합배출,불연성,폐금속류,1.4,0.4,1.0,0.0
서울,강서구,종량제방식 등 혼합배출,불연성,폐유리류,2.9,0.9,2.0,0.0
서울,강서구,종량제방식 등 혼합배출,불연성,폐토사류,0.6,0.2,0.4,0.0
서울,강서구,종량제방식 등 혼합배출,불연성,폐타일 및 도자기류,0.7,0.2,0.5,0.0
서울,강서구,종량제방식 등 혼합배출,불연성,연탄재,0.0,0.0,0.0,0.0
서울,강서구,종량제방식 등 혼합배출,불연성,기타,3.9,1.2,2.7,0.0
서울,강서구,종량제방식 등 혼합배출,건설폐재류,EMPTY,0.0,0.0,0.0,0.0
서울,강서구,종량제방식 등 혼합배출,기타(배출불명등),EMPTY,0.0,0.0,0.0,0.0
서울,강서구,"재활용 가능자원 분리배출",폐지류,종이팩,0.0,0.0,0.0,0.0
서울,강서구,"재활용 가능자원 분리배출",폐지류,기타,48.0,0.0,0.0,48.0
서울,강서구,"재활용 가능자원 분리배출",고철류,EMPTY,0.6,0.0,0.0,0.6
서울,강서구,"재활용 가능자원 분리배출",금속캔,EMPTY,1.7,0.0,0.0,1.7
서울,강서구,"재활용 가능자원 분리배출",폐합성수지류,비닐류,1.4,0.0,0.0,1.4
서울,강서구,"재활용 가능자원 분리배출",폐합성수지류,발포수지류,0.9,0.0,0.0,0.9
서울,강서구,"재활용 가능자원 분리배출",폐합성수지류,PET병,6.6,0.0,0.0,6.6
서울,강서구,"재활용 가능자원 분리배출",폐합성수지류,기타,3.3,0.0,0.0,3.3
서울,강서구,"재활용 가능자원 분리배출",폐고무류,EMPTY,0.0,0.0,0.0,0.0
서울,강서구,"재활용 가능자원 분리배출",폐유리병류,EMPTY,7.8,0.0,0.0,7.8
서울,강서구,"재활용 가능자원 분리배출",폐의류,EMPTY,2.7,0.0,0.0,2.7
서울,강서구,"재활용 가능자원 분리배출",폐섬유류,EMPTY,0.0,0.0,0.0,0.0
서울,강서구,"재활용 가능자원 분리배출",폐형광등,EMPTY,1.0,0.0,0.0,1.0
서울,강서구,"재활용 가능자원 분리배출",폐전지류,EMPTY,0.1,0.0,0.0,0.1
서울,강서구,"재활용 가능자원 분리배출",영농폐기물,농약용기류,0.0,0.0,0.0,0.0
서울,강서구,"재활용 가능자원 분리배출",영농폐기물,폐비닐,0.0,0.0,0.0,0.0
서울,강서구,"재활용 가능자원 분리배출",폐식용유,EMPTY,1.8,0.0,0.0,1.8
서울,강서구,"재활용 가능자원 분리배출",폐전기전자제품,EMPTY,2.1,0.0,0.0,2.1
서울,강서구,"재활용 가능자원 분리배출",폐가구류,EMPTY,0.0,0.0,0.0,0.0
서울,강서구,"재활용 가능자원 분리배출",기타,EMPTY,0.0,0.0,0.0,0.0
서울,강서구,"재활용 가능자원 분리배출",재활용 잔재물,EMPTY,47.6,0.0,0.0,47.6
서울,강서구,음식물류 폐기물 분리배출,EMPTY,EMPTY,149.8,0.0,0.0,149.8
서울,구로구,종량제방식 등 혼합배출,가연성,폐지류,49.0,9.8,39.2,0.0
서울,구로구,종량제방식 등 혼합배출,가연성,폐합성수지류,0.4,0.1,0.3,0.0
서울,구로구,종량제방식 등 혼합배출,가연성,폐고무류,0.9,0.2,0.7,0.0
서울,구로구,종량제방식 등 혼합배출,가연성,폐섬유류,2.6,0.5,2.1,0.0
서울,구로구,종량제방식 등 혼합배출,가연성,음식물류 폐기물,3.8,0.8,3.0,0.0
서울,구로구,종량제방식 등 혼합배출,가연성,폐목재류,1.7,0.3,1.4,0.0
서울,구로구,종량제방식 등 혼합배출,가연성,기타,95.9,19.2,76.7,0.0
서울,구로구,종량제방식 등 혼합배출,불연성,폐금속류,0.0,0.0,0.0,0.0
서울,구로구,종량제방식 등 혼합배출,불연성,폐유리류,0.0,0.0,0.0,0.0
서울,구로구,종량제방식 등 혼합배출,불연성,폐토사류,0.0,0.0,0.0,0.0
서울,구로구,종량제방식 등 혼합배출,불연성,폐타일 및 도자기류,0.0,0.0,0.0,0.0
서울,구로구,종량제방식 등 혼합배출,불연성,연탄재,0.0,0.0,0.0,0.0
서울,구로구,종량제방식 등 혼합배출,불연성,기타,0.0,0.0,0.0,0.0
서울,구로구,종량제방식 등 혼합배출,건설폐재류,EMPTY,0.0,0.0,0.0,0.0
서울,구로구,종량제방식 등 혼합배출,기타(배출불명등),EMPTY,0.0,0.0,0.0,0.0
서울,구로구,"재활용 가능자원 분리배출",폐지류,종이팩,0.0,0.0,0.0,0.0
서울,구로구,"재활용 가능자원 분리배출",폐지류,기타,4.3,0.0,0.0,4.3
서울,구로구,"재활용 가능자원 분리배출",고철류,EMPTY,1.9,0.0,0.0,1.9
서울,구로구,"재활용 가능자원 분리배출",금속캔,EMPTY,1.8,0.0,0.0,1.8
서울,구로구,"재활용 가능자원 분리배출",폐합성수지류,비닐류,35.3,0.0,0.0,35.3
서울,구로구,"재활용 가능자원 분리배출",폐합성수지류,발포수지류,0.0,0.0,0.0,0.0
서울,구로구,"재활용 가능자원 분리배출",폐합성수지류,PET병,1.6,0.0,0.0,1.6
서울,구로구,"재활용 가능자원 분리배출",폐합성수지류,기타,6.1,0.0,0.0,6.1
서울,구로구,"재활용 가능자원 분리배출",폐고무류,EMPTY,0.0,0.0,0.0,0.0
서울,구로구,"재활용 가능자원 분리배출",폐유리병류,EMPTY,3.6,0.0,0.0,3.6
서울,구로구,"재활용 가능자원 분리배출",폐의류,EMPTY,1.3,0.0,0.0,1.3
서울,구로구,"재활용 가능자원 분리배출",폐섬유류,EMPTY,0.0,0.0,0.0,0.0
서울,구로구,"재활용 가능자원 분리배출",폐형광등,EMPTY,1.2,0.0,0.0,1.2
서울,구로구,"재활용 가능자원 분리배출",폐전지류,EMPTY,0.1,0.0,0.0,0.1
서울,구로구,"재활용 가능자원 분리배출",영농폐기물,농약용기류,0.0,0.0,0.0,0.0
서울,구로구,"재활용 가능자원 분리배출",영농폐기물,폐비닐,0.0,0.0,0.0,0.0
서울,구로구,"재활용 가능자원 분리배출",폐식용유,EMPTY,0.0,0.0,0.0,0.0
서울,구로구,"재활용 가능자원 분리배출",폐전기전자제품,EMPTY,0.0,0.0,0.0,0.0
서울,구로구,"재활용 가능자원 분리배출",폐가구류,EMPTY,0.0,0.0,0.0,0.0
서울,구로구,"재활용 가능자원 분리배출",기타,EMPTY,0.0,0.0,0.0,0.0
서울,구로구,"재활용 가능자원 분리배출",재활용 잔재물,EMPTY,7.6,0.0,0.0,7.6
서울,구로구,음식물류 폐기물 분리배출,EMPTY,EMPTY,87.2,0.0,0.0,87.2
서울,금천구,종량제방식 등 혼합배출,가연성,폐지류,15.8,15.8,0.0,0.0
서울,금천구,종량제방식 등 혼합배출,가연성,폐합성수지류,14.3,14.3,0.0,0.0
서울,금천구,종량제방식 등 혼합배출,가연성,폐고무류,0.5,0.5,0.0,0.0
서울,금천구,종량제방식 등 혼합배출,가연성,폐섬유류,6.8,6.8,0.0,0.0
서울,금천구,종량제방식 등 혼합배출,가연성,음식물류 폐기물,4.9,4.9,0.0,0.0
서울,금천구,종량제방식 등 혼합배출,가연성,폐목재류,1.3,1.3,0.0,0.0
서울,금천구,종량제방식 등 혼합배출,가연성,기타,30.3,30.3,0.0,0.0
서울,금천구,종량제방식 등 혼합배출,불연성,폐금속류,1.2,1.2,0.0,0.0
서울,금천구,종량제방식 등 혼합배출,불연성,폐유리류,1.7,1.7,0.0,0.0
서울,금천구,종량제방식 등 혼합배출,불연성,폐토사류,0.2,0.2,0.0,0.0
서울,금천구,종량제방식 등 혼합배출,불연성,폐타일 및 도자기류,0.1,0.1,0.0,0.0
서울,금천구,종량제방식 등 혼합배출,불연성,연탄재,0.0,0.0,0.0,0.0
서울,금천구,종량제방식 등 혼합배출,불연성,기타,2.2,2.2,0.0,0.0
서울,금천구,종량제방식 등 혼합배출,건설폐재류,EMPTY,0.0,0.0,0.0,0.0
서울,금천구,종량제방식 등 혼합배출,기타(배출불명등),EMPTY,0.0,0.0,0.0,0.0
서울,금천구,"재활용 가능자원 분리배출",폐지류,종이팩,2.3,0.0,0.0,2.3
서울,금천구,"재활용 가능자원 분리배출",폐지류,기타,12.8,0.0,0.0,12.8
서울,금천구,"재활용 가능자원 분리배출",고철류,EMPTY,0.9,0.0,0.0,0.9
서울,금천구,"재활용 가능자원 분리배출",금속캔,EMPTY,1.1,0.0,0.0,1.1
서울,금천구,"재활용 가능자원 분리배출",폐합성수지류,비닐류,5.5,0.0,0.0,5.5
서울,금천구,"재활용 가능자원 분리배출",폐합성수지류,발포수지류,0.7,0.0,0.0,0.7
서울,금천구,"재활용 가능자원 분리배출",폐합성수지류,PET병,9.5,0.0,0.0,9.5
서울,금천구,"재활용 가능자원 분리배출",폐합성수지류,기타,3.1,0.0,0.0,3.1
서울,금천구,"재활용 가능자원 분리배출",폐고무류,EMPTY,0.0,0.0,0.0,0.0
서울,금천구,"재활용 가능자원 분리배출",폐유리병류,EMPTY,2.2,0.0,0.0,2.2
서울,금천구,"재활용 가능자원 분리배출",폐의류,EMPTY,2.5,0.0,0.0,2.5
서울,금천구,"재활용 가능자원 분리배출",폐섬유류,EMPTY,1.1,0.0,0.0,1.1
서울,금천구,"재활용 가능자원 분리배출",폐형광등,EMPTY,0.1,0.0,0.0,0.1
서울,금천구,"재활용 가능자원 분리배출",폐전지류,EMPTY,0.0,0.0,0.0,0.0
서울,금천구,"재활용 가능자원 분리배출",영농폐기물,농약용기류,0.0,0.0,0.0,0.0
서울,금천구,"재활용 가능자원 분리배출",영농폐기물,폐비닐,2.2,0.0,0.0,2.2
서울,금천구,"재활용 가능자원 분리배출",폐식용유,EMPTY,0.0,0.0,0.0,0.0
서울,금천구,"재활용 가능자원 분리배출",폐전기전자제품,EMPTY,0.2,0.0,0.0,0.2
서울,금천구,"재활용 가능자원 분리배출",폐가구류,EMPTY,8.8,0.0,0.0,8.8
서울,금천구,"재활용 가능자원 분리배출",기타,EMPTY,0.5,0.0,0.0,0.5
서울,금천구,"재활용 가능자원 분리배출",재활용 잔재물,EMPTY,20.1,9.3,0.0,10.8
서울,금천구,음식물류 폐기물 분리배출,EMPTY,EMPTY,58.9,0.0,0.0,58.9
서울,영등포구,종량제방식 등 혼합배출,가연성,폐지류,39.3,7.8,31.5,0.0
서울,영등포구,종량제방식 등 혼합배출,가연성,폐합성수지류,23.1,4.6,18.5,0.0
서울,영등포구,종량제방식 등 혼합배출,가연성,폐고무류,0.7,0.1,0.6,0.0
서울,영등포구,종량제방식 등 혼합배출,가연성,폐섬유류,2.1,0.4,1.7,0.0
서울,영등포구,종량제방식 등 혼합배출,가연성,음식물류 폐기물,3.0,0.6,2.4,0.0
서울,영등포구,종량제방식 등 혼합배출,가연성,폐목재류,13.7,0.3,1.1,12.3
서울,영등포구,종량제방식 등 혼합배출,가연성,기타,46.3,9.2,37.1,0.0
서울,영등포구,종량제방식 등 혼합배출,불연성,폐금속류,1.2,0.2,1.0,0.0
서울,영등포구,종량제방식 등 혼합배출,불연성,폐유리류,2.5,0.5,2.0,0.0
서울,영등포구,종량제방식 등 혼합배출,불연성,폐토사류,0.5,0.1,0.4,0.0
서울,영등포구,종량제방식 등 혼합배출,불연성,폐타일 및 도자기류,0.5,0.1,0.4,0.0
서울,영등포구,종량제방식 등 혼합배출,불연성,연탄재,0.0,0.0,0.0,0.0
서울,영등포구,종량제방식 등 혼합배출,불연성,기타,3.2,0.6,2.6,0.0
서울,영등포구,종량제방식 등 혼합배출,건설폐재류,EMPTY,2.4,2.4,0.0,0.0
서울,영등포구,종량제방식 등 혼합배출,기타(배출불명등),EMPTY,20.7,20.7,0.0,0.0
서울,영등포구,"재활용 가능자원 분리배출",폐지류,종이팩,0.6,0.0,0.0,0.6
서울,영등포구,"재활용 가능자원 분리배출",폐지류,기타,4.8,0.0,0.0,4.8
서울,영등포구,"재활용 가능자원 분리배출",고철류,EMPTY,1.9,0.0,0.0,1.9
서울,영등포구,"재활용 가능자원 분리배출",금속캔,EMPTY,5.1,0.0,0.0,5.1
서울,영등포구,"재활용 가능자원 분리배출",폐합성수지류,비닐류,8.2,0.0,0.0,8.2
서울,영등포구,"재활용 가능자원 분리배출",폐합성수지류,발포수지류,0.9,0.0,0.0,0.9
서울,영등포구,"재활용 가능자원 분리배출",폐합성수지류,PET병,5.5,0.0,0.0,5.5
서울,영등포구,"재활용 가능자원 분리배출",폐합성수지류,기타,17.3,0.0,0.0,17.3
서울,영등포구,"재활용 가능자원 분리배출",폐고무류,EMPTY,0.0,0.0,0.0,0.0
서울,영등포구,"재활용 가능자원 분리배출",폐유리병류,EMPTY,11.9,0.0,0.0,11.9
서울,영등포구,"재활용 가능자원 분리배출",폐의류,EMPTY,0.7,0.0,0.0,0.7
서울,영등포구,"재활용 가능자원 분리배출",폐섬유류,EMPTY,0.0,0.0,0.0,0.0
서울,영등포구,"재활용 가능자원 분리배출",폐형광등,EMPTY,0.1,0.0,0.0,0.1
서울,영등포구,"재활용 가능자원 분리배출",폐전지류,EMPTY,0.1,0.0,0.0,0.1
서울,영등포구,"재활용 가능자원 분리배출",영농폐기물,농약용기류,0.0,0.0,0.0,0.0
서울,영등포구,"재활용 가능자원 분리배출",영농폐기물,폐비닐,0.0,0.0,0.0,0.0
서울,영등포구,"재활용 가능자원 분리배출",폐식용유,EMPTY,0.0,0.0,0.0,0.0
서울,영등포구,"재활용 가능자원 분리배출",폐전기전자제품,EMPTY,0.5,0.0,0.0,0.5
서울,영등포구,"재활용 가능자원 분리배출",폐가구류,EMPTY,0.0,0.0,0.0,0.0
서울,영등포구,"재활용 가능자원 분리배출",기타,EMPTY,0.6,0.0,0.0,0.6
서울,영등포구,"재활용 가능자원 분리배출",재활용 잔재물,EMPTY,16.9,0.0,0.0,16.9
서울,영등포구,음식물류 폐기물 분리배출,EMPTY,EMPTY,135.9,0.0,0.0,135.9
서울,동작구,종량제방식 등 혼합배출,가연성,폐지류,27.9,6.8,21.1,0.0
서울,동작구,종량제방식 등 혼합배출,가연성,폐합성수지류,16.3,4.0,12.3,0.0
서울,동작구,종량제방식 등 혼합배출,가연성,폐고무류,0.5,0.1,0.4,0.0
서울,동작구,종량제방식 등 혼합배출,가연성,폐섬유류,1.5,0.4,1.1,0.0
서울,동작구,종량제방식 등 혼합배출,가연성,음식물류 폐기물,2.1,0.5,1.6,0.0
서울,동작구,종량제방식 등 혼합배출,가연성,폐목재류,0.9,0.2,0.7,0.0
서울,동작구,종량제방식 등 혼합배출,가연성,기타,32.7,7.9,24.8,0.0
서울,동작구,종량제방식 등 혼합배출,불연성,폐금속류,0.9,0.2,0.7,0.0
서울,동작구,종량제방식 등 혼합배출,불연성,폐유리류,1.7,0.4,1.3,0.0
서울,동작구,종량제방식 등 혼합배출,불연성,폐토사류,0.3,0.1,0.2,0.0
서울,동작구,종량제방식 등 혼합배출,불연성,폐타일 및 도자기류,0.4,0.1,0.3,0.0
서울,동작구,종량제방식 등 혼합배출,불연성,연탄재,0.0,0.0,0.0,0.0
서울,동작구,종량제방식 등 혼합배출,불연성,기타,2.1,0.5,1.6,0.0
서울,동작구,종량제방식 등 혼합배출,건설폐재류,EMPTY,0.0,0.0,0.0,0.0
서울,동작구,종량제방식 등 혼합배출,기타(배출불명등),EMPTY,0.1,0.0,0.1,0.0
서울,동작구,"재활용 가능자원 분리배출",폐지류,종이팩,0.2,0.0,0.0,0.2
서울,동작구,"재활용 가능자원 분리배출",폐지류,기타,34.9,0.0,0.0,34.9
서울,동작구,"재활용 가능자원 분리배출",고철류,EMPTY,7.5,0.0,0.0,7.5
서울,동작구,"재활용 가능자원 분리배출",금속캔,EMPTY,7.0,0.0,0.0,7.0
서울,동작구,"재활용 가능자원 분리배출",폐합성수지류,비닐류,18.8,0.0,0.0,18.8
서울,동작구,"재활용 가능자원 분리배출",폐합성수지류,발포수지류,0.5,0.0,0.0,0.5
서울,동작구,"재활용 가능자원 분리배출",폐합성수지류,PET병,2.8,0.0,0.0,2.8
서울,동작구,"재활용 가능자원 분리배출",폐합성수지류,기타,7.6,0.0,0.0,7.6
서울,동작구,"재활용 가능자원 분리배출",폐고무류,EMPTY,0.0,0.0,0.0,0.0
서울,동작구,"재활용 가능자원 분리배출",폐유리병류,EMPTY,10.4,0.0,0.0,10.4
서울,동작구,"재활용 가능자원 분리배출",폐의류,EMPTY,0.0,0.0,0.0,0.0
서울,동작구,"재활용 가능자원 분리배출",폐섬유류,EMPTY,0.0,0.0,0.0,0.0
서울,동작구,"재활용 가능자원 분리배출",폐형광등,EMPTY,0.1,0.0,0.0,0.1
서울,동작구,"재활용 가능자원 분리배출",폐전지류,EMPTY,0.1,0.0,0.0,0.1
서울,동작구,"재활용 가능자원 분리배출",영농폐기물,농약용기류,0.0,0.0,0.0,0.0
서울,동작구,"재활용 가능자원 분리배출",영농폐기물,폐비닐,0.0,0.0,0.0,0.0
서울,동작구,"재활용 가능자원 분리배출",폐식용유,EMPTY,0.0,0.0,0.0,0.0
서울,동작구,"재활용 가능자원 분리배출",폐전기전자제품,EMPTY,1.1,0.0,0.0,1.1
서울,동작구,"재활용 가능자원 분리배출",폐가구류,EMPTY,0.0,0.0,0.0,0.0
서울,동작구,"재활용 가능자원 분리배출",기타,EMPTY,0.2,0.0,0.0,0.2
서울,동작구,"재활용 가능자원 분리배출",재활용 잔재물,EMPTY,19.3,0.0,0.0,19.3
서울,동작구,음식물류 폐기물 분리배출,EMPTY,EMPTY,88.4,0.0,0.0,88.4
서울,관악구,종량제방식 등 혼합배출,가연성,폐지류,57.7,39.8,17.9,0.0
서울,관악구,종량제방식 등 혼합배출,가연성,폐합성수지류,12.7,9.4,3.3,0.0
서울,관악구,종량제방식 등 혼합배출,가연성,폐고무류,9.3,6.6,2.7,0.0
서울,관악구,종량제방식 등 혼합배출,가연성,폐섬유류,0.0,0.0,0.0,0.0
서울,관악구,종량제방식 등 혼합배출,가연성,음식물류 폐기물,7.8,5.3,2.5,0.0
서울,관악구,종량제방식 등 혼합배출,가연성,폐목재류,4.7,3.1,1.6,0.0
서울,관악구,종량제방식 등 혼합배출,가연성,기타,15.1,10.9,4.2,0.0
서울,관악구,종량제방식 등 혼합배출,불연성,폐금속류,0.6,0.3,0.3,0.0
서울,관악구,종량제방식 등 혼합배출,불연성,폐유리류,3.2,1.4,1.8,0.0
서울,관악구,종량제방식 등 혼합배출,불연성,폐토사류,0.5,0.5,0.0,0.0
서울,관악구,종량제방식 등 혼합배출,불연성,폐타일 및 도자기류,0.0,0.0,0.0,0.0
서울,관악구,종량제방식 등 혼합배출,불연성,연탄재,0.0,0.0,0.0,0.0
서울,관악구,종량제방식 등 혼합배출,불연성,기타,4.1,3.1,1.0,0.0
서울,관악구,종량제방식 등 혼합배출,건설폐재류,EMPTY,0.0,0.0,0.0,0.0
서울,관악구,종량제방식 등 혼합배출,기타(배출불명등),EMPTY,5.4,3.3,2.1,0.0
서울,관악구,"재활용 가능자원 분리배출",폐지류,종이팩,31.2,0.0,0.0,31.2
서울,관악구,"재활용 가능자원 분리배출",폐지류,기타,7.2,0.0,0.0,7.2
서울,관악구,"재활용 가능자원 분리배출",고철류,EMPTY,6.3,0.0,0.0,6.3
서울,관악구,"재활용 가능자원 분리배출",금속캔,EMPTY,3.7,0.0,0.0,3.7
서울,관악구,"재활용 가능자원 분리배출",폐합성수지류,비닐류,24.7,0.0,0.0,24.7
서울,관악구,"재활용 가능자원 분리배출",폐합성수지류,발포수지류,0.1,0.0,0.0,0.1
서울,관악구,"재활용 가능자원 분리배출",폐합성수지류,PET병,3.4,0.0,0.0,3.4
서울,관악구,"재활용 가능자원 분리배출",폐합성수지류,기타,3.1,0.0,0.0,3.1
서울,관악구,"재활용 가능자원 분리배출",폐고무류,EMPTY,0.0,0.0,0.0,0.0
서울,관악구,"재활용 가능자원 분리배출",폐유리병류,EMPTY,5.1,0.0,0.0,5.1
서울,관악구,"재활용 가능자원 분리배출",폐의류,EMPTY,0.0,0.0,0.0,0.0
서울,관악구,"재활용 가능자원 분리배출",폐섬유류,EMPTY,0.0,0.0,0.0,0.0
서울,관악구,"재활용 가능자원 분리배출",폐형광등,EMPTY,0.1,0.0,0.0,0.1
서울,관악구,"재활용 가능자원 분리배출",폐전지류,EMPTY,0.0,0.0,0.0,0.0
서울,관악구,"재활용 가능자원 분리배출",영농폐기물,농약용기류,0.0,0.0,0.0,0.0
서울,관악구,"재활용 가능자원 분리배출",영농폐기물,폐비닐,17.0,0.0,0.0,17.0
서울,관악구,"재활용 가능자원 분리배출",폐식용유,EMPTY,0.4,0.0,0.0,0.4
서울,관악구,"재활용 가능자원 분리배출",폐전기전자제품,EMPTY,1.5,0.0,0.0,1.5
서울,관악구,"재활용 가능자원 분리배출",폐가구류,EMPTY,10.1,0.0,0.0,10.1
서울,관악구,"재활용 가능자원 분리배출",기타,EMPTY,0.0,0.0,0.0,0.0
서울,관악구,"재활용 가능자원 분리배출",재활용 잔재물,EMPTY,50.9,0.0,0.0,50.9
서울,관악구,음식물류 폐기물 분리배출,EMPTY,EMPTY,90.5,0.0,0.0,90.5
서울,서초구,종량제방식 등 혼합배출,가연성,폐지류,52.8,23.9,28.9,0.0
서울,서초구,종량제방식 등 혼합배출,가연성,폐합성수지류,61.7,14.0,47.7,0.0
서울,서초구,종량제방식 등 혼합배출,가연성,폐고무류,0.9,0.4,0.5,0.0
서울,서초구,종량제방식 등 혼합배출,가연성,폐섬유류,2.9,1.3,1.6,0.0
서울,서초구,종량제방식 등 혼합배출,가연성,음식물류 폐기물,4.0,1.8,2.2,0.0
서울,서초구,종량제방식 등 혼합배출,가연성,폐목재류,8.7,0.8,7.9,0.0
서울,서초구,종량제방식 등 혼합배출,가연성,기타,62.3,28.2,34.1,0.0
서울,서초구,종량제방식 등 혼합배출,불연성,폐금속류,1.6,0.7,0.9,0.0
서울,서초구,종량제방식 등 혼합배출,불연성,폐유리류,3.3,1.5,1.8,0.0
서울,서초구,종량제방식 등 혼합배출,불연성,폐토사류,0.6,0.3,0.3,0.0
서울,서초구,종량제방식 등 혼합배출,불연성,폐타일 및 도자기류,0.7,0.3,0.4,0.0
서울,서초구,종량제방식 등 혼합배출,불연성,연탄재,0.0,0.0,0.0,0.0
서울,서초구,종량제방식 등 혼합배출,불연성,기타,4.4,2.0,2.4,0.0
서울,서초구,종량제방식 등 혼합배출,건설폐재류,EMPTY,0.0,0.0,0.0,0.0
서울,서초구,종량제방식 등 혼합배출,기타(배출불명등),EMPTY,0.0,0.0,0.0,0.0
서울,서초구,"재활용 가능자원 분리배출",폐지류,종이팩,0.0,0.0,0.0,0.0
서울,서초구,"재활용 가능자원 분리배출",폐지류,기타,23.2,0.0,0.0,23.2
서울,서초구,"재활용 가능자원 분리배출",고철류,EMPTY,0.6,0.0,0.0,0.6
서울,서초구,"재활용 가능자원 분리배출",금속캔,EMPTY,0.1,0.0,0.0,0.1
서울,서초구,"재활용 가능자원 분리배출",폐합성수지류,비닐류,35.1,0.0,0.0,35.1
서울,서초구,"재활용 가능자원 분리배출",폐합성수지류,발포수지류,0.3,0.0,0.0,0.3
서울,서초구,"재활용 가능자원 분리배출",폐합성수지류,PET병,5.7,0.0,0.0,5.7
서울,서초구,"재활용 가능자원 분리배출",폐합성수지류,기타,0.0,0.0,0.0,0.0
서울,서초구,"재활용 가능자원 분리배출",폐고무류,EMPTY,0.0,0.0,0.0,0.0
서울,서초구,"재활용 가능자원 분리배출",폐유리병류,EMPTY,6.6,0.0,0.0,6.6
서울,서초구,"재활용 가능자원 분리배출",폐의류,EMPTY,1.0,0.0,0.0,1.0
서울,서초구,"재활용 가능자원 분리배출",폐섬유류,EMPTY,0.0,0.0,0.0,0.0
서울,서초구,"재활용 가능자원 분리배출",폐형광등,EMPTY,0.2,0.0,0.0,0.2
서울,서초구,"재활용 가능자원 분리배출",폐전지류,EMPTY,0.1,0.0,0.0,0.1
서울,서초구,"재활용 가능자원 분리배출",영농폐기물,농약용기류,0.0,0.0,0.0,0.0
서울,서초구,"재활용 가능자원 분리배출",영농폐기물,폐비닐,0.0,0.0,0.0,0.0
서울,서초구,"재활용 가능자원 분리배출",폐식용유,EMPTY,2.3,0.0,0.0,2.3
서울,서초구,"재활용 가능자원 분리배출",폐전기전자제품,EMPTY,0.2,0.0,0.0,0.2
서울,서초구,"재활용 가능자원 분리배출",폐가구류,EMPTY,0.0,0.0,0.0,0.0
서울,서초구,"재활용 가능자원 분리배출",기타,EMPTY,0.0,0.0,0.0,0.0
서울,서초구,"재활용 가능자원 분리배출",재활용 잔재물,EMPTY,2.9,0.0,0.0,2.9
서울,서초구,음식물류 폐기물 분리배출,EMPTY,EMPTY,165.0,0.0,0.0,165.0
서울,강남구,종량제방식 등 혼합배출,가연성,폐지류,67.9,0.0,67.9,0.0
서울,강남구,종량제방식 등 혼합배출,가연성,폐합성수지류,47.1,0.0,47.1,0.0
서울,강남구,종량제방식 등 혼합배출,가연성,폐고무류,7.2,0.0,7.2,0.0
서울,강남구,종량제방식 등 혼합배출,가연성,폐섬유류,15.1,0.0,15.1,0.0
서울,강남구,종량제방식 등 혼합배출,가연성,음식물류 폐기물,0.0,0.0,0.0,0.0
서울,강남구,종량제방식 등 혼합배출,가연성,폐목재류,14.2,0.0,14.2,0.0
서울,강남구,종량제방식 등 혼합배출,가연성,기타,49.5,12.8,36.7,0.0
서울,강남구,종량제방식 등 혼합배출,불연성,폐금속류,8.0,4.7,3.3,0.0
서울,강남구,종량제방식 등 혼합배출,불연성,폐유리류,14.9,9.8,5.1,0.0
서울,강남구,종량제방식 등 혼합배출,불연성,폐토사류,9.9,9.9,0.0,0.0
서울,강남구,종량제방식 등 혼합배출,불연성,폐타일 및 도자기류,0.0,0.0,0.0,0.0
서울,강남구,종량제방식 등 혼합배출,불연성,연탄재,0.4,0.4,0.0,0.0
서울,강남구,종량제방식 등 혼합배출,불연성,기타,6.4,6.4,0.0,0.0
서울,강남구,종량제방식 등 혼합배출,건설폐재류,EMPTY,0.0,0.0,0.0,0.0
서울,강남구,종량제방식 등 혼합배출,기타(배출불명등),EMPTY,0.0,0.0,0.0,0.0
서울,강남구,"재활용 가능자원 분리배출",폐지류,종이팩,21.3,0.0,0.0,21.3
서울,강남구,"재활용 가능자원 분리배출",폐지류,기타,16.4,0.0,0.0,16.4
서울,강남구,"재활용 가능자원 분리배출",고철류,EMPTY,1.1,0.0,0.0,1.1
서울,강남구,"재활용 가능자원 분리배출",금속캔,EMPTY,10.4,0.0,0.0,10.4
서울,강남구,"재활용 가능자원 분리배출",폐합성수지류,비닐류,15.0,0.0,0.0,15.0
서울,강남구,"재활용 가능자원 분리배출",폐합성수지류,발포수지류,0.8,0.0,0.0,0.8
서울,강남구,"재활용 가능자원 분리배출",폐합성수지류,PET병,10.6,0.0,0.0,10.6
서울,강남구,"재활용 가능자원 분리배출",폐합성수지류,기타,18.0,0.0,0.0,18.0
서울,강남구,"재활용 가능자원 분리배출",폐고무류,EMPTY,0.0,0.0,0.0,0.0
서울,강남구,"재활용 가능자원 분리배출",폐유리병류,EMPTY,7.2,0.0,0.0,7.2
서울,강남구,"재활용 가능자원 분리배출",폐의류,EMPTY,0.0,0.0,0.0,0.0
서울,강남구,"재활용 가능자원 분리배출",폐섬유류,EMPTY,0.0,0.0,0.0,0.0
서울,강남구,"재활용 가능자원 분리배출",폐형광등,EMPTY,5.2,0.0,0.0,5.2
서울,강남구,"재활용 가능자원 분리배출",폐전지류,EMPTY,0.0,0.0,0.0,0.0
서울,강남구,"재활용 가능자원 분리배출",영농폐기물,농약용기류,0.0,0.0,0.0,0.0
서울,강남구,"재활용 가능자원 분리배출",영농폐기물,폐비닐,0.0,0.0,0.0,0.0
서울,강남구,"재활용 가능자원 분리배출",폐식용유,EMPTY,20.4,0.0,0.0,20.4
서울,강남구,"재활용 가능자원 분리배출",폐전기전자제품,EMPTY,0.0,0.0,0.0,0.0
서울,강남구,"재활용 가능자원 분리배출",폐가구류,EMPTY,0.9,0.0,0.0,0.9
서울,강남구,"재활용 가능자원 분리배출",기타,EMPTY,2.9,0.0,0.0,2.9
서울,강남구,"재활용 가능자원 분리배출",재활용 잔재물,EMPTY,45.5,0.0,0.0,45.5
서울,강남구,음식물류 폐기물 분리배출,EMPTY,EMPTY,96.3,0.0,0.0,96.3
서울,송파구,종량제방식 등 혼합배출,가연성,폐지류,51.2,25.5,25.7,0.0
서울,송파구,종량제방식 등 혼합배출,가연성,폐합성수지류,30.1,15.0,15.1,0.0
서울,송파구,종량제방식 등 혼합배출,가연성,폐고무류,1.0,0.5,0.5,0.0
서울,송파구,종량제방식 등 혼합배출,가연성,폐섬유류,2.8,1.4,1.4,0.0
서울,송파구,종량제방식 등 혼합배출,가연성,음식물류 폐기물,4.0,2.0,2.0,0.0
서울,송파구,종량제방식 등 혼합배출,가연성,폐목재류,1.8,0.9,0.9,0.0
서울,송파구,종량제방식 등 혼합배출,가연성,기타,60.4,30.1,30.3,0.0
서울,송파구,종량제방식 등 혼합배출,불연성,폐금속류,1.6,0.8,0.8,0.0
서울,송파구,종량제방식 등 혼합배출,불연성,폐유리류,3.2,1.6,1.6,0.0
서울,송파구,종량제방식 등 혼합배출,불연성,폐토사류,0.6,0.3,0.3,0.0
서울,송파구,종량제방식 등 혼합배출,불연성,폐타일 및 도자기류,0.8,0.4,0.4,0.0
서울,송파구,종량제방식 등 혼합배출,불연성,연탄재,0.0,0.0,0.0,0.0
서울,송파구,종량제방식 등 혼합배출,불연성,기타,4.2,2.1,2.1,0.0
서울,송파구,종량제방식 등 혼합배출,건설폐재류,EMPTY,2.0,0.0,0.0,0.0
서울,송파구,종량제방식 등 혼합배출,기타(배출불명등),EMPTY,0.0,0.0,0.0,0.0
서울,송파구,"재활용 가능자원 분리배출",폐지류,종이팩,0.0,0.0,0.0,0.0
서울,송파구,"재활용 가능자원 분리배출",폐지류,기타,24.7,0.0,0.0,24.7
서울,송파구,"재활용 가능자원 분리배출",고철류,EMPTY,0.3,0.0,0.0,0.3
서울,송파구,"재활용 가능자원 분리배출",금속캔,EMPTY,2.0,0.0,0.0,2.0
서울,송파구,"재활용 가능자원 분리배출",폐합성수지류,비닐류,11.2,0.0,0.0,11.2
서울,송파구,"재활용 가능자원 분리배출",폐합성수지류,발포수지류,1.0,0.0,0.0,1.0
서울,송파구,"재활용 가능자원 분리배출",폐합성수지류,PET병,7.1,0.0,0.0,7.1
서울,송파구,"재활용 가능자원 분리배출",폐합성수지류,기타,5.1,0.0,0.0,5.1
서울,송파구,"재활용 가능자원 분리배출",폐고무류,EMPTY,0.0,0.0,0.0,0.0
서울,송파구,"재활용 가능자원 분리배출",폐유리병류,EMPTY,7.1,0.0,0.0,7.1
서울,송파구,"재활용 가능자원 분리배출",폐의류,EMPTY,4.6,0.0,0.0,4.6
서울,송파구,"재활용 가능자원 분리배출",폐섬유류,EMPTY,0.0,0.0,0.0,0.0
서울,송파구,"재활용 가능자원 분리배출",폐형광등,EMPTY,0.6,0.0,0.0,0.6
서울,송파구,"재활용 가능자원 분리배출",폐전지류,EMPTY,0.2,0.0,0.0,0.2
서울,송파구,"재활용 가능자원 분리배출",영농폐기물,농약용기류,0.0,0.0,0.0,0.0
서울,송파구,"재활용 가능자원 분리배출",영농폐기물,폐비닐,0.0,0.0,0.0,0.0
서울,송파구,"재활용 가능자원 분리배출",폐식용유,EMPTY,2.4,0.0,0.0,2.4
서울,송파구,"재활용 가능자원 분리배출",폐전기전자제품,EMPTY,0.4,0.0,0.0,0.4
서울,송파구,"재활용 가능자원 분리배출",폐가구류,EMPTY,0.0,0.0,0.0,0.0
서울,송파구,"재활용 가능자원 분리배출",기타,EMPTY,3.0,0.0,0.0,3.0
서울,송파구,"재활용 가능자원 분리배출",재활용 잔재물,EMPTY,61.5,0.0,0.0,61.5
서울,송파구,음식물류 폐기물 분리배출,EMPTY,EMPTY,356.2,0.0,0.0,356.2
서울,강동구,종량제방식 등 혼합배출,가연성,폐지류,21.3,8.3,13.0,0.0
서울,강동구,종량제방식 등 혼합배출,가연성,폐합성수지류,31.6,7.5,24.1,0.0
서울,강동구,종량제방식 등 혼합배출,가연성,폐고무류,0.7,0.3,0.4,0.0
서울,강동구,종량제방식 등 혼합배출,가연성,폐섬유류,4.6,1.8,2.8,0.0
서울,강동구,종량제방식 등 혼합배출,가연성,음식물류 폐기물,6.7,2.6,4.1,0.0
서울,강동구,종량제방식 등 혼합배출,가연성,폐목재류,16.2,0.7,1.1,14.4
서울,강동구,종량제방식 등 혼합배출,가연성,기타,41.8,15.9,24.9,0.0
서울,강동구,종량제방식 등 혼합배출,불연성,폐금속류,1.6,0.6,1.0,0.0
서울,강동구,종량제방식 등 혼합배출,불연성,폐유리류,2.3,0.9,1.4,0.0
서울,강동구,종량제방식 등 혼합배출,불연성,폐토사류,0.3,0.1,0.2,0.0
서울,강동구,종량제방식 등 혼합배출,불연성,폐타일 및 도자기류,0.2,0.1,0.1,0.0
서울,강동구,종량제방식 등 혼합배출,불연성,연탄재,0.0,0.0,0.0,0.0
서울,강동구,종량제방식 등 혼합배출,불연성,기타,2.9,1.1,1.8,0.0
서울,강동구,종량제방식 등 혼합배출,건설폐재류,EMPTY,0.0,0.0,0.0,0.0
서울,강동구,종량제방식 등 혼합배출,기타(배출불명등),EMPTY,0.0,0.0,0.0,0.0
서울,강동구,"재활용 가능자원 분리배출",폐지류,종이팩,0.2,0.0,0.0,0.2
서울,강동구,"재활용 가능자원 분리배출",폐지류,기타,52.1,0.0,0.0,52.1
서울,강동구,"재활용 가능자원 분리배출",고철류,EMPTY,6.0,0.0,0.0,6.0
서울,강동구,"재활용 가능자원 분리배출",금속캔,EMPTY,12.2,0.0,0.0,12.2
서울,강동구,"재활용 가능자원 분리배출",폐합성수지류,비닐류,17.7,0.0,0.0,17.7
서울,강동구,"재활용 가능자원 분리배출",폐합성수지류,발포수지류,13.4,0.0,0.0,13.4
서울,강동구,"재활용 가능자원 분리배출",폐합성수지류,PET병,2.9,0.0,0.0,2.9
서울,강동구,"재활용 가능자원 분리배출",폐합성수지류,기타,9.0,0.0,0.0,9.0
서울,강동구,"재활용 가능자원 분리배출",폐고무류,EMPTY,0.0,0.0,0.0,0.0
서울,강동구,"재활용 가능자원 분리배출",폐유리병류,EMPTY,18.8,0.0,0.0,18.8
서울,강동구,"재활용 가능자원 분리배출",폐의류,EMPTY,0.6,0.0,0.0,0.6
서울,강동구,"재활용 가능자원 분리배출",폐섬유류,EMPTY,0.0,0.0,0.0,0.0
서울,강동구,"재활용 가능자원 분리배출",폐형광등,EMPTY,0.5,0.0,0.0,0.5
서울,강동구,"재활용 가능자원 분리배출",폐전지류,EMPTY,0.0,0.0,0.0,0.0
서울,강동구,"재활용 가능자원 분리배출",영농폐기물,농약용기류,0.0,0.0,0.0,0.0
서울,강동구,"재활용 가능자원 분리배출",영농폐기물,폐비닐,0.0,0.0,0.0,0.0
서울,강동구,"재활용 가능자원 분리배출",폐식용유,EMPTY,0.0,0.0,0.0,0.0
서울,강동구,"재활용 가능자원 분리배출",폐전기전자제품,EMPTY,0.0,0.0,0.0,0.0
서울,강동구,"재활용 가능자원 분리배출",폐가구류,EMPTY,0.0,0.0,0.0,0.0
서울,강동구,"재활용 가능자원 분리배출",기타,EMPTY,0.0,0.0,0.0,0.0
서울,강동구,"재활용 가능자원 분리배출",재활용 잔재물,EMPTY,1.0,0.0,0.0,1.0
서울,강동구,음식물류 폐기물 분리배출,EMPTY,EMPTY,111.6,0.0,0.0,111.6
부산,중구,종량제방식 등 혼합배출,가연성,폐지류,10.6,2.3,3.1,5.2
부산,중구,종량제방식 등 혼합배출,가연성,폐합성수지류,14.6,3.4,1.6,9.6
부산,중구,종량제방식 등 혼합배출,가연성,폐고무류,4.5,0.2,0.9,3.4
부산,중구,종량제방식 등 혼합배출,가연성,폐섬유류,0.0,0.0,0.0,0.0
부산,중구,종량제방식 등 혼합배출,가연성,음식물류 폐기물,3.9,1.8,1.4,0.7
부산,중구,종량제방식 등 혼합배출,가연성,폐목재류,0.8,0.2,0.4,0.2
부산,중구,종량제방식 등 혼합배출,가연성,기타,1.2,0.9,0.0,0.3
부산,중구,종량제방식 등 혼합배출,불연성,폐금속류,0.9,0.2,0.6,0.1
부산,중구,종량제방식 등 혼합배출,불연성,폐유리류,0.9,0.3,0.6,0.0
부산,중구,종량제방식 등 혼합배출,불연성,폐토사류,0.0,0.0,0.0,0.0
부산,중구,종량제방식 등 혼합배출,불연성,폐타일 및 도자기류,0.0,0.0,0.0,0.0
부산,중구,종량제방식 등 혼합배출,불연성,연탄재,0.0,0.0,0.0,0.0
부산,중구,종량제방식 등 혼합배출,불연성,기타,1.4,1.1,0.3,0.0
부산,중구,종량제방식 등 혼합배출,건설폐재류,EMPTY,0.0,0.0,0.0,0.0
부산,중구,종량제방식 등 혼합배출,기타(배출불명등),EMPTY,0.0,0.0,0.0,0.0
부산,중구,"재활용 가능자원 분리배출",폐지류,종이팩,0.0,0.0,0.0,0.0
부산,중구,"재활용 가능자원 분리배출",폐지류,기타,5.9,0.0,0.0,5.9
부산,중구,"재활용 가능자원 분리배출",고철류,EMPTY,1.1,0.0,0.0,1.1
부산,중구,"재활용 가능자원 분리배출",금속캔,EMPTY,1.2,0.0,0.0,1.2
부산,중구,"재활용 가능자원 분리배출",폐합성수지류,비닐류,1.0,0.0,0.0,1.0
부산,중구,"재활용 가능자원 분리배출",폐합성수지류,발포수지류,0.3,0.0,0.0,0.3
부산,중구,"재활용 가능자원 분리배출",폐합성수지류,PET병,0.6,0.0,0.0,0.6
부산,중구,"재활용 가능자원 분리배출",폐합성수지류,기타,1.4,0.0,0.0,1.4
부산,중구,"재활용 가능자원 분리배출",폐고무류,EMPTY,0.0,0.0,0.0,0.0
부산,중구,"재활용 가능자원 분리배출",폐유리병류,EMPTY,1.8,0.0,0.0,1.8
부산,중구,"재활용 가능자원 분리배출",폐의류,EMPTY,0.1,0.0,0.0,0.1
부산,중구,"재활용 가능자원 분리배출",폐섬유류,EMPTY,0.0,0.0,0.0,0.0
부산,중구,"재활용 가능자원 분리배출",폐형광등,EMPTY,0.0,0.0,0.0,0.0
부산,중구,"재활용 가능자원 분리배출",폐전지류,EMPTY,0.0,0.0,0.0,0.0
부산,중구,"재활용 가능자원 분리배출",영농폐기물,농약용기류,0.0,0.0,0.0,0.0
부산,중구,"재활용 가능자원 분리배출",영농폐기물,폐비닐,0.0,0.0,0.0,0.0
부산,중구,"재활용 가능자원 분리배출",폐식용유,EMPTY,0.0,0.0,0.0,0.0
부산,중구,"재활용 가능자원 분리배출",폐전기전자제품,EMPTY,0.5,0.0,0.0,0.5
부산,중구,"재활용 가능자원 분리배출",폐가구류,EMPTY,0.0,0.0,0.0,0.0
부산,중구,"재활용 가능자원 분리배출",기타,EMPTY,0.3,0.0,0.0,0.3
부산,중구,"재활용 가능자원 분리배출",재활용 잔재물,EMPTY,4.4,0.0,4.4,0.0
부산,중구,음식물류 폐기물 분리배출,EMPTY,EMPTY,13.1,0.0,0.0,13.1
부산,서구,종량제방식 등 혼합배출,가연성,폐지류,7.0,1.2,2.2,3.6
부산,서구,종량제방식 등 혼합배출,가연성,폐합성수지류,9.5,1.8,1.1,6.6
부산,서구,종량제방식 등 혼합배출,가연성,폐고무류,3.1,0.1,0.6,2.4
부산,서구,종량제방식 등 혼합배출,가연성,폐섬유류,0.0,0.0,0.0,0.0
부산,서구,종량제방식 등 혼합배출,가연성,음식물류 폐기물,2.4,0.9,1.0,0.5
부산,서구,종량제방식 등 혼합배출,가연성,폐목재류,0.5,0.1,0.3,0.1
부산,서구,종량제방식 등 혼합배출,가연성,기타,0.7,0.5,0.0,0.2
부산,서구,종량제방식 등 혼합배출,불연성,폐금속류,0.6,0.1,0.4,0.1
부산,서구,종량제방식 등 혼합배출,불연성,폐유리류,0.6,0.2,0.4,0.0
부산,서구,종량제방식 등 혼합배출,불연성,폐토사류,0.0,0.0,0.0,0.0
부산,서구,종량제방식 등 혼합배출,불연성,폐타일 및 도자기류,0.0,0.0,0.0,0.0
부산,서구,종량제방식 등 혼합배출,불연성,연탄재,0.0,0.0,0.0,0.0
부산,서구,종량제방식 등 혼합배출,불연성,기타,0.8,0.6,0.2,0.0
부산,서구,종량제방식 등 혼합배출,건설폐재류,EMPTY,0.0,0.0,0.0,0.0
부산,서구,종량제방식 등 혼합배출,기타(배출불명등),EMPTY,0.0,0.0,0.0,0.0
부산,서구,"재활용 가능자원 분리배출",폐지류,종이팩,0.0,0.0,0.0,0.0
부산,서구,"재활용 가능자원 분리배출",폐지류,기타,17.1,0.0,0.0,17.1
부산,서구,"재활용 가능자원 분리배출",고철류,EMPTY,5.0,0.0,0.0,5.0
부산,서구,"재활용 가능자원 분리배출",금속캔,EMPTY,2.7,0.0,0.0,2.7
부산,서구,"재활용 가능자원 분리배출",폐합성수지류,비닐류,7.0,0.0,0.0,7.0
부산,서구,"재활용 가능자원 분리배출",폐합성수지류,발포수지류,4.4,0.0,0.0,4.4
부산,서구,"재활용 가능자원 분리배출",폐합성수지류,PET병,1.4,0.0,0.0,1.4
부산,서구,"재활용 가능자원 분리배출",폐합성수지류,기타,4.7,0.0,0.0,4.7
부산,서구,"재활용 가능자원 분리배출",폐고무류,EMPTY,0.0,0.0,0.0,0.0
부산,서구,"재활용 가능자원 분리배출",폐유리병류,EMPTY,2.1,0.0,0.0,2.1
부산,서구,"재활용 가능자원 분리배출",폐의류,EMPTY,0.4,0.0,0.0,0.4
부산,서구,"재활용 가능자원 분리배출",폐섬유류,EMPTY,0.0,0.0,0.0,0.0
부산,서구,"재활용 가능자원 분리배출",폐형광등,EMPTY,0.1,0.0,0.0,0.1
부산,서구,"재활용 가능자원 분리배출",폐전지류,EMPTY,0.0,0.0,0.0,0.0
부산,서구,"재활용 가능자원 분리배출",영농폐기물,농약용기류,0.0,0.0,0.0,0.0
부산,서구,"재활용 가능자원 분리배출",영농폐기물,폐비닐,0.0,0.0,0.0,0.0
부산,서구,"재활용 가능자원 분리배출",폐식용유,EMPTY,0.0,0.0,0.0,0.0
부산,서구,"재활용 가능자원 분리배출",폐전기전자제품,EMPTY,0.6,0.0,0.0,0.6
부산,서구,"재활용 가능자원 분리배출",폐가구류,EMPTY,0.0,0.0,0.0,0.0
부산,서구,"재활용 가능자원 분리배출",기타,EMPTY,1.0,0.0,0.0,1.0
부산,서구,"재활용 가능자원 분리배출",재활용 잔재물,EMPTY,5.2,0.0,5.2,0.0
부산,서구,음식물류 폐기물 분리배출,EMPTY,EMPTY,22.2,0.0,0.0,22.2
부산,동구,종량제방식 등 혼합배출,가연성,폐지류,7.3,1.1,2.5,3.7
부산,동구,종량제방식 등 혼합배출,가연성,폐합성수지류,9.8,1.6,1.3,6.9
부산,동구,종량제방식 등 혼합배출,가연성,폐고무류,3.3,0.1,0.7,2.5
부산,동구,종량제방식 등 혼합배출,가연성,폐섬유류,0.0,0.0,0.0,0.0
부산,동구,종량제방식 등 혼합배출,가연성,음식물류 폐기물,2.5,0.8,1.2,0.5
부산,동구,종량제방식 등 혼합배출,가연성,폐목재류,0.5,0.1,0.3,0.1
부산,동구,종량제방식 등 혼합배출,가연성,기타,0.6,0.4,0.0,0.2
부산,동구,종량제방식 등 혼합배출,불연성,폐금속류,0.7,0.1,0.5,0.1
부산,동구,종량제방식 등 혼합배출,불연성,폐유리류,0.7,0.2,0.5,0.0
부산,동구,종량제방식 등 혼합배출,불연성,폐토사류,0.0,0.0,0.0,0.0
부산,동구,종량제방식 등 혼합배출,불연성,폐타일 및 도자기류,0.0,0.0,0.0,0.0
부산,동구,종량제방식 등 혼합배출,불연성,연탄재,0.0,0.0,0.0,0.0
부산,동구,종량제방식 등 혼합배출,불연성,기타,0.7,0.5,0.2,0.0
부산,동구,종량제방식 등 혼합배출,건설폐재류,EMPTY,0.0,0.0,0.0,0.0
부산,동구,종량제방식 등 혼합배출,기타(배출불명등),EMPTY,0.0,0.0,0.0,0.0
부산,동구,"재활용 가능자원 분리배출",폐지류,종이팩,0.0,0.0,0.0,0.0
부산,동구,"재활용 가능자원 분리배출",폐지류,기타,14.5,0.0,0.0,14.5
부산,동구,"재활용 가능자원 분리배출",고철류,EMPTY,6.4,0.0,0.0,6.4
부산,동구,"재활용 가능자원 분리배출",금속캔,EMPTY,2.2,0.0,0.0,2.2
부산,동구,"재활용 가능자원 분리배출",폐합성수지류,비닐류,6.5,0.0,0.0,6.5
부산,동구,"재활용 가능자원 분리배출",폐합성수지류,발포수지류,0.3,0.0,0.0,0.3
부산,동구,"재활용 가능자원 분리배출",폐합성수지류,PET병,0.1,0.0,0.0,0.1
부산,동구,"재활용 가능자원 분리배출",폐합성수지류,기타,4.4,0.0,0.0,4.4
부산,동구,"재활용 가능자원 분리배출",폐고무류,EMPTY,0.0,0.0,0.0,0.0
부산,동구,"재활용 가능자원 분리배출",폐유리병류,EMPTY,2.6,0.0,0.0,2.6
부산,동구,"재활용 가능자원 분리배출",폐의류,EMPTY,0.6,0.0,0.0,0.6
부산,동구,"재활용 가능자원 분리배출",폐섬유류,EMPTY,0.0,0.0,0.0,0.0
부산,동구,"재활용 가능자원 분리배출",폐형광등,EMPTY,0.0,0.0,0.0,0.0
부산,동구,"재활용 가능자원 분리배출",폐전지류,EMPTY,0.0,0.0,0.0,0.0
부산,동구,"재활용 가능자원 분리배출",영농폐기물,농약용기류,0.0,0.0,0.0,0.0
부산,동구,"재활용 가능자원 분리배출",영농폐기물,폐비닐,0.0,0.0,0.0,0.0
부산,동구,"재활용 가능자원 분리배출",폐식용유,EMPTY,0.0,0.0,0.0,0.0
부산,동구,"재활용 가능자원 분리배출",폐전기전자제품,EMPTY,0.6,0.0,0.0,0.6
부산,동구,"재활용 가능자원 분리배출",폐가구류,EMPTY,0.0,0.0,0.0,0.0
부산,동구,"재활용 가능자원 분리배출",기타,EMPTY,0.9,0.0,0.0,0.9
부산,동구,"재활용 가능자원 분리배출",재활용 잔재물,EMPTY,4.1,0.0,4.1,0.0
부산,동구,음식물류 폐기물 분리배출,EMPTY,EMPTY,17.1,0.0,0.0,17.1
부산,영도구,종량제방식 등 혼합배출,가연성,폐지류,8.6,0.6,3.1,4.9
부산,영도구,종량제방식 등 혼합배출,가연성,폐합성수지류,11.6,0.9,1.7,9.0
부산,영도구,종량제방식 등 혼합배출,가연성,폐고무류,4.2,0.1,0.9,3.2
부산,영도구,종량제방식 등 혼합배출,가연성,폐섬유류,0.0,0.0,0.0,0.0
부산,영도구,종량제방식 등 혼합배출,가연성,음식물류 폐기물,2.6,0.5,1.5,0.6
부산,영도구,종량제방식 등 혼합배출,가연성,폐목재류,0.7,0.1,0.4,0.2
부산,영도구,종량제방식 등 혼합배출,가연성,기타,0.4,0.2,0.0,0.2
부산,영도구,종량제방식 등 혼합배출,불연성,폐금속류,0.8,0.1,0.6,0.1
부산,영도구,종량제방식 등 혼합배출,불연성,폐유리류,0.7,0.1,0.6,0.0
부산,영도구,종량제방식 등 혼합배출,불연성,폐토사류,0.0,0.0,0.0,0.0
부산,영도구,종량제방식 등 혼합배출,불연성,폐타일 및 도자기류,0.0,0.0,0.0,0.0
부산,영도구,종량제방식 등 혼합배출,불연성,연탄재,0.0,0.0,0.0,0.0
부산,영도구,종량제방식 등 혼합배출,불연성,기타,0.6,0.3,0.3,0.0
부산,영도구,종량제방식 등 혼합배출,건설폐재류,EMPTY,0.0,0.0,0.0,0.0
부산,영도구,종량제방식 등 혼합배출,기타(배출불명등),EMPTY,0.0,0.0,0.0,0.0
부산,영도구,"재활용 가능자원 분리배출",폐지류,종이팩,0.0,0.0,0.0,0.0
부산,영도구,"재활용 가능자원 분리배출",폐지류,기타,24.6,0.0,0.0,24.6
부산,영도구,"재활용 가능자원 분리배출",고철류,EMPTY,8.6,0.0,0.0,8.6
부산,영도구,"재활용 가능자원 분리배출",금속캔,EMPTY,3.4,0.0,0.0,3.4
부산,영도구,"재활용 가능자원 분리배출",폐합성수지류,비닐류,5.5,0.0,0.0,5.5
부산,영도구,"재활용 가능자원 분리배출",폐합성수지류,발포수지류,0.5,0.0,0.0,0.5
부산,영도구,"재활용 가능자원 분리배출",폐합성수지류,PET병,1.2,0.0,0.0,1.2
부산,영도구,"재활용 가능자원 분리배출",폐합성수지류,기타,4.5,0.0,0.0,4.5
부산,영도구,"재활용 가능자원 분리배출",폐고무류,EMPTY,0.0,0.0,0.0,0.0
부산,영도구,"재활용 가능자원 분리배출",폐유리병류,EMPTY,2.2,0.0,0.0,2.2
부산,영도구,"재활용 가능자원 분리배출",폐의류,EMPTY,0.8,0.0,0.0,0.8
부산,영도구,"재활용 가능자원 분리배출",폐섬유류,EMPTY,0.0,0.0,0.0,0.0
부산,영도구,"재활용 가능자원 분리배출",폐형광등,EMPTY,0.0,0.0,0.0,0.0
부산,영도구,"재활용 가능자원 분리배출",폐전지류,EMPTY,0.0,0.0,0.0,0.0
부산,영도구,"재활용 가능자원 분리배출",영농폐기물,농약용기류,0.0,0.0,0.0,0.0
부산,영도구,"재활용 가능자원 분리배출",영농폐기물,폐비닐,0.0,0.0,0.0,0.0
부산,영도구,"재활용 가능자원 분리배출",폐식용유,EMPTY,0.0,0.0,0.0,0.0
부산,영도구,"재활용 가능자원 분리배출",폐전기전자제품,EMPTY,0.9,0.0,0.0,0.9
부산,영도구,"재활용 가능자원 분리배출",폐가구류,EMPTY,0.0,0.0,0.0,0.0
부산,영도구,"재활용 가능자원 분리배출",기타,EMPTY,1.2,0.0,0.0,1.2
부산,영도구,"재활용 가능자원 분리배출",재활용 잔재물,EMPTY,6.0,0.0,6.0,0.0
부산,영도구,음식물류 폐기물 분리배출,EMPTY,EMPTY,25.2,0.0,0.0,25.2
부산,부산진구,종량제방식 등 혼합배출,가연성,폐지류,27.8,1.9,9.4,16.5
부산,부산진구,종량제방식 등 혼합배출,가연성,폐합성수지류,38.1,2.8,5.0,30.3
부산,부산진구,종량제방식 등 혼합배출,가연성,폐고무류,13.7,0.2,2.6,10.9
부산,부산진구,종량제방식 등 혼합배출,가연성,폐섬유류,0.0,0.0,0.0,0.0
부산,부산진구,종량제방식 등 혼합배출,가연성,음식물류 폐기물,8.0,1.4,4.4,2.2
부산,부산진구,종량제방식 등 혼합배출,가연성,폐목재류,2.0,0.2,1.2,0.6
부산,부산진구,종량제방식 등 혼합배출,가연성,기타,1.5,0.7,0.0,0.8
부산,부산진구,종량제방식 등 혼합배출,불연성,폐금속류,2.3,0.2,1.7,0.4
부산,부산진구,종량제방식 등 혼합배출,불연성,폐유리류,2.2,0.3,1.8,0.1
부산,부산진구,종량제방식 등 혼합배출,불연성,폐토사류,0.0,0.0,0.0,0.0
부산,부산진구,종량제방식 등 혼합배출,불연성,폐타일 및 도자기류,0.0,0.0,0.0,0.0
부산,부산진구,종량제방식 등 혼합배출,불연성,연탄재,0.0,0.0,0.0,0.0
부산,부산진구,종량제방식 등 혼합배출,불연성,기타,1.7,0.8,0.9,0.0
부산,부산진구,종량제방식 등 혼합배출,건설폐재류,EMPTY,0.0,0.0,0.0,0.0
부산,부산진구,종량제방식 등 혼합배출,기타(배출불명등),EMPTY,0.0,0.0,0.0,0.0
부산,부산진구,"재활용 가능자원 분리배출",폐지류,종이팩,0.0,0.0,0.0,0.0
부산,부산진구,"재활용 가능자원 분리배출",폐지류,기타,68.6,0.0,0.0,68.6
부산,부산진구,"재활용 가능자원 분리배출",고철류,EMPTY,11.5,0.0,0.0,11.5
부산,부산진구,"재활용 가능자원 분리배출",금속캔,EMPTY,8.6,0.0,0.0,8.6
부산,부산진구,"재활용 가능자원 분리배출",폐합성수지류,비닐류,22.5,0.0,0.0,22.5
부산,부산진구,"재활용 가능자원 분리배출",폐합성수지류,발포수지류,1.2,0.0,0.0,1.2
부산,부산진구,"재활용 가능자원 분리배출",폐합성수지류,PET병,2.3,0.0,0.0,2.3
부산,부산진구,"재활용 가능자원 분리배출",폐합성수지류,기타,14.5,0.0,0.0,14.5
부산,부산진구,"재활용 가능자원 분리배출",폐고무류,EMPTY,0.0,0.0,0.0,0.0
부산,부산진구,"재활용 가능자원 분리배출",폐유리병류,EMPTY,6.2,0.0,0.0,6.2
부산,부산진구,"재활용 가능자원 분리배출",폐의류,EMPTY,0.7,0.0,0.0,0.7
부산,부산진구,"재활용 가능자원 분리배출",폐섬유류,EMPTY,0.0,0.0,0.0,0.0
부산,부산진구,"재활용 가능자원 분리배출",폐형광등,EMPTY,0.2,0.0,0.0,0.2
부산,부산진구,"재활용 가능자원 분리배출",폐전지류,EMPTY,0.0,0.0,0.0,0.0
부산,부산진구,"재활용 가능자원 분리배출",영농폐기물,농약용기류,0.0,0.0,0.0,0.0
부산,부산진구,"재활용 가능자원 분리배출",영농폐기물,폐비닐,0.0,0.0,0.0,0.0
부산,부산진구,"재활용 가능자원 분리배출",폐식용유,EMPTY,0.0,0.0,0.0,0.0
부산,부산진구,"재활용 가능자원 분리배출",폐전기전자제품,EMPTY,1.7,0.0,0.0,1.7
부산,부산진구,"재활용 가능자원 분리배출",폐가구류,EMPTY,0.0,0.0,0.0,0.0
부산,부산진구,"재활용 가능자원 분리배출",기타,EMPTY,3.2,0.0,0.0,3.2
부산,부산진구,"재활용 가능자원 분리배출",재활용 잔재물,EMPTY,17.9,0.0,17.9,0.0
부산,부산진구,음식물류 폐기물 분리배출,EMPTY,EMPTY,64.6,0.0,0.0,64.6
부산,동래구,종량제방식 등 혼합배출,가연성,폐지류,19.5,1.7,8.0,9.8
부산,동래구,종량제방식 등 혼합배출,가연성,폐합성수지류,24.7,2.5,4.2,18.0
부산,동래구,종량제방식 등 혼합배출,가연성,폐고무류,8.8,0.2,2.2,6.4
부산,동래구,종량제방식 등 혼합배출,가연성,폐섬유류,0.0,0.0,0.0,0.0
부산,동래구,종량제방식 등 혼합배출,가연성,음식물류 폐기물,6.4,1.3,3.8,1.3
부산,동래구,종량제방식 등 혼합배출,가연성,폐목재류,1.5,0.1,1.0,0.4
부산,동래구,종량제방식 등 혼합배출,가연성,기타,1.1,0.6,0.0,0.5
부산,동래구,종량제방식 등 혼합배출,불연성,폐금속류,1.8,0.2,1.4,0.2
부산,동래구,종량제방식 등 혼합배출,불연성,폐유리류,1.8,0.2,1.5,0.1
부산,동래구,종량제방식 등 혼합배출,불연성,폐토사류,0.0,0.0,0.0,0.0
부산,동래구,종량제방식 등 혼합배출,불연성,폐타일 및 도자기류,0.0,0.0,0.0,0.0
부산,동래구,종량제방식 등 혼합배출,불연성,연탄재,0.0,0.0,0.0,0.0
부산,동래구,종량제방식 등 혼합배출,불연성,기타,1.5,0.8,0.7,0.0
부산,동래구,종량제방식 등 혼합배출,건설폐재류,EMPTY,0.0,0.0,0.0,0.0
부산,동래구,종량제방식 등 혼합배출,기타(배출불명등),EMPTY,0.0,0.0,0.0,0.0
부산,동래구,"재활용 가능자원 분리배출",폐지류,종이팩,0.0,0.0,0.0,0.0
부산,동래구,"재활용 가능자원 분리배출",폐지류,기타,41.0,0.0,0.0,41.0
부산,동래구,"재활용 가능자원 분리배출",고철류,EMPTY,5.2,0.0,0.0,5.2
부산,동래구,"재활용 가능자원 분리배출",금속캔,EMPTY,5.7,0.0,0.0,5.7
부산,동래구,"재활용 가능자원 분리배출",폐합성수지류,비닐류,11.7,0.0,0.0,11.7
부산,동래구,"재활용 가능자원 분리배출",폐합성수지류,발포수지류,1.1,0.0,0.0,1.1
부산,동래구,"재활용 가능자원 분리배출",폐합성수지류,PET병,1.0,0.0,0.0,1.0
부산,동래구,"재활용 가능자원 분리배출",폐합성수지류,기타,13.5,0.0,0.0,13.5
부산,동래구,"재활용 가능자원 분리배출",폐고무류,EMPTY,0.0,0.0,0.0,0.0
부산,동래구,"재활용 가능자원 분리배출",폐유리병류,EMPTY,5.3,0.0,0.0,5.3
부산,동래구,"재활용 가능자원 분리배출",폐의류,EMPTY,0.5,0.0,0.0,0.5
부산,동래구,"재활용 가능자원 분리배출",폐섬유류,EMPTY,0.0,0.0,0.0,0.0
부산,동래구,"재활용 가능자원 분리배출",폐형광등,EMPTY,0.2,0.0,0.0,0.2
부산,동래구,"재활용 가능자원 분리배출",폐전지류,EMPTY,0.0,0.0,0.0,0.0
부산,동래구,"재활용 가능자원 분리배출",영농폐기물,농약용기류,0.0,0.0,0.0,0.0
부산,동래구,"재활용 가능자원 분리배출",영농폐기물,폐비닐,0.0,0.0,0.0,0.0
부산,동래구,"재활용 가능자원 분리배출",폐식용유,EMPTY,0.0,0.0,0.0,0.0
부산,동래구,"재활용 가능자원 분리배출",폐전기전자제품,EMPTY,1.7,0.0,0.0,1.7
부산,동래구,"재활용 가능자원 분리배출",폐가구류,EMPTY,0.0,0.0,0.0,0.0
부산,동래구,"재활용 가능자원 분리배출",기타,EMPTY,0.9,0.0,0.0,0.9
부산,동래구,"재활용 가능자원 분리배출",재활용 잔재물,EMPTY,13.2,0.0,13.2,0.0
부산,동래구,음식물류 폐기물 분리배출,EMPTY,EMPTY,48.8,0.0,0.0,48.8
부산,남구,종량제방식 등 혼합배출,가연성,폐지류,17.5,1.0,6.5,10.0
부산,남구,종량제방식 등 혼합배출,가연성,폐합성수지류,23.2,1.5,3.4,18.3
부산,남구,종량제방식 등 혼합배출,가연성,폐고무류,8.5,0.1,1.8,6.6
부산,남구,종량제방식 등 혼합배출,가연성,폐섬유류,0.0,0.0,0.0,0.0
부산,남구,종량제방식 등 혼합배출,가연성,음식물류 폐기물,5.0,0.7,3.0,1.3
부산,남구,종량제방식 등 혼합배출,가연성,폐목재류,1.3,0.1,0.8,0.4
부산,남구,종량제방식 등 혼합배출,가연성,기타,0.9,0.4,0.0,0.5
부산,남구,종량제방식 등 혼합배출,불연성,폐금속류,1.5,0.1,1.2,0.2
부산,남구,종량제방식 등 혼합배출,불연성,폐유리류,1.4,0.1,1.2,0.1
부산,남구,종량제방식 등 혼합배출,불연성,폐토사류,0.0,0.0,0.0,0.0
부산,남구,종량제방식 등 혼합배출,불연성,폐타일 및 도자기류,0.0,0.0,0.0,0.0
부산,남구,종량제방식 등 혼합배출,불연성,연탄재,0.0,0.0,0.0,0.0
부산,남구,종량제방식 등 혼합배출,불연성,기타,1.0,0.4,0.6,0.0
부산,남구,종량제방식 등 혼합배출,건설폐재류,EMPTY,0.0,0.0,0.0,0.0
부산,남구,종량제방식 등 혼합배출,기타(배출불명등),EMPTY,0.0,0.0,0.0,0.0
부산,남구,"재활용 가능자원 분리배출",폐지류,종이팩,0.1,0.0,0.0,0.1
부산,남구,"재활용 가능자원 분리배출",폐지류,기타,51.3,0.0,0.0,51.3
부산,남구,"재활용 가능자원 분리배출",고철류,EMPTY,5.4,0.0,0.0,5.4
부산,남구,"재활용 가능자원 분리배출",금속캔,EMPTY,5.6,0.0,0.0,5.6
부산,남구,"재활용 가능자원 분리배출",폐합성수지류,비닐류,10.6,0.0,0.0,10.6
부산,남구,"재활용 가능자원 분리배출",폐합성수지류,발포수지류,1.1,0.0,0.0,1.1
부산,남구,"재활용 가능자원 분리배출",폐합성수지류,PET병,0.1,0.0,0.0,0.1
부산,남구,"재활용 가능자원 분리배출",폐합성수지류,기타,12.7,0.0,0.0,12.7
부산,남구,"재활용 가능자원 분리배출",폐고무류,EMPTY,0.0,0.0,0.0,0.0
부산,남구,"재활용 가능자원 분리배출",폐유리병류,EMPTY,4.4,0.0,0.0,4.4
부산,남구,"재활용 가능자원 분리배출",폐의류,EMPTY,0.5,0.0,0.0,0.5
부산,남구,"재활용 가능자원 분리배출",폐섬유류,EMPTY,0.0,0.0,0.0,0.0
부산,남구,"재활용 가능자원 분리배출",폐형광등,EMPTY,0.1,0.0,0.0,0.1
부산,남구,"재활용 가능자원 분리배출",폐전지류,EMPTY,0.1,0.0,0.0,0.1
부산,남구,"재활용 가능자원 분리배출",영농폐기물,농약용기류,0.0,0.0,0.0,0.0
부산,남구,"재활용 가능자원 분리배출",영농폐기물,폐비닐,0.0,0.0,0.0,0.0
부산,남구,"재활용 가능자원 분리배출",폐식용유,EMPTY,0.0,0.0,0.0,0.0
부산,남구,"재활용 가능자원 분리배출",폐전기전자제품,EMPTY,1.6,0.0,0.0,1.6
부산,남구,"재활용 가능자원 분리배출",폐가구류,EMPTY,0.0,0.0,0.0,0.0
부산,남구,"재활용 가능자원 분리배출",기타,EMPTY,2.2,0.0,0.0,2.2
부산,남구,"재활용 가능자원 분리배출",재활용 잔재물,EMPTY,10.8,0.0,10.8,0.0
부산,남구,음식물류 폐기물 분리배출,EMPTY,EMPTY,40.0,0.0,0.0,40.0
부산,북구,종량제방식 등 혼합배출,가연성,폐지류,16.7,1.9,5.9,8.9
부산,북구,종량제방식 등 혼합배출,가연성,폐합성수지류,22.3,2.8,3.1,16.4
부산,북구,종량제방식 등 혼합배출,가연성,폐고무류,7.7,0.2,1.6,5.9
부산,북구,종량제방식 등 혼합배출,가연성,폐섬유류,0.0,0.0,0.0,0.0
부산,북구,종량제방식 등 혼합배출,가연성,음식물류 폐기물,5.5,1.5,2.8,1.2
부산,북구,종량제방식 등 혼합배출,가연성,폐목재류,1.3,0.2,0.8,0.3
부산,북구,종량제방식 등 혼합배출,가연성,기타,1.1,0.7,0.0,0.4
부산,북구,종량제방식 등 혼합배출,불연성,폐금속류,1.5,0.2,1.1,0.2
부산,북구,종량제방식 등 혼합배출,불연성,폐유리류,1.5,0.3,1.1,0.1
부산,북구,종량제방식 등 혼합배출,불연성,폐토사류,0.0,0.0,0.0,0.0
부산,북구,종량제방식 등 혼합배출,불연성,폐타일 및 도자기류,0.0,0.0,0.0,0.0
부산,북구,종량제방식 등 혼합배출,불연성,연탄재,0.0,0.0,0.0,0.0
부산,북구,종량제방식 등 혼합배출,불연성,기타,1.4,0.9,0.5,0.0
부산,북구,종량제방식 등 혼합배출,건설폐재류,EMPTY,0.0,0.0,0.0,0.0
부산,북구,종량제방식 등 혼합배출,기타(배출불명등),EMPTY,0.0,0.0,0.0,0.0
부산,북구,"재활용 가능자원 분리배출",폐지류,종이팩,0.0,0.0,0.0,0.0
부산,북구,"재활용 가능자원 분리배출",폐지류,기타,55.8,0.0,0.0,55.8
부산,북구,"재활용 가능자원 분리배출",고철류,EMPTY,6.7,0.0,0.0,6.7
부산,북구,"재활용 가능자원 분리배출",금속캔,EMPTY,6.0,0.0,0.0,6.0
부산,북구,"재활용 가능자원 분리배출",폐합성수지류,비닐류,12.8,0.0,0.0,12.8
부산,북구,"재활용 가능자원 분리배출",폐합성수지류,발포수지류,0.8,0.0,0.0,0.8
부산,북구,"재활용 가능자원 분리배출",폐합성수지류,PET병,0.6,0.0,0.0,0.6
부산,북구,"재활용 가능자원 분리배출",폐합성수지류,기타,13.4,0.0,0.0,13.4
부산,북구,"재활용 가능자원 분리배출",폐고무류,EMPTY,0.0,0.0,0.0,0.0
부산,북구,"재활용 가능자원 분리배출",폐유리병류,EMPTY,3.0,0.0,0.0,3.0
부산,북구,"재활용 가능자원 분리배출",폐의류,EMPTY,0.5,0.0,0.0,0.5
부산,북구,"재활용 가능자원 분리배출",폐섬유류,EMPTY,0.0,0.0,0.0,0.0
부산,북구,"재활용 가능자원 분리배출",폐형광등,EMPTY,0.1,0.0,0.0,0.1
부산,북구,"재활용 가능자원 분리배출",폐전지류,EMPTY,0.1,0.0,0.0,0.1
부산,북구,"재활용 가능자원 분리배출",영농폐기물,농약용기류,0.0,0.0,0.0,0.0
부산,북구,"재활용 가능자원 분리배출",영농폐기물,폐비닐,0.0,0.0,0.0,0.0
부산,북구,"재활용 가능자원 분리배출",폐식용유,EMPTY,0.0,0.0,0.0,0.0
부산,북구,"재활용 가능자원 분리배출",폐전기전자제품,EMPTY,1.6,0.0,0.0,1.6
부산,북구,"재활용 가능자원 분리배출",폐가구류,EMPTY,0.0,0.0,0.0,0.0
부산,북구,"재활용 가능자원 분리배출",기타,EMPTY,2.4,0.0,0.0,2.4
부산,북구,"재활용 가능자원 분리배출",재활용 잔재물,EMPTY,11.6,0.0,11.6,0.0
부산,북구,음식물류 폐기물 분리배출,EMPTY,EMPTY,58.2,0.0,0.0,58.2
부산,해운대구,종량제방식 등 혼합배출,가연성,폐지류,28.0,1.4,20.3,6.3
부산,해운대구,종량제방식 등 혼합배출,가연성,폐합성수지류,24.4,2.2,10.7,11.5
부산,해운대구,종량제방식 등 혼합배출,가연성,폐고무류,9.8,0.1,5.6,4.1
부산,해운대구,종량제방식 등 혼합배출,가연성,폐섬유류,0.0,0.0,0.0,0.0
부산,해운대구,종량제방식 등 혼합배출,가연성,음식물류 폐기물,11.4,1.1,9.5,0.8
부산,해운대구,종량제방식 등 혼합배출,가연성,폐목재류,2.9,0.1,2.6,0.2
부산,해운대구,종량제방식 등 혼합배출,가연성,기타,0.8,0.5,0.0,0.3
부산,해운대구,종량제방식 등 혼합배출,불연성,폐금속류,3.9,0.1,3.7,0.1
부산,해운대구,종량제방식 등 혼합배출,불연성,폐유리류,4.0,0.2,3.8,0.0
부산,해운대구,종량제방식 등 혼합배출,불연성,폐토사류,0.0,0.0,0.0,0.0
부산,해운대구,종량제방식 등 혼합배출,불연성,폐타일 및 도자기류,0.0,0.0,0.0,0.0
부산,해운대구,종량제방식 등 혼합배출,불연성,연탄재,0.0,0.0,0.0,0.0
부산,해운대구,종량제방식 등 혼합배출,불연성,기타,2.6,0.7,1.9,0.0
부산,해운대구,종량제방식 등 혼합배출,건설폐재류,EMPTY,0.0,0.0,0.0,0.0
부산,해운대구,종량제방식 등 혼합배출,기타(배출불명등),EMPTY,0.0,0.0,0.0,0.0
부산,해운대구,"재활용 가능자원 분리배출",폐지류,종이팩,0.0,0.0,0.0,0.0
부산,해운대구,"재활용 가능자원 분리배출",폐지류,기타,74.1,0.0,0.0,74.1
부산,해운대구,"재활용 가능자원 분리배출",고철류,EMPTY,7.0,0.0,0.0,7.0
부산,해운대구,"재활용 가능자원 분리배출",금속캔,EMPTY,7.6,0.0,0.0,7.6
부산,해운대구,"재활용 가능자원 분리배출",폐합성수지류,비닐류,15.6,0.0,0.0,15.6
부산,해운대구,"재활용 가능자원 분리배출",폐합성수지류,발포수지류,1.5,0.0,0.0,1.5
부산,해운대구,"재활용 가능자원 분리배출",폐합성수지류,PET병,1.6,0.0,0.0,1.6
부산,해운대구,"재활용 가능자원 분리배출",폐합성수지류,기타,14.9,0.0,0.0,14.9
부산,해운대구,"재활용 가능자원 분리배출",폐고무류,EMPTY,0.0,0.0,0.0,0.0
부산,해운대구,"재활용 가능자원 분리배출",폐유리병류,EMPTY,7.5,0.0,0.0,7.5
부산,해운대구,"재활용 가능자원 분리배출",폐의류,EMPTY,1.0,0.0,0.0,1.0
부산,해운대구,"재활용 가능자원 분리배출",폐섬유류,EMPTY,13.9,0.0,0.0,13.9
부산,해운대구,"재활용 가능자원 분리배출",폐형광등,EMPTY,0.2,0.0,0.0,0.2
부산,해운대구,"재활용 가능자원 분리배출",폐전지류,EMPTY,0.1,0.0,0.0,0.1
부산,해운대구,"재활용 가능자원 분리배출",영농폐기물,농약용기류,0.0,0.0,0.0,0.0
부산,해운대구,"재활용 가능자원 분리배출",영농폐기물,폐비닐,0.0,0.0,0.0,0.0
부산,해운대구,"재활용 가능자원 분리배출",폐식용유,EMPTY,0.0,0.0,0.0,0.0
부산,해운대구,"재활용 가능자원 분리배출",폐전기전자제품,EMPTY,2.5,0.0,0.0,2.5
부산,해운대구,"재활용 가능자원 분리배출",폐가구류,EMPTY,0.0,0.0,0.0,0.0
부산,해운대구,"재활용 가능자원 분리배출",기타,EMPTY,0.0,0.0,0.0,0.0
부산,해운대구,"재활용 가능자원 분리배출",재활용 잔재물,EMPTY,0.3,0.0,0.3,0.0
부산,해운대구,음식물류 폐기물 분리배출,EMPTY,EMPTY,84.9,0.0,0.0,84.9
부산,사하구,종량제방식 등 혼합배출,가연성,폐지류,28.3,1.5,10.6,16.2
부산,사하구,종량제방식 등 혼합배출,가연성,폐합성수지류,37.7,2.3,5.6,29.8
부산,사하구,종량제방식 등 혼합배출,가연성,폐고무류,13.8,0.1,3.0,10.7
부산,사하구,종량제방식 등 혼합배출,가연성,폐섬유류,0.0,0.0,0.0,0.0
부산,사하구,종량제방식 등 혼합배출,가연성,음식물류 폐기물,8.3,1.2,5.0,2.1
부산,사하구,종량제방식 등 혼합배출,가연성,폐목재류,2.1,0.1,1.4,0.6
부산,사하구,종량제방식 등 혼합배출,가연성,기타,1.4,0.6,0.0,0.8
부산,사하구,종량제방식 등 혼합배출,불연성,폐금속류,2.4,0.1,1.9,0.4
부산,사하구,종량제방식 등 혼합배출,불연성,폐유리류,2.3,0.2,2.0,0.1
부산,사하구,종량제방식 등 혼합배출,불연성,폐토사류,0.0,0.0,0.0,0.0
부산,사하구,종량제방식 등 혼합배출,불연성,폐타일 및 도자기류,0.0,0.0,0.0,0.0
부산,사하구,종량제방식 등 혼합배출,불연성,연탄재,0.0,0.0,0.0,0.0
부산,사하구,종량제방식 등 혼합배출,불연성,기타,1.7,0.7,1.0,0.0
부산,사하구,종량제방식 등 혼합배출,건설폐재류,EMPTY,0.0,0.0,0.0,0.0
부산,사하구,종량제방식 등 혼합배출,기타(배출불명등),EMPTY,0.0,0.0,0.0,0.0
부산,사하구,"재활용 가능자원 분리배출",폐지류,종이팩,0.0,0.0,0.0,0.0
부산,사하구,"재활용 가능자원 분리배출",폐지류,기타,84.8,0.0,0.0,84.8
부산,사하구,"재활용 가능자원 분리배출",고철류,EMPTY,10.6,0.0,0.0,10.6
부산,사하구,"재활용 가능자원 분리배출",금속캔,EMPTY,9.1,0.0,0.0,9.1
부산,사하구,"재활용 가능자원 분리배출",폐합성수지류,비닐류,18.0,0.0,0.0,18.0
부산,사하구,"재활용 가능자원 분리배출",폐합성수지류,발포수지류,1.5,0.0,0.0,1.5
부산,사하구,"재활용 가능자원 분리배출",폐합성수지류,PET병,1.2,0.0,0.0,1.2
부산,사하구,"재활용 가능자원 분리배출",폐합성수지류,기타,14.9,0.0,0.0,14.9
부산,사하구,"재활용 가능자원 분리배출",폐고무류,EMPTY,0.0,0.0,0.0,0.0
부산,사하구,"재활용 가능자원 분리배출",폐유리병류,EMPTY,5.0,0.0,0.0,5.0
부산,사하구,"재활용 가능자원 분리배출",폐의류,EMPTY,1.6,0.0,0.0,1.6
부산,사하구,"재활용 가능자원 분리배출",폐섬유류,EMPTY,0.0,0.0,0.0,0.0
부산,사하구,"재활용 가능자원 분리배출",폐형광등,EMPTY,0.1,0.0,0.0,0.1
부산,사하구,"재활용 가능자원 분리배출",폐전지류,EMPTY,0.1,0.0,0.0,0.1
부산,사하구,"재활용 가능자원 분리배출",영농폐기물,농약용기류,0.0,0.0,0.0,0.0
부산,사하구,"재활용 가능자원 분리배출",영농폐기물,폐비닐,0.0,0.0,0.0,0.0
부산,사하구,"재활용 가능자원 분리배출",폐식용유,EMPTY,0.0,0.0,0.0,0.0
부산,사하구,"재활용 가능자원 분리배출",폐전기전자제품,EMPTY,2.3,0.0,0.0,2.3
부산,사하구,"재활용 가능자원 분리배출",폐가구류,EMPTY,0.0,0.0,0.0,0.0
부산,사하구,"재활용 가능자원 분리배출",기타,EMPTY,3.6,0.0,0.0,3.6
부산,사하구,"재활용 가능자원 분리배출",재활용 잔재물,EMPTY,16.7,0.0,16.7,0.0
부산,사하구,음식물류 폐기물 분리배출,EMPTY,EMPTY,56.6,0.0,0.0,56.6
부산,금정구,종량제방식 등 혼합배출,가연성,폐지류,14.1,1.0,5.1,8.0
부산,금정구,종량제방식 등 혼합배출,가연성,폐합성수지류,19.0,1.6,2.7,14.7
부산,금정구,종량제방식 등 혼합배출,가연성,폐고무류,6.8,0.1,1.4,5.3
부산,금정구,종량제방식 등 혼합배출,가연성,폐섬유류,0.0,0.0,0.0,0.0
부산,금정구,종량제방식 등 혼합배출,가연성,음식물류 폐기물,4.3,0.8,2.4,1.1
부산,금정구,종량제방식 등 혼합배출,가연성,폐목재류,1.1,0.1,0.7,0.3
부산,금정구,종량제방식 등 혼합배출,가연성,기타,0.8,0.4,0.0,0.4
부산,금정구,종량제방식 등 혼합배출,불연성,폐금속류,1.2,0.1,0.9,0.2
부산,금정구,종량제방식 등 혼합배출,불연성,폐유리류,1.2,0.1,1.0,0.1
부산,금정구,종량제방식 등 혼합배출,불연성,폐토사류,0.0,0.0,0.0,0.0
부산,금정구,종량제방식 등 혼합배출,불연성,폐타일 및 도자기류,0.0,0.0,0.0,0.0
부산,금정구,종량제방식 등 혼합배출,불연성,연탄재,0.0,0.0,0.0,0.0
부산,금정구,종량제방식 등 혼합배출,불연성,기타,1.0,0.5,0.5,0.0
부산,금정구,종량제방식 등 혼합배출,건설폐재류,EMPTY,0.0,0.0,0.0,0.0
부산,금정구,종량제방식 등 혼합배출,기타(배출불명등),EMPTY,0.0,0.0,0.0,0.0
부산,금정구,"재활용 가능자원 분리배출",폐지류,종이팩,0.0,0.0,0.0,0.0
부산,금정구,"재활용 가능자원 분리배출",폐지류,기타,51.1,0.0,0.0,51.1
부산,금정구,"재활용 가능자원 분리배출",고철류,EMPTY,7.6,0.0,0.0,7.6
부산,금정구,"재활용 가능자원 분리배출",금속캔,EMPTY,5.8,0.0,0.0,5.8
부산,금정구,"재활용 가능자원 분리배출",폐합성수지류,비닐류,11.2,0.0,0.0,11.2
부산,금정구,"재활용 가능자원 분리배출",폐합성수지류,발포수지류,1.0,0.0,0.0,1.0
부산,금정구,"재활용 가능자원 분리배출",폐합성수지류,PET병,0.5,0.0,0.0,0.5
부산,금정구,"재활용 가능자원 분리배출",폐합성수지류,기타,11.6,0.0,0.0,11.6
부산,금정구,"재활용 가능자원 분리배출",폐고무류,EMPTY,0.0,0.0,0.0,0.0
부산,금정구,"재활용 가능자원 분리배출",폐유리병류,EMPTY,4.5,0.0,0.0,4.5
부산,금정구,"재활용 가능자원 분리배출",폐의류,EMPTY,0.2,0.0,0.0,0.2
부산,금정구,"재활용 가능자원 분리배출",폐섬유류,EMPTY,0.0,0.0,0.0,0.0
부산,금정구,"재활용 가능자원 분리배출",폐형광등,EMPTY,0.2,0.0,0.0,0.2
부산,금정구,"재활용 가능자원 분리배출",폐전지류,EMPTY,0.1,0.0,0.0,0.1
부산,금정구,"재활용 가능자원 분리배출",영농폐기물,농약용기류,0.0,0.0,0.0,0.0
부산,금정구,"재활용 가능자원 분리배출",영농폐기물,폐비닐,0.0,0.0,0.0,0.0
부산,금정구,"재활용 가능자원 분리배출",폐식용유,EMPTY,0.0,0.0,0.0,0.0
부산,금정구,"재활용 가능자원 분리배출",폐전기전자제품,EMPTY,1.7,0.0,0.0,1.7
부산,금정구,"재활용 가능자원 분리배출",폐가구류,EMPTY,0.0,0.0,0.0,0.0
부산,금정구,"재활용 가능자원 분리배출",기타,EMPTY,1.1,0.0,0.0,1.1
부산,금정구,"재활용 가능자원 분리배출",재활용 잔재물,EMPTY,10.8,0.0,10.8,0.0
부산,금정구,음식물류 폐기물 분리배출,EMPTY,EMPTY,57.3,0.0,0.0,57.3
부산,강서구,종량제방식 등 혼합배출,가연성,폐지류,10.5,1.6,0.8,8.1
부산,강서구,종량제방식 등 혼합배출,가연성,폐합성수지류,17.8,2.4,0.4,15.0
부산,강서구,종량제방식 등 혼합배출,가연성,폐고무류,5.8,0.2,0.2,5.4
부산,강서구,종량제방식 등 혼합배출,가연성,폐섬유류,0.0,0.0,0.0,0.0
부산,강서구,종량제방식 등 혼합배출,가연성,음식물류 폐기물,2.7,1.2,0.4,1.1
부산,강서구,종량제방식 등 혼합배출,가연성,폐목재류,0.5,0.1,0.1,0.3
부산,강서구,종량제방식 등 혼합배출,가연성,기타,1.0,0.6,0.0,0.4
부산,강서구,종량제방식 등 혼합배출,불연성,폐금속류,0.6,0.2,0.2,0.2
부산,강서구,종량제방식 등 혼합배출,불연성,폐유리류,0.5,0.2,0.2,0.1
부산,강서구,종량제방식 등 혼합배출,불연성,폐토사류,0.0,0.0,0.0,0.0
부산,강서구,종량제방식 등 혼합배출,불연성,폐타일 및 도자기류,0.0,0.0,0.0,0.0
부산,강서구,종량제방식 등 혼합배출,불연성,연탄재,0.0,0.0,0.0,0.0
부산,강서구,종량제방식 등 혼합배출,불연성,기타,0.8,0.7,0.1,0.0
부산,강서구,종량제방식 등 혼합배출,건설폐재류,EMPTY,0.0,0.0,0.0,0.0
부산,강서구,종량제방식 등 혼합배출,기타(배출불명등),EMPTY,0.0,0.0,0.0,0.0
부산,강서구,"재활용 가능자원 분리배출",폐지류,종이팩,0.1,0.0,0.0,0.1
부산,강서구,"재활용 가능자원 분리배출",폐지류,기타,9.8,0.0,0.0,9.8
부산,강서구,"재활용 가능자원 분리배출",고철류,EMPTY,1.6,0.0,0.0,1.6
부산,강서구,"재활용 가능자원 분리배출",금속캔,EMPTY,1.4,0.0,0.0,1.4
부산,강서구,"재활용 가능자원 분리배출",폐합성수지류,비닐류,2.1,0.0,0.0,2.1
부산,강서구,"재활용 가능자원 분리배출",폐합성수지류,발포수지류,0.4,0.0,0.0,0.4
부산,강서구,"재활용 가능자원 분리배출",폐합성수지류,PET병,0.1,0.0,0.0,0.1
부산,강서구,"재활용 가능자원 분리배출",폐합성수지류,기타,2.2,0.0,0.0,2.2
부산,강서구,"재활용 가능자원 분리배출",폐고무류,EMPTY,0.0,0.0,0.0,0.0
부산,강서구,"재활용 가능자원 분리배출",폐유리병류,EMPTY,1.4,0.0,0.0,1.4
부산,강서구,"재활용 가능자원 분리배출",폐의류,EMPTY,0.1,0.0,0.0,0.1
부산,강서구,"재활용 가능자원 분리배출",폐섬유류,EMPTY,0.0,0.0,0.0,0.0
부산,강서구,"재활용 가능자원 분리배출",폐형광등,EMPTY,0.1,0.0,0.0,0.1
부산,강서구,"재활용 가능자원 분리배출",폐전지류,EMPTY,0.0,0.0,0.0,0.0
부산,강서구,"재활용 가능자원 분리배출",영농폐기물,농약용기류,0.0,0.0,0.0,0.0
부산,강서구,"재활용 가능자원 분리배출",영농폐기물,폐비닐,0.4,0.0,0.0,0.4
부산,강서구,"재활용 가능자원 분리배출",폐식용유,EMPTY,0.0,0.0,0.0,0.0
부산,강서구,"재활용 가능자원 분리배출",폐전기전자제품,EMPTY,1.6,0.0,0.0,1.6
부산,강서구,"재활용 가능자원 분리배출",폐가구류,EMPTY,0.0,0.0,0.0,0.0
부산,강서구,"재활용 가능자원 분리배출",기타,EMPTY,0.2,0.0,0.0,0.2
부산,강서구,"재활용 가능자원 분리배출",재활용 잔재물,EMPTY,1.3,0.0,1.3,0.0
부산,강서구,음식물류 폐기물 분리배출,EMPTY,EMPTY,30.0,0.0,0.0,30.0
부산,연제구,종량제방식 등 혼합배출,가연성,폐지류,12.6,1.0,4.6,7.0
부산,연제구,종량제방식 등 혼합배출,가연성,폐합성수지류,16.8,1.5,2.4,12.9
부산,연제구,종량제방식 등 혼합배출,가연성,폐고무류,6.0,0.1,1.3,4.6
부산,연제구,종량제방식 등 혼합배출,가연성,폐섬유류,0.0,0.0,0.0,0.0
부산,연제구,종량제방식 등 혼합배출,가연성,음식물류 폐기물,3.9,0.8,2.2,0.9
부산,연제구,종량제방식 등 혼합배출,가연성,폐목재류,1.0,0.1,0.6,0.3
부산,연제구,종량제방식 등 혼합배출,가연성,기타,0.7,0.4,0.0,0.3
부산,연제구,종량제방식 등 혼합배출,불연성,폐금속류,1.1,0.1,0.8,0.2
부산,연제구,종량제방식 등 혼합배출,불연성,폐유리류,1.1,0.1,0.9,0.1
부산,연제구,종량제방식 등 혼합배출,불연성,폐토사류,0.0,0.0,0.0,0.0
부산,연제구,종량제방식 등 혼합배출,불연성,폐타일 및 도자기류,0.0,0.0,0.0,0.0
부산,연제구,종량제방식 등 혼합배출,불연성,연탄재,0.0,0.0,0.0,0.0
부산,연제구,종량제방식 등 혼합배출,불연성,기타,0.9,0.5,0.4,0.0
부산,연제구,종량제방식 등 혼합배출,건설폐재류,EMPTY,0.0,0.0,0.0,0.0
부산,연제구,종량제방식 등 혼합배출,기타(배출불명등),EMPTY,0.0,0.0,0.0,0.0
부산,연제구,"재활용 가능자원 분리배출",폐지류,종이팩,0.0,0.0,0.0,0.0
부산,연제구,"재활용 가능자원 분리배출",폐지류,기타,43.7,0.0,0.0,43.7
부산,연제구,"재활용 가능자원 분리배출",고철류,EMPTY,8.1,0.0,0.0,8.1
부산,연제구,"재활용 가능자원 분리배출",금속캔,EMPTY,4.9,0.0,0.0,4.9
부산,연제구,"재활용 가능자원 분리배출",폐합성수지류,비닐류,9.4,0.0,0.0,9.4
부산,연제구,"재활용 가능자원 분리배출",폐합성수지류,발포수지류,0.7,0.0,0.0,0.7
부산,연제구,"재활용 가능자원 분리배출",폐합성수지류,PET병,1.8,0.0,0.0,1.8
부산,연제구,"재활용 가능자원 분리배출",폐합성수지류,기타,10.8,0.0,0.0,10.8
부산,연제구,"재활용 가능자원 분리배출",폐고무류,EMPTY,0.0,0.0,0.0,0.0
부산,연제구,"재활용 가능자원 분리배출",폐유리병류,EMPTY,4.4,0.0,0.0,4.4
부산,연제구,"재활용 가능자원 분리배출",폐의류,EMPTY,0.4,0.0,0.0,0.4
부산,연제구,"재활용 가능자원 분리배출",폐섬유류,EMPTY,0.0,0.0,0.0,0.0
부산,연제구,"재활용 가능자원 분리배출",폐형광등,EMPTY,0.1,0.0,0.0,0.1
부산,연제구,"재활용 가능자원 분리배출",폐전지류,EMPTY,0.1,0.0,0.0,0.1
부산,연제구,"재활용 가능자원 분리배출",영농폐기물,농약용기류,0.0,0.0,0.0,0.0
부산,연제구,"재활용 가능자원 분리배출",영농폐기물,폐비닐,0.0,0.0,0.0,0.0
부산,연제구,"재활용 가능자원 분리배출",폐식용유,EMPTY,0.0,0.0,0.0,0.0
부산,연제구,"재활용 가능자원 분리배출",폐전기전자제품,EMPTY,1.2,0.0,0.0,1.2
부산,연제구,"재활용 가능자원 분리배출",폐가구류,EMPTY,0.0,0.0,0.0,0.0
부산,연제구,"재활용 가능자원 분리배출",기타,EMPTY,1.2,0.0,0.0,1.2
부산,연제구,"재활용 가능자원 분리배출",재활용 잔재물,EMPTY,6.7,0.0,6.7,0.0
부산,연제구,음식물류 폐기물 분리배출,EMPTY,EMPTY,33.9,0.0,0.0,33.9
부산,수영구,종량제방식 등 혼합배출,가연성,폐지류,12.0,1.1,4.2,6.7
부산,수영구,종량제방식 등 혼합배출,가연성,폐합성수지류,16.2,1.7,2.2,12.3
부산,수영구,종량제방식 등 혼합배출,가연성,폐고무류,5.7,0.1,1.2,4.4
부산,수영구,종량제방식 등 혼합배출,가연성,폐섬유류,0.0,0.0,0.0,0.0
부산,수영구,종량제방식 등 혼합배출,가연성,음식물류 폐기물,3.8,0.9,2.0,0.9
부산,수영구,종량제방식 등 혼합배출,가연성,폐목재류,0.9,0.1,0.5,0.3
부산,수영구,종량제방식 등 혼합배출,가연성,기타,0.7,0.4,0.0,0.3
부산,수영구,종량제방식 등 혼합배출,불연성,폐금속류,1.0,0.1,0.7,0.2
부산,수영구,종량제방식 등 혼합배출,불연성,폐유리류,1.1,0.2,0.8,0.1
부산,수영구,종량제방식 등 혼합배출,불연성,폐토사류,0.0,0.0,0.0,0.0
부산,수영구,종량제방식 등 혼합배출,불연성,폐타일 및 도자기류,0.0,0.0,0.0,0.0
부산,수영구,종량제방식 등 혼합배출,불연성,연탄재,0.0,0.0,0.0,0.0
부산,수영구,종량제방식 등 혼합배출,불연성,기타,0.9,0.5,0.4,0.0
부산,수영구,종량제방식 등 혼합배출,건설폐재류,EMPTY,0.0,0.0,0.0,0.0
부산,수영구,종량제방식 등 혼합배출,기타(배출불명등),EMPTY,0.0,0.0,0.0,0.0
부산,수영구,"재활용 가능자원 분리배출",폐지류,종이팩,0.0,0.0,0.0,0.0
부산,수영구,"재활용 가능자원 분리배출",폐지류,기타,31.8,0.0,0.0,31.8
부산,수영구,"재활용 가능자원 분리배출",고철류,EMPTY,4.4,0.0,0.0,4.4
부산,수영구,"재활용 가능자원 분리배출",금속캔,EMPTY,3.6,0.0,0.0,3.6
부산,수영구,"재활용 가능자원 분리배출",폐합성수지류,비닐류,7.5,0.0,0.0,7.5
부산,수영구,"재활용 가능자원 분리배출",폐합성수지류,발포수지류,0.7,0.0,0.0,0.7
부산,수영구,"재활용 가능자원 분리배출",폐합성수지류,PET병,1.2,0.0,0.0,1.2
부산,수영구,"재활용 가능자원 분리배출",폐합성수지류,기타,7.1,0.0,0.0,7.1
부산,수영구,"재활용 가능자원 분리배출",폐고무류,EMPTY,0.0,0.0,0.0,0.0
부산,수영구,"재활용 가능자원 분리배출",폐유리병류,EMPTY,3.9,0.0,0.0,3.9
부산,수영구,"재활용 가능자원 분리배출",폐의류,EMPTY,0.8,0.0,0.0,0.8
부산,수영구,"재활용 가능자원 분리배출",폐섬유류,EMPTY,0.0,0.0,0.0,0.0
부산,수영구,"재활용 가능자원 분리배출",폐형광등,EMPTY,0.1,0.0,0.0,0.1
부산,수영구,"재활용 가능자원 분리배출",폐전지류,EMPTY,0.1,0.0,0.0,0.1
부산,수영구,"재활용 가능자원 분리배출",영농폐기물,농약용기류,0.0,0.0,0.0,0.0
부산,수영구,"재활용 가능자원 분리배출",영농폐기물,폐비닐,0.0,0.0,0.0,0.0
부산,수영구,"재활용 가능자원 분리배출",폐식용유,EMPTY,0.0,0.0,0.0,0.0
부산,수영구,"재활용 가능자원 분리배출",폐전기전자제품,EMPTY,1.1,0.0,0.0,1.1
부산,수영구,"재활용 가능자원 분리배출",폐가구류,EMPTY,0.0,0.0,0.0,0.0
부산,수영구,"재활용 가능자원 분리배출",기타,EMPTY,1.1,0.0,0.0,1.1
부산,수영구,"재활용 가능자원 분리배출",재활용 잔재물,EMPTY,4.9,0.0,4.9,0.0
부산,수영구,음식물류 폐기물 분리배출,EMPTY,EMPTY,30.3,0.0,0.0,30.3
부산,사상구,종량제방식 등 혼합배출,가연성,폐지류,14.8,1.7,5.1,8.0
부산,사상구,종량제방식 등 혼합배출,가연성,폐합성수지류,19.9,2.5,2.7,14.7
부산,사상구,종량제방식 등 혼합배출,가연성,폐고무류,6.9,0.2,1.4,5.3
부산,사상구,종량제방식 등 혼합배출,가연성,폐섬유류,0.0,0.0,0.0,0.0
부산,사상구,종량제방식 등 혼합배출,가연성,음식물류 폐기물,4.7,1.3,2.4,1.0
부산,사상구,종량제방식 등 혼합배출,가연성,폐목재류,1.1,0.1,0.7,0.3
부산,사상구,종량제방식 등 혼합배출,가연성,기타,1.0,0.6,0.0,0.4
부산,사상구,종량제방식 등 혼합배출,불연성,폐금속류,1.3,0.2,0.9,0.2
부산,사상구,종량제방식 등 혼합배출,불연성,폐유리류,1.2,0.2,0.9,0.1
부산,사상구,종량제방식 등 혼합배출,불연성,폐토사류,0.0,0.0,0.0,0.0
부산,사상구,종량제방식 등 혼합배출,불연성,폐타일 및 도자기류,0.0,0.0,0.0,0.0
부산,사상구,종량제방식 등 혼합배출,불연성,연탄재,0.0,0.0,0.0,0.0
부산,사상구,종량제방식 등 혼합배출,불연성,기타,1.3,0.8,0.5,0.0
부산,사상구,종량제방식 등 혼합배출,건설폐재류,EMPTY,0.0,0.0,0.0,0.0
부산,사상구,종량제방식 등 혼합배출,기타(배출불명등),EMPTY,0.0,0.0,0.0,0.0
부산,사상구,"재활용 가능자원 분리배출",폐지류,종이팩,0.1,0.0,0.0,0.1
부산,사상구,"재활용 가능자원 분리배출",폐지류,기타,56.1,0.0,0.0,56.1
부산,사상구,"재활용 가능자원 분리배출",고철류,EMPTY,9.2,0.0,0.0,9.2
부산,사상구,"재활용 가능자원 분리배출",금속캔,EMPTY,5.8,0.0,0.0,5.8
부산,사상구,"재활용 가능자원 분리배출",폐합성수지류,비닐류,12.0,0.0,0.0,12.0
부산,사상구,"재활용 가능자원 분리배출",폐합성수지류,발포수지류,0.9,0.0,0.0,0.9
부산,사상구,"재활용 가능자원 분리배출",폐합성수지류,PET병,0.9,0.0,0.0,0.9
부산,사상구,"재활용 가능자원 분리배출",폐합성수지류,기타,10.2,0.0,0.0,10.2
부산,사상구,"재활용 가능자원 분리배출",폐고무류,EMPTY,0.0,0.0,0.0,0.0
부산,사상구,"재활용 가능자원 분리배출",폐유리병류,EMPTY,3.7,0.0,0.0,3.7
부산,사상구,"재활용 가능자원 분리배출",폐의류,EMPTY,1.0,0.0,0.0,1.0
부산,사상구,"재활용 가능자원 분리배출",폐섬유류,EMPTY,0.0,0.0,0.0,0.0
부산,사상구,"재활용 가능자원 분리배출",폐형광등,EMPTY,0.1,0.0,0.0,0.1
부산,사상구,"재활용 가능자원 분리배출",폐전지류,EMPTY,0.0,0.0,0.0,0.0
부산,사상구,"재활용 가능자원 분리배출",영농폐기물,농약용기류,0.0,0.0,0.0,0.0
부산,사상구,"재활용 가능자원 분리배출",영농폐기물,폐비닐,0.0,0.0,0.0,0.0
부산,사상구,"재활용 가능자원 분리배출",폐식용유,EMPTY,0.0,0.0,0.0,0.0
부산,사상구,"재활용 가능자원 분리배출",폐전기전자제품,EMPTY,1.6,0.0,0.0,1.6
부산,사상구,"재활용 가능자원 분리배출",폐가구류,EMPTY,0.0,0.0,0.0,0.0
부산,사상구,"재활용 가능자원 분리배출",기타,EMPTY,1.4,0.0,0.0,1.4
부산,사상구,"재활용 가능자원 분리배출",재활용 잔재물,EMPTY,9.5,0.0,9.5,0.0
부산,사상구,음식물류 폐기물 분리배출,EMPTY,EMPTY,49.1,0.0,0.0,49.1
부산,기장군,종량제방식 등 혼합배출,가연성,폐지류,15.2,0.8,11.3,3.1
부산,기장군,종량제방식 등 혼합배출,가연성,폐합성수지류,12.9,1.2,6.0,5.7
부산,기장군,종량제방식 등 혼합배출,가연성,폐고무류,5.2,0.1,3.1,2.0
부산,기장군,종량제방식 등 혼합배출,가연성,폐섬유류,0.0,0.0,0.0,0.0
부산,기장군,종량제방식 등 혼합배출,가연성,음식물류 폐기물,6.3,0.6,5.3,0.4
부산,기장군,종량제방식 등 혼합배출,가연성,폐목재류,1.7,0.1,1.5,0.1
부산,기장군,종량제방식 등 혼합배출,가연성,기타,0.5,0.3,0.0,0.2
부산,기장군,종량제방식 등 혼합배출,불연성,폐금속류,2.2,0.1,2.0,0.1
부산,기장군,종량제방식 등 혼합배출,불연성,폐유리류,2.2,0.1,2.1,0.0
부산,기장군,종량제방식 등 혼합배출,불연성,폐토사류,0.0,0.0,0.0,0.0
부산,기장군,종량제방식 등 혼합배출,불연성,폐타일 및 도자기류,0.0,0.0,0.0,0.0
부산,기장군,종량제방식 등 혼합배출,불연성,연탄재,0.0,0.0,0.0,0.0
부산,기장군,종량제방식 등 혼합배출,불연성,기타,1.4,0.4,1.0,0.0
부산,기장군,종량제방식 등 혼합배출,건설폐재류,EMPTY,0.0,0.0,0.0,0.0
부산,기장군,종량제방식 등 혼합배출,기타(배출불명등),EMPTY,0.0,0.0,0.0,0.0
부산,기장군,"재활용 가능자원 분리배출",폐지류,종이팩,0.0,0.0,0.0,0.0
부산,기장군,"재활용 가능자원 분리배출",폐지류,기타,8.4,0.0,0.0,8.4
부산,기장군,"재활용 가능자원 분리배출",고철류,EMPTY,2.8,0.0,0.0,2.8
부산,기장군,"재활용 가능자원 분리배출",금속캔,EMPTY,1.4,0.0,0.0,1.4
부산,기장군,"재활용 가능자원 분리배출",폐합성수지류,비닐류,4.4,0.0,0.0,4.4
부산,기장군,"재활용 가능자원 분리배출",폐합성수지류,발포수지류,0.4,0.0,0.0,0.4
부산,기장군,"재활용 가능자원 분리배출",폐합성수지류,PET병,0.6,0.0,0.0,0.6
부산,기장군,"재활용 가능자원 분리배출",폐합성수지류,기타,4.8,0.0,0.0,4.8
부산,기장군,"재활용 가능자원 분리배출",폐고무류,EMPTY,0.0,0.0,0.0,0.0
부산,기장군,"재활용 가능자원 분리배출",폐유리병류,EMPTY,2.4,0.0,0.0,2.4
부산,기장군,"재활용 가능자원 분리배출",폐의류,EMPTY,1.1,0.0,0.0,1.1
부산,기장군,"재활용 가능자원 분리배출",폐섬유류,EMPTY,0.0,0.0,0.0,0.0
부산,기장군,"재활용 가능자원 분리배출",폐형광등,EMPTY,0.1,0.0,0.0,0.1
부산,기장군,"재활용 가능자원 분리배출",폐전지류,EMPTY,0.0,0.0,0.0,0.0
부산,기장군,"재활용 가능자원 분리배출",영농폐기물,농약용기류,0.0,0.0,0.0,0.0
부산,기장군,"재활용 가능자원 분리배출",영농폐기물,폐비닐,0.3,0.0,0.0,0.3
부산,기장군,"재활용 가능자원 분리배출",폐식용유,EMPTY,0.0,0.0,0.0,0.0
부산,기장군,"재활용 가능자원 분리배출",폐전기전자제품,EMPTY,1.0,0.0,0.0,1.0
부산,기장군,"재활용 가능자원 분리배출",폐가구류,EMPTY,0.0,0.0,0.0,0.0
부산,기장군,"재활용 가능자원 분리배출",기타,EMPTY,0.6,0.0,0.0,0.6
부산,기장군,"재활용 가능자원 분리배출",재활용 잔재물,EMPTY,3.4,0.0,3.4,0.0
부산,기장군,음식물류 폐기물 분리배출,EMPTY,EMPTY,45.5,0.0,0.0,45.5
대구,중구,종량제방식 등 혼합배출,가연성,폐지류,13.8,5.6,1.1,7.1
대구,중구,종량제방식 등 혼합배출,가연성,폐합성수지류,12.5,5.1,1.0,6.4
대구,중구,종량제방식 등 혼합배출,가연성,폐고무류,0.4,0.2,0.0,0.2
대구,중구,종량제방식 등 혼합배출,가연성,폐섬유류,3.1,1.3,0.2,1.6
대구,중구,종량제방식 등 혼합배출,가연성,음식물류 폐기물,4.2,1.7,0.3,2.2
대구,중구,종량제방식 등 혼합배출,가연성,폐목재류,1.2,0.5,0.1,0.6
대구,중구,종량제방식 등 혼합배출,가연성,기타,26.3,10.7,2.1,13.5
대구,중구,종량제방식 등 혼합배출,불연성,폐금속류,1.0,0.4,0.1,0.5
대구,중구,종량제방식 등 혼합배출,불연성,폐유리류,1.4,0.6,0.1,0.7
대구,중구,종량제방식 등 혼합배출,불연성,폐토사류,0.2,0.1,0.0,0.1
대구,중구,종량제방식 등 혼합배출,불연성,폐타일 및 도자기류,0.2,0.1,0.0,0.1
대구,중구,종량제방식 등 혼합배출,불연성,연탄재,0.0,0.0,0.0,0.0
대구,중구,종량제방식 등 혼합배출,불연성,기타,1.7,0.7,0.1,0.9
대구,중구,종량제방식 등 혼합배출,건설폐재류,EMPTY,0.0,0.0,0.0,0.0
대구,중구,종량제방식 등 혼합배출,기타(배출불명등),EMPTY,0.0,0.0,0.0,0.0
대구,중구,"재활용 가능자원 분리배출",폐지류,종이팩,9.4,0.0,0.0,9.4
대구,중구,"재활용 가능자원 분리배출",폐지류,기타,0.2,0.0,0.0,0.2
대구,중구,"재활용 가능자원 분리배출",고철류,EMPTY,2.1,0.0,0.0,2.1
대구,중구,"재활용 가능자원 분리배출",금속캔,EMPTY,3.2,0.0,0.0,3.2
대구,중구,"재활용 가능자원 분리배출",폐합성수지류,비닐류,3.5,0.0,0.0,3.5
대구,중구,"재활용 가능자원 분리배출",폐합성수지류,발포수지류,0.2,0.0,0.0,0.2
대구,중구,"재활용 가능자원 분리배출",폐합성수지류,PET병,2.1,0.0,0.0,2.1
대구,중구,"재활용 가능자원 분리배출",폐합성수지류,기타,0.8,0.0,0.0,0.8
대구,중구,"재활용 가능자원 분리배출",폐고무류,EMPTY,0.0,0.0,0.0,0.0
대구,중구,"재활용 가능자원 분리배출",폐유리병류,EMPTY,10.6,0.0,0.0,10.6
대구,중구,"재활용 가능자원 분리배출",폐의류,EMPTY,1.4,0.0,0.0,1.4
대구,중구,"재활용 가능자원 분리배출",폐섬유류,EMPTY,0.0,0.0,0.0,0.0
대구,중구,"재활용 가능자원 분리배출",폐형광등,EMPTY,0.0,0.0,0.0,0.0
대구,중구,"재활용 가능자원 분리배출",폐전지류,EMPTY,0.0,0.0,0.0,0.0
대구,중구,"재활용 가능자원 분리배출",영농폐기물,농약용기류,0.0,0.0,0.0,0.0
대구,중구,"재활용 가능자원 분리배출",영농폐기물,폐비닐,0.0,0.0,0.0,0.0
대구,중구,"재활용 가능자원 분리배출",폐식용유,EMPTY,0.0,0.0,0.0,0.0
대구,중구,"재활용 가능자원 분리배출",폐전기전자제품,EMPTY,0.1,0.0,0.0,0.1
대구,중구,"재활용 가능자원 분리배출",폐가구류,EMPTY,4.9,0.0,0.0,4.9
대구,중구,"재활용 가능자원 분리배출",기타,EMPTY,0.2,0.0,0.0,0.2
대구,중구,"재활용 가능자원 분리배출",재활용 잔재물,EMPTY,4.8,0.1,1.4,3.3
대구,중구,음식물류 폐기물 분리배출,EMPTY,EMPTY,30.7,0.0,0.0,30.7
대구,동구,종량제방식 등 혼합배출,가연성,폐지류,33.2,12.2,4.1,16.9
대구,동구,종량제방식 등 혼합배출,가연성,폐합성수지류,30.0,11.0,3.7,15.3
대구,동구,종량제방식 등 혼합배출,가연성,폐고무류,1.0,0.4,0.1,0.5
대구,동구,종량제방식 등 혼합배출,가연성,폐섬유류,7.3,2.7,0.9,3.7
대구,동구,종량제방식 등 혼합배출,가연성,음식물류 폐기물,10.4,3.8,1.3,5.3
대구,동구,종량제방식 등 혼합배출,가연성,폐목재류,2.8,1.0,0.4,1.4
대구,동구,종량제방식 등 혼합배출,가연성,기타,63.8,23.4,7.9,32.5
대구,동구,종량제방식 등 혼합배출,불연성,폐금속류,2.5,0.9,0.3,1.3
대구,동구,종량제방식 등 혼합배출,불연성,폐유리류,3.5,1.3,0.4,1.8
대구,동구,종량제방식 등 혼합배출,불연성,폐토사류,0.6,0.2,0.1,0.3
대구,동구,종량제방식 등 혼합배출,불연성,폐타일 및 도자기류,0.3,0.1,0.0,0.2
대구,동구,종량제방식 등 혼합배출,불연성,연탄재,0.0,0.0,0.0,0.0
대구,동구,종량제방식 등 혼합배출,불연성,기타,4.6,1.7,0.6,2.3
대구,동구,종량제방식 등 혼합배출,건설폐재류,EMPTY,0.0,0.0,0.0,0.0
대구,동구,종량제방식 등 혼합배출,기타(배출불명등),EMPTY,0.0,0.0,0.0,0.0
대구,동구,"재활용 가능자원 분리배출",폐지류,종이팩,9.8,0.0,0.0,9.8
대구,동구,"재활용 가능자원 분리배출",폐지류,기타,0.0,0.0,0.0,0.0
대구,동구,"재활용 가능자원 분리배출",고철류,EMPTY,3.7,0.0,0.0,3.7
대구,동구,"재활용 가능자원 분리배출",금속캔,EMPTY,0.5,0.0,0.0,0.5
대구,동구,"재활용 가능자원 분리배출",폐합성수지류,비닐류,10.4,0.0,0.0,10.4
대구,동구,"재활용 가능자원 분리배출",폐합성수지류,발포수지류,2.5,0.0,0.0,2.5
대구,동구,"재활용 가능자원 분리배출",폐합성수지류,PET병,10.1,0.0,0.0,10.1
대구,동구,"재활용 가능자원 분리배출",폐합성수지류,기타,1.8,0.0,0.0,1.8
대구,동구,"재활용 가능자원 분리배출",폐고무류,EMPTY,0.0,0.0,0.0,0.0
대구,동구,"재활용 가능자원 분리배출",폐유리병류,EMPTY,10.5,0.0,0.0,10.5
대구,동구,"재활용 가능자원 분리배출",폐의류,EMPTY,9.8,0.0,0.0,9.8
대구,동구,"재활용 가능자원 분리배출",폐섬유류,EMPTY,0.0,0.0,0.0,0.0
대구,동구,"재활용 가능자원 분리배출",폐형광등,EMPTY,0.0,0.0,0.0,0.0
대구,동구,"재활용 가능자원 분리배출",폐전지류,EMPTY,0.5,0.0,0.0,0.5
대구,동구,"재활용 가능자원 분리배출",영농폐기물,농약용기류,0.0,0.0,0.0,0.0
대구,동구,"재활용 가능자원 분리배출",영농폐기물,폐비닐,0.0,0.0,0.0,0.0
대구,동구,"재활용 가능자원 분리배출",폐식용유,EMPTY,0.5,0.0,0.0,0.5
대구,동구,"재활용 가능자원 분리배출",폐전기전자제품,EMPTY,11.1,0.0,0.0,11.1
대구,동구,"재활용 가능자원 분리배출",폐가구류,EMPTY,0.0,0.0,0.0,0.0
대구,동구,"재활용 가능자원 분리배출",기타,EMPTY,6.4,0.0,0.0,6.4
대구,동구,"재활용 가능자원 분리배출",재활용 잔재물,EMPTY,27.2,0.0,27.2,0.0
대구,동구,음식물류 폐기물 분리배출,EMPTY,EMPTY,87.6,0.0,0.0,87.6
대구,서구,종량제방식 등 혼합배출,가연성,폐지류,22.1,10.0,4.0,8.1
대구,서구,종량제방식 등 혼합배출,가연성,폐합성수지류,19.9,9.0,3.6,7.3
대구,서구,종량제방식 등 혼합배출,가연성,폐고무류,0.6,0.3,0.1,0.2
대구,서구,종량제방식 등 혼합배출,가연성,폐섬유류,4.9,2.2,0.9,1.8
대구,서구,종량제방식 등 혼합배출,가연성,음식물류 폐기물,6.8,3.1,1.2,2.5
대구,서구,종량제방식 등 혼합배출,가연성,폐목재류,1.8,0.8,0.3,0.7
대구,서구,종량제방식 등 혼합배출,가연성,기타,42.3,19.1,7.6,15.6
대구,서구,종량제방식 등 혼합배출,불연성,폐금속류,1.6,0.7,0.3,0.6
대구,서구,종량제방식 등 혼합배출,불연성,폐유리류,2.2,1.0,0.4,0.8
대구,서구,종량제방식 등 혼합배출,불연성,폐토사류,0.3,0.1,0.1,0.1
대구,서구,종량제방식 등 혼합배출,불연성,폐타일 및 도자기류,0.2,0.1,0.0,0.1
대구,서구,종량제방식 등 혼합배출,불연성,연탄재,0.0,0.0,0.0,0.0
대구,서구,종량제방식 등 혼합배출,불연성,기타,3.0,1.4,0.5,1.1
대구,서구,종량제방식 등 혼합배출,건설폐재류,EMPTY,0.0,0.0,0.0,0.0
대구,서구,종량제방식 등 혼합배출,기타(배출불명등),EMPTY,0.0,0.0,0.0,0.0
대구,서구,"재활용 가능자원 분리배출",폐지류,종이팩,0.1,0.0,0.0,0.1
대구,서구,"재활용 가능자원 분리배출",폐지류,기타,46.0,0.0,0.0,46.0
대구,서구,"재활용 가능자원 분리배출",고철류,EMPTY,0.4,0.0,0.0,0.4
대구,서구,"재활용 가능자원 분리배출",금속캔,EMPTY,5.7,0.0,0.0,5.7
대구,서구,"재활용 가능자원 분리배출",폐합성수지류,비닐류,1.7,0.0,0.0,1.7
대구,서구,"재활용 가능자원 분리배출",폐합성수지류,발포수지류,0.3,0.0,0.0,0.3
대구,서구,"재활용 가능자원 분리배출",폐합성수지류,PET병,1.9,0.0,0.0,1.9
대구,서구,"재활용 가능자원 분리배출",폐합성수지류,기타,0.8,0.0,0.0,0.8
대구,서구,"재활용 가능자원 분리배출",폐고무류,EMPTY,0.0,0.0,0.0,0.0
대구,서구,"재활용 가능자원 분리배출",폐유리병류,EMPTY,8.1,0.0,0.0,8.1
대구,서구,"재활용 가능자원 분리배출",폐의류,EMPTY,0.0,0.0,0.0,0.0
대구,서구,"재활용 가능자원 분리배출",폐섬유류,EMPTY,0.0,0.0,0.0,0.0
대구,서구,"재활용 가능자원 분리배출",폐형광등,EMPTY,0.1,0.0,0.0,0.1
대구,서구,"재활용 가능자원 분리배출",폐전지류,EMPTY,0.1,0.0,0.0,0.1
대구,서구,"재활용 가능자원 분리배출",영농폐기물,농약용기류,0.0,0.0,0.0,0.0
대구,서구,"재활용 가능자원 분리배출",영농폐기물,폐비닐,0.0,0.0,0.0,0.0
대구,서구,"재활용 가능자원 분리배출",폐식용유,EMPTY,0.0,0.0,0.0,0.0
대구,서구,"재활용 가능자원 분리배출",폐전기전자제품,EMPTY,0.1,0.0,0.0,0.1
대구,서구,"재활용 가능자원 분리배출",폐가구류,EMPTY,0.0,0.0,0.0,0.0
대구,서구,"재활용 가능자원 분리배출",기타,EMPTY,3.2,0.0,0.0,3.2
대구,서구,"재활용 가능자원 분리배출",재활용 잔재물,EMPTY,4.5,0.0,0.0,4.5
대구,서구,음식물류 폐기물 분리배출,EMPTY,EMPTY,38.5,0.0,0.0,38.5
대구,남구,종량제방식 등 혼합배출,가연성,폐지류,17.5,8.3,2.9,6.3
대구,남구,종량제방식 등 혼합배출,가연성,폐합성수지류,15.8,7.5,2.6,5.7
대구,남구,종량제방식 등 혼합배출,가연성,폐고무류,0.6,0.3,0.1,0.2
대구,남구,종량제방식 등 혼합배출,가연성,폐섬유류,3.8,1.8,0.6,1.4
대구,남구,종량제방식 등 혼합배출,가연성,음식물류 폐기물,5.5,2.6,0.9,2.0
대구,남구,종량제방식 등 혼합배출,가연성,폐목재류,1.4,0.7,0.2,0.5
대구,남구,종량제방식 등 혼합배출,가연성,기타,33.6,15.9,5.5,12.2
대구,남구,종량제방식 등 혼합배출,불연성,폐금속류,1.3,0.6,0.2,0.5
대구,남구,종량제방식 등 혼합배출,불연성,폐유리류,1.9,0.9,0.3,0.7
대구,남구,종량제방식 등 혼합배출,불연성,폐토사류,0.2,0.1,0.0,0.1
대구,남구,종량제방식 등 혼합배출,불연성,폐타일 및 도자기류,0.1,0.1,0.0,0.0
대구,남구,종량제방식 등 혼합배출,불연성,연탄재,0.0,0.0,0.0,0.0
대구,남구,종량제방식 등 혼합배출,불연성,기타,2.4,1.1,0.4,0.9
대구,남구,종량제방식 등 혼합배출,건설폐재류,EMPTY,0.0,0.0,0.0,0.0
대구,남구,종량제방식 등 혼합배출,기타(배출불명등),EMPTY,0.0,0.0,0.0,0.0
대구,남구,"재활용 가능자원 분리배출",폐지류,종이팩,4.8,0.0,0.0,4.8
대구,남구,"재활용 가능자원 분리배출",폐지류,기타,0.7,0.0,0.0,0.7
대구,남구,"재활용 가능자원 분리배출",고철류,EMPTY,0.0,0.0,0.0,0.0
대구,남구,"재활용 가능자원 분리배출",금속캔,EMPTY,5.1,0.0,0.0,5.1
대구,남구,"재활용 가능자원 분리배출",폐합성수지류,비닐류,8.2,0.0,0.0,8.2
대구,남구,"재활용 가능자원 분리배출",폐합성수지류,발포수지류,0.3,0.0,0.0,0.3
대구,남구,"재활용 가능자원 분리배출",폐합성수지류,PET병,10.6,0.0,0.0,10.6
대구,남구,"재활용 가능자원 분리배출",폐합성수지류,기타,4.4,0.0,0.0,4.4
대구,남구,"재활용 가능자원 분리배출",폐고무류,EMPTY,0.0,0.0,0.0,0.0
대구,남구,"재활용 가능자원 분리배출",폐유리병류,EMPTY,10.0,0.0,0.0,10.0
대구,남구,"재활용 가능자원 분리배출",폐의류,EMPTY,0.9,0.0,0.0,0.9
대구,남구,"재활용 가능자원 분리배출",폐섬유류,EMPTY,0.0,0.0,0.0,0.0
대구,남구,"재활용 가능자원 분리배출",폐형광등,EMPTY,0.1,0.0,0.0,0.1
대구,남구,"재활용 가능자원 분리배출",폐전지류,EMPTY,0.0,0.0,0.0,0.0
대구,남구,"재활용 가능자원 분리배출",영농폐기물,농약용기류,0.0,0.0,0.0,0.0
대구,남구,"재활용 가능자원 분리배출",영농폐기물,폐비닐,0.0,0.0,0.0,0.0
대구,남구,"재활용 가능자원 분리배출",폐식용유,EMPTY,0.0,0.0,0.0,0.0
대구,남구,"재활용 가능자원 분리배출",폐전기전자제품,EMPTY,2.3,0.0,0.0,2.3
대구,남구,"재활용 가능자원 분리배출",폐가구류,EMPTY,0.0,0.0,0.0,0.0
대구,남구,"재활용 가능자원 분리배출",기타,EMPTY,2.3,0.0,0.0,2.3
대구,남구,"재활용 가능자원 분리배출",재활용 잔재물,EMPTY,6.0,0.0,0.0,6.0
대구,남구,음식물류 폐기물 분리배출,EMPTY,EMPTY,26.9,0.0,0.0,26.9
대구,북구,종량제방식 등 혼합배출,가연성,폐지류,41.3,19.0,5.6,16.7
대구,북구,종량제방식 등 혼합배출,가연성,폐합성수지류,37.2,17.1,5.0,15.1
대구,북구,종량제방식 등 혼합배출,가연성,폐고무류,1.3,0.6,0.2,0.5
대구,북구,종량제방식 등 혼합배출,가연성,폐섬유류,8.9,4.1,1.2,3.6
대구,북구,종량제방식 등 혼합배출,가연성,음식물류 폐기물,12.8,5.9,1.7,5.2
대구,북구,종량제방식 등 혼합배출,가연성,폐목재류,3.5,1.6,0.5,1.4
대구,북구,종량제방식 등 혼합배출,가연성,기타,79.2,36.4,10.7,32.1
대구,북구,종량제방식 등 혼합배출,불연성,폐금속류,3.0,1.4,0.4,1.2
대구,북구,종량제방식 등 혼합배출,불연성,폐유리류,4.4,2.0,0.6,1.8
대구,북구,종량제방식 등 혼합배출,불연성,폐토사류,0.6,0.3,0.1,0.2
대구,북구,종량제방식 등 혼합배출,불연성,폐타일 및 도자기류,0.5,0.2,0.1,0.2
대구,북구,종량제방식 등 혼합배출,불연성,연탄재,0.0,0.0,0.0,0.0
대구,북구,종량제방식 등 혼합배출,불연성,기타,5.7,2.6,0.8,2.3
대구,북구,종량제방식 등 혼합배출,건설폐재류,EMPTY,0.0,0.0,0.0,0.0
대구,북구,종량제방식 등 혼합배출,기타(배출불명등),EMPTY,0.0,0.0,0.0,0.0
대구,북구,"재활용 가능자원 분리배출",폐지류,종이팩,0.2,0.0,0.0,0.2
대구,북구,"재활용 가능자원 분리배출",폐지류,기타,40.5,0.0,0.0,40.5
대구,북구,"재활용 가능자원 분리배출",고철류,EMPTY,1.1,0.0,0.0,1.1
대구,북구,"재활용 가능자원 분리배출",금속캔,EMPTY,1.5,0.0,0.0,1.5
대구,북구,"재활용 가능자원 분리배출",폐합성수지류,비닐류,6.8,0.0,0.0,6.8
대구,북구,"재활용 가능자원 분리배출",폐합성수지류,발포수지류,0.5,0.0,0.0,0.5
대구,북구,"재활용 가능자원 분리배출",폐합성수지류,PET병,3.2,0.0,0.0,3.2
대구,북구,"재활용 가능자원 분리배출",폐합성수지류,기타,30.6,0.0,0.0,30.6
대구,북구,"재활용 가능자원 분리배출",폐고무류,EMPTY,0.0,0.0,0.0,0.0
대구,북구,"재활용 가능자원 분리배출",폐유리병류,EMPTY,9.9,0.0,0.0,9.9
대구,북구,"재활용 가능자원 분리배출",폐의류,EMPTY,0.0,0.0,0.0,0.0
대구,북구,"재활용 가능자원 분리배출",폐섬유류,EMPTY,11.5,0.0,0.0,11.5
대구,북구,"재활용 가능자원 분리배출",폐형광등,EMPTY,0.0,0.0,0.0,0.0
대구,북구,"재활용 가능자원 분리배출",폐전지류,EMPTY,0.1,0.0,0.0,0.1
대구,북구,"재활용 가능자원 분리배출",영농폐기물,농약용기류,0.0,0.0,0.0,0.0
대구,북구,"재활용 가능자원 분리배출",영농폐기물,폐비닐,0.0,0.0,0.0,0.0
대구,북구,"재활용 가능자원 분리배출",폐식용유,EMPTY,1.2,0.0,0.0,1.2
대구,북구,"재활용 가능자원 분리배출",폐전기전자제품,EMPTY,0.5,0.0,0.0,0.5
대구,북구,"재활용 가능자원 분리배출",폐가구류,EMPTY,0.0,0.0,0.0,0.0
대구,북구,"재활용 가능자원 분리배출",기타,EMPTY,0.0,0.0,0.0,0.0
대구,북구,"재활용 가능자원 분리배출",재활용 잔재물,EMPTY,10.1,1.3,8.8,0.0
대구,북구,음식물류 폐기물 분리배출,EMPTY,EMPTY,125.0,0.0,0.0,125.0
대구,수성구,종량제방식 등 혼합배출,가연성,폐지류,38.4,12.2,7.2,19.0
대구,수성구,종량제방식 등 혼합배출,가연성,폐합성수지류,34.7,11.0,6.5,17.2
대구,수성구,종량제방식 등 혼합배출,가연성,폐고무류,1.2,0.4,0.2,0.6
대구,수성구,종량제방식 등 혼합배출,가연성,폐섬유류,8.4,2.7,1.6,4.1
대구,수성구,종량제방식 등 혼합배출,가연성,음식물류 폐기물,11.9,3.8,2.2,5.9
대구,수성구,종량제방식 등 혼합배출,가연성,폐목재류,3.2,1.0,0.6,1.6
대구,수성구,종량제방식 등 혼합배출,가연성,기타,73.7,23.4,13.8,36.5
대구,수성구,종량제방식 등 혼합배출,불연성,폐금속류,2.8,0.9,0.5,1.4
대구,수성구,종량제방식 등 혼합배출,불연성,폐유리류,4.1,1.3,0.8,2.0
대구,수성구,종량제방식 등 혼합배출,불연성,폐토사류,0.6,0.2,0.1,0.3
대구,수성구,종량제방식 등 혼합배출,불연성,폐타일 및 도자기류,0.4,0.1,0.1,0.2
대구,수성구,종량제방식 등 혼합배출,불연성,연탄재,0.0,0.0,0.0,0.0
대구,수성구,종량제방식 등 혼합배출,불연성,기타,5.3,1.7,1.0,2.6
대구,수성구,종량제방식 등 혼합배출,건설폐재류,EMPTY,0.0,0.0,0.0,0.0
대구,수성구,종량제방식 등 혼합배출,기타(배출불명등),EMPTY,0.0,0.0,0.0,0.0
대구,수성구,"재활용 가능자원 분리배출",폐지류,종이팩,0.1,0.0,0.0,0.1
대구,수성구,"재활용 가능자원 분리배출",폐지류,기타,14.7,0.0,0.0,14.7
대구,수성구,"재활용 가능자원 분리배출",고철류,EMPTY,10.9,0.0,0.0,10.9
대구,수성구,"재활용 가능자원 분리배출",금속캔,EMPTY,6.4,0.0,0.0,6.4
대구,수성구,"재활용 가능자원 분리배출",폐합성수지류,비닐류,5.6,0.0,0.0,5.6
대구,수성구,"재활용 가능자원 분리배출",폐합성수지류,발포수지류,0.6,0.0,0.0,0.6
대구,수성구,"재활용 가능자원 분리배출",폐합성수지류,PET병,2.7,0.0,0.0,2.7
대구,수성구,"재활용 가능자원 분리배출",폐합성수지류,기타,5.6,0.0,0.0,5.6
대구,수성구,"재활용 가능자원 분리배출",폐고무류,EMPTY,0.0,0.0,0.0,0.0
대구,수성구,"재활용 가능자원 분리배출",폐유리병류,EMPTY,17.7,0.0,0.0,17.7
대구,수성구,"재활용 가능자원 분리배출",폐의류,EMPTY,4.1,0.0,0.0,4.1
대구,수성구,"재활용 가능자원 분리배출",폐섬유류,EMPTY,0.0,0.0,0.0,0.0
대구,수성구,"재활용 가능자원 분리배출",폐형광등,EMPTY,0.2,0.0,0.0,0.2
대구,수성구,"재활용 가능자원 분리배출",폐전지류,EMPTY,0.1,0.0,0.0,0.1
대구,수성구,"재활용 가능자원 분리배출",영농폐기물,농약용기류,0.0,0.0,0.0,0.0
대구,수성구,"재활용 가능자원 분리배출",영농폐기물,폐비닐,0.0,0.0,0.0,0.0
대구,수성구,"재활용 가능자원 분리배출",폐식용유,EMPTY,0.2,0.0,0.0,0.2
대구,수성구,"재활용 가능자원 분리배출",폐전기전자제품,EMPTY,1.4,0.0,0.0,1.4
대구,수성구,"재활용 가능자원 분리배출",폐가구류,EMPTY,0.0,0.0,0.0,0.0
대구,수성구,"재활용 가능자원 분리배출",기타,EMPTY,0.0,0.0,0.0,0.0
대구,수성구,"재활용 가능자원 분리배출",재활용 잔재물,EMPTY,18.1,0.0,0.0,18.1
대구,수성구,음식물류 폐기물 분리배출,EMPTY,EMPTY,116.8,0.0,0.0,116.8
대구,달서구,종량제방식 등 혼합배출,가연성,폐지류,56.1,22.9,14.3,18.9
대구,달서구,종량제방식 등 혼합배출,가연성,폐합성수지류,50.7,20.7,12.9,17.1
대구,달서구,종량제방식 등 혼합배출,가연성,폐고무류,1.7,0.7,0.4,0.6
대구,달서구,종량제방식 등 혼합배출,가연성,폐섬유류,12.2,5.0,3.1,4.1
대구,달서구,종량제방식 등 혼합배출,가연성,음식물류 폐기물,17.6,7.2,4.5,5.9
대구,달서구,종량제방식 등 혼합배출,가연성,폐목재류,4.8,2.0,1.2,1.6
대구,달서구,종량제방식 등 혼합배출,가연성,기타,107.6,44.0,27.4,36.2
대구,달서구,종량제방식 등 혼합배출,불연성,폐금속류,4.2,1.7,1.1,1.4
대구,달서구,종량제방식 등 혼합배출,불연성,폐유리류,5.9,2.4,1.5,2.0
대구,달서구,종량제방식 등 혼합배출,불연성,폐토사류,0.8,0.3,0.2,0.3
대구,달서구,종량제방식 등 혼합배출,불연성,폐타일 및 도자기류,0.5,0.2,0.1,0.2
대구,달서구,종량제방식 등 혼합배출,불연성,연탄재,0.0,0.0,0.0,0.0
대구,달서구,종량제방식 등 혼합배출,불연성,기타,7.6,3.1,1.9,2.6
대구,달서구,종량제방식 등 혼합배출,건설폐재류,EMPTY,0.0,0.0,0.0,0.0
대구,달서구,종량제방식 등 혼합배출,기타(배출불명등),EMPTY,0.0,0.0,0.0,0.0
대구,달서구,"재활용 가능자원 분리배출",폐지류,종이팩,10.7,0.0,0.0,10.7
대구,달서구,"재활용 가능자원 분리배출",폐지류,기타,34.5,0.0,0.0,34.5
대구,달서구,"재활용 가능자원 분리배출",고철류,EMPTY,37.1,0.0,0.0,37.1
대구,달서구,"재활용 가능자원 분리배출",금속캔,EMPTY,8.8,0.0,0.0,8.8
대구,달서구,"재활용 가능자원 분리배출",폐합성수지류,비닐류,13.4,0.0,0.0,13.4
대구,달서구,"재활용 가능자원 분리배출",폐합성수지류,발포수지류,4.9,0.0,0.0,4.9
대구,달서구,"재활용 가능자원 분리배출",폐합성수지류,PET병,9.6,0.0,0.0,9.6
대구,달서구,"재활용 가능자원 분리배출",폐합성수지류,기타,4.0,0.0,0.0,4.0
대구,달서구,"재활용 가능자원 분리배출",폐고무류,EMPTY,0.0,0.0,0.0,0.0
대구,달서구,"재활용 가능자원 분리배출",폐유리병류,EMPTY,19.2,0.0,0.0,19.2
대구,달서구,"재활용 가능자원 분리배출",폐의류,EMPTY,4.5,0.0,0.0,4.5
대구,달서구,"재활용 가능자원 분리배출",폐섬유류,EMPTY,0.0,0.0,0.0,0.0
대구,달서구,"재활용 가능자원 분리배출",폐형광등,EMPTY,0.4,0.0,0.0,0.4
대구,달서구,"재활용 가능자원 분리배출",폐전지류,EMPTY,0.3,0.0,0.0,0.3
대구,달서구,"재활용 가능자원 분리배출",영농폐기물,농약용기류,0.0,0.0,0.0,0.0
대구,달서구,"재활용 가능자원 분리배출",영농폐기물,폐비닐,0.0,0.0,0.0,0.0
대구,달서구,"재활용 가능자원 분리배출",폐식용유,EMPTY,0.1,0.0,0.0,0.1
대구,달서구,"재활용 가능자원 분리배출",폐전기전자제품,EMPTY,0.4,0.0,0.0,0.4
대구,달서구,"재활용 가능자원 분리배출",폐가구류,EMPTY,0.0,0.0,0.0,0.0
대구,달서구,"재활용 가능자원 분리배출",기타,EMPTY,0.2,0.0,0.0,0.2
대구,달서구,"재활용 가능자원 분리배출",재활용 잔재물,EMPTY,29.6,3.1,0.0,26.5
대구,달서구,음식물류 폐기물 분리배출,EMPTY,EMPTY,148.4,0.0,0.0,148.4
대구,달성군,종량제방식 등 혼합배출,가연성,폐지류,36.4,15.1,8.8,12.5
대구,달성군,종량제방식 등 혼합배출,가연성,폐합성수지류,30.8,12.7,7.5,10.6
대구,달성군,종량제방식 등 혼합배출,가연성,폐고무류,1.3,0.4,0.4,0.5
대구,달성군,종량제방식 등 혼합배출,가연성,폐섬유류,0.0,0.0,0.0,0.0
대구,달성군,종량제방식 등 혼합배출,가연성,음식물류 폐기물,0.0,0.0,0.0,0.0
대구,달성군,종량제방식 등 혼합배출,가연성,폐목재류,2.0,0.8,0.5,0.7
대구,달성군,종량제방식 등 혼합배출,가연성,기타,43.5,15.8,11.5,16.2
대구,달성군,종량제방식 등 혼합배출,불연성,폐금속류,2.1,1.0,0.5,0.6
대구,달성군,종량제방식 등 혼합배출,불연성,폐유리류,3.3,1.4,0.7,1.2
대구,달성군,종량제방식 등 혼합배출,불연성,폐토사류,0.4,0.1,0.1,0.2
대구,달성군,종량제방식 등 혼합배출,불연성,폐타일 및 도자기류,0.0,0.0,0.0,0.0
대구,달성군,종량제방식 등 혼합배출,불연성,연탄재,0.0,0.0,0.0,0.0
대구,달성군,종량제방식 등 혼합배출,불연성,기타,3.0,1.2,0.7,1.1
대구,달성군,종량제방식 등 혼합배출,건설폐재류,EMPTY,0.0,0.0,0.0,0.0
대구,달성군,종량제방식 등 혼합배출,기타(배출불명등),EMPTY,0.0,0.0,0.0,0.0
대구,달성군,"재활용 가능자원 분리배출",폐지류,종이팩,0.0,0.0,0.0,0.0
대구,달성군,"재활용 가능자원 분리배출",폐지류,기타,21.9,0.0,0.0,21.9
대구,달성군,"재활용 가능자원 분리배출",고철류,EMPTY,1.5,0.0,0.0,1.5
대구,달성군,"재활용 가능자원 분리배출",금속캔,EMPTY,0.1,0.0,0.0,0.1
대구,달성군,"재활용 가능자원 분리배출",폐합성수지류,비닐류,5.5,0.0,0.0,5.5
대구,달성군,"재활용 가능자원 분리배출",폐합성수지류,발포수지류,0.4,0.0,0.0,0.4
대구,달성군,"재활용 가능자원 분리배출",폐합성수지류,PET병,13.1,0.0,0.0,13.1
대구,달성군,"재활용 가능자원 분리배출",폐합성수지류,기타,1.2,0.0,0.0,1.2
대구,달성군,"재활용 가능자원 분리배출",폐고무류,EMPTY,0.0,0.0,0.0,0.0
대구,달성군,"재활용 가능자원 분리배출",폐유리병류,EMPTY,5.7,0.0,0.0,5.7
대구,달성군,"재활용 가능자원 분리배출",폐의류,EMPTY,6.6,0.0,0.0,6.6
대구,달성군,"재활용 가능자원 분리배출",폐섬유류,EMPTY,0.0,0.0,0.0,0.0
대구,달성군,"재활용 가능자원 분리배출",폐형광등,EMPTY,0.0,0.0,0.0,0.0
대구,달성군,"재활용 가능자원 분리배출",폐전지류,EMPTY,0.0,0.0,0.0,0.0
대구,달성군,"재활용 가능자원 분리배출",영농폐기물,농약용기류,0.0,0.0,0.0,0.0
대구,달성군,"재활용 가능자원 분리배출",영농폐기물,폐비닐,0.9,0.0,0.0,0.9
대구,달성군,"재활용 가능자원 분리배출",폐식용유,EMPTY,0.0,0.0,0.0,0.0
대구,달성군,"재활용 가능자원 분리배출",폐전기전자제품,EMPTY,0.1,0.0,0.0,0.1
대구,달성군,"재활용 가능자원 분리배출",폐가구류,EMPTY,0.0,0.0,0.0,0.0
대구,달성군,"재활용 가능자원 분리배출",기타,EMPTY,0.7,0.0,0.0,0.7
대구,달성군,"재활용 가능자원 분리배출",재활용 잔재물,EMPTY,19.1,1.3,6.2,11.6
대구,달성군,음식물류 폐기물 분리배출,EMPTY,EMPTY,65.0,0.0,0.0,65.0
대구,군위군,종량제방식 등 혼합배출,가연성,폐지류,1.2,0.0,0.5,0.7
대구,군위군,종량제방식 등 혼합배출,가연성,폐합성수지류,4.7,0.8,3.6,0.3
대구,군위군,종량제방식 등 혼합배출,가연성,폐고무류,1.4,0.3,1.1,0.0
대구,군위군,종량제방식 등 혼합배출,가연성,폐섬유류,0.0,0.0,0.0,0.0
대구,군위군,종량제방식 등 혼합배출,가연성,음식물류 폐기물,0.0,0.0,0.0,0.0
대구,군위군,종량제방식 등 혼합배출,가연성,폐목재류,0.2,0.0,0.2,0.0
대구,군위군,종량제방식 등 혼합배출,가연성,기타,0.8,0.8,0.0,0.0
대구,군위군,종량제방식 등 혼합배출,불연성,폐금속류,0.2,0.0,0.0,0.2
대구,군위군,종량제방식 등 혼합배출,불연성,폐유리류,0.4,0.1,0.0,0.3
대구,군위군,종량제방식 등 혼합배출,불연성,폐토사류,7.4,7.4,0.0,0.0
대구,군위군,종량제방식 등 혼합배출,불연성,폐타일 및 도자기류,0.1,0.1,0.0,0.0
대구,군위군,종량제방식 등 혼합배출,불연성,연탄재,0.0,0.0,0.0,0.0
대구,군위군,종량제방식 등 혼합배출,불연성,기타,5.4,5.2,0.0,0.2
대구,군위군,종량제방식 등 혼합배출,건설폐재류,EMPTY,0.0,0.0,0.0,0.0
대구,군위군,종량제방식 등 혼합배출,기타(배출불명등),EMPTY,0.0,0.0,0.0,0.0
대구,군위군,"재활용 가능자원 분리배출",폐지류,종이팩,0.0,0.0,0.0,0.0
대구,군위군,"재활용 가능자원 분리배출",폐지류,기타,0.0,0.0,0.0,0.0
대구,군위군,"재활용 가능자원 분리배출",고철류,EMPTY,0.0,0.0,0.0,0.0
대구,군위군,"재활용 가능자원 분리배출",금속캔,EMPTY,0.0,0.0,0.0,0.0
대구,군위군,"재활용 가능자원 분리배출",폐합성수지류,비닐류,0.0,0.0,0.0,0.0
대구,군위군,"재활용 가능자원 분리배출",폐합성수지류,발포수지류,0.0,0.0,0.0,0.0
대구,군위군,"재활용 가능자원 분리배출",폐합성수지류,PET병,0.0,0.0,0.0,0.0
대구,군위군,"재활용 가능자원 분리배출",폐합성수지류,기타,0.0,0.0,0.0,0.0
대구,군위군,"재활용 가능자원 분리배출",폐고무류,EMPTY,0.0,0.0,0.0,0.0
대구,군위군,"재활용 가능자원 분리배출",폐유리병류,EMPTY,0.0,0.0,0.0,0.0
대구,군위군,"재활용 가능자원 분리배출",폐의류,EMPTY,0.0,0.0,0.0,0.0
대구,군위군,"재활용 가능자원 분리배출",폐섬유류,EMPTY,0.0,0.0,0.0,0.0
대구,군위군,"재활용 가능자원 분리배출",폐형광등,EMPTY,0.0,0.0,0.0,0.0
대구,군위군,"재활용 가능자원 분리배출",폐전지류,EMPTY,0.0,0.0,0.0,0.0
대구,군위군,"재활용 가능자원 분리배출",영농폐기물,농약용기류,0.0,0.0,0.0,0.0
대구,군위군,"재활용 가능자원 분리배출",영농폐기물,폐비닐,0.0,0.0,0.0,0.0
대구,군위군,"재활용 가능자원 분리배출",폐식용유,EMPTY,0.0,0.0,0.0,0.0
대구,군위군,"재활용 가능자원 분리배출",폐전기전자제품,EMPTY,0.2,0.0,0.0,0.2
대구,군위군,"재활용 가능자원 분리배출",폐가구류,EMPTY,0.0,0.0,0.0,0.0
대구,군위군,"재활용 가능자원 분리배출",기타,EMPTY,0.0,0.0,0.0,0.0
대구,군위군,"재활용 가능자원 분리배출",재활용 잔재물,EMPTY,0.0,0.0,0.0,0.0
대구,군위군,음식물류 폐기물 분리배출,EMPTY,EMPTY,2.1,1.0,0.0,1.1
인천,중구,종량제방식 등 혼합배출,가연성,폐지류,26.6,10.0,16.6,0.0
인천,중구,종량제방식 등 혼합배출,가연성,폐합성수지류,16.9,6.3,10.6,0.0
인천,중구,종량제방식 등 혼합배출,가연성,폐고무류,0.5,0.2,0.3,0.0
인천,중구,종량제방식 등 혼합배출,가연성,폐섬유류,2.4,0.9,1.5,0.0
인천,중구,종량제방식 등 혼합배출,가연성,음식물류 폐기물,5.6,2.1,3.5,0.0
인천,중구,종량제방식 등 혼합배출,가연성,폐목재류,1.7,0.6,1.1,0.0
인천,중구,종량제방식 등 혼합배출,가연성,기타,9.0,3.4,5.6,0.0
인천,중구,종량제방식 등 혼합배출,불연성,폐금속류,2.5,2.5,0.0,0.0
인천,중구,종량제방식 등 혼합배출,불연성,폐유리류,1.6,1.6,0.0,0.0
인천,중구,종량제방식 등 혼합배출,불연성,폐토사류,0.3,0.3,0.0,0.0
인천,중구,종량제방식 등 혼합배출,불연성,폐타일 및 도자기류,0.3,0.3,0.0,0.0
인천,중구,종량제방식 등 혼합배출,불연성,연탄재,0.0,0.0,0.0,0.0
인천,중구,종량제방식 등 혼합배출,불연성,기타,0.5,0.5,0.0,0.0
인천,중구,종량제방식 등 혼합배출,건설폐재류,EMPTY,0.7,0.0,0.0,0.7
인천,중구,종량제방식 등 혼합배출,기타(배출불명등),EMPTY,0.0,0.0,0.0,0.0
인천,중구,"재활용 가능자원 분리배출",폐지류,종이팩,0.0,0.0,0.0,0.0
인천,중구,"재활용 가능자원 분리배출",폐지류,기타,8.4,0.0,0.0,8.4
인천,중구,"재활용 가능자원 분리배출",고철류,EMPTY,0.7,0.0,0.0,0.7
인천,중구,"재활용 가능자원 분리배출",금속캔,EMPTY,0.8,0.0,0.0,0.8
인천,중구,"재활용 가능자원 분리배출",폐합성수지류,비닐류,4.2,0.0,0.0,4.2
인천,중구,"재활용 가능자원 분리배출",폐합성수지류,발포수지류,0.3,0.0,0.0,0.3
인천,중구,"재활용 가능자원 분리배출",폐합성수지류,PET병,0.0,0.0,0.0,0.0
인천,중구,"재활용 가능자원 분리배출",폐합성수지류,기타,3.7,0.0,0.0,3.7
인천,중구,"재활용 가능자원 분리배출",폐고무류,EMPTY,0.0,0.0,0.0,0.0
인천,중구,"재활용 가능자원 분리배출",폐유리병류,EMPTY,1.8,0.0,0.0,1.8
인천,중구,"재활용 가능자원 분리배출",폐의류,EMPTY,0.0,0.0,0.0,0.0
인천,중구,"재활용 가능자원 분리배출",폐섬유류,EMPTY,0.0,0.0,0.0,0.0
인천,중구,"재활용 가능자원 분리배출",폐형광등,EMPTY,0.1,0.0,0.0,0.1
인천,중구,"재활용 가능자원 분리배출",폐전지류,EMPTY,0.0,0.0,0.0,0.0
인천,중구,"재활용 가능자원 분리배출",영농폐기물,농약용기류,0.0,0.0,0.0,0.0
인천,중구,"재활용 가능자원 분리배출",영농폐기물,폐비닐,0.0,0.0,0.0,0.0
인천,중구,"재활용 가능자원 분리배출",폐식용유,EMPTY,0.0,0.0,0.0,0.0
인천,중구,"재활용 가능자원 분리배출",폐전기전자제품,EMPTY,0.6,0.0,0.0,0.6
인천,중구,"재활용 가능자원 분리배출",폐가구류,EMPTY,0.0,0.0,0.0,0.0
인천,중구,"재활용 가능자원 분리배출",기타,EMPTY,0.4,0.0,0.0,0.4
인천,중구,"재활용 가능자원 분리배출",재활용 잔재물,EMPTY,6.1,0.0,0.0,6.1
인천,중구,음식물류 폐기물 분리배출,EMPTY,EMPTY,35.5,0.0,0.0,35.5
인천,동구,종량제방식 등 혼합배출,가연성,폐지류,4.3,0.0,4.3,0.0
인천,동구,종량제방식 등 혼합배출,가연성,폐합성수지류,3.9,0.0,3.9,0.0
인천,동구,종량제방식 등 혼합배출,가연성,폐고무류,0.1,0.0,0.1,0.0
인천,동구,종량제방식 등 혼합배출,가연성,폐섬유류,0.9,0.0,0.9,0.0
인천,동구,종량제방식 등 혼합배출,가연성,음식물류 폐기물,1.3,0.0,1.3,0.0
인천,동구,종량제방식 등 혼합배출,가연성,폐목재류,0.4,0.0,0.4,0.0
인천,동구,종량제방식 등 혼합배출,가연성,기타,8.3,0.0,8.3,0.0
인천,동구,종량제방식 등 혼합배출,불연성,폐금속류,0.3,0.3,0.0,0.0
인천,동구,종량제방식 등 혼합배출,불연성,폐유리류,0.5,0.5,0.0,0.0
인천,동구,종량제방식 등 혼합배출,불연성,폐토사류,0.1,0.1,0.0,0.0
인천,동구,종량제방식 등 혼합배출,불연성,폐타일 및 도자기류,0.0,0.0,0.0,0.0
인천,동구,종량제방식 등 혼합배출,불연성,연탄재,0.0,0.0,0.0,0.0
인천,동구,종량제방식 등 혼합배출,불연성,기타,0.6,0.6,0.0,0.0
인천,동구,종량제방식 등 혼합배출,건설폐재류,EMPTY,0.1,0.1,0.0,0.0
인천,동구,종량제방식 등 혼합배출,기타(배출불명등),EMPTY,0.0,0.0,0.0,0.0
인천,동구,"재활용 가능자원 분리배출",폐지류,종이팩,2.0,0.0,0.0,2.0
인천,동구,"재활용 가능자원 분리배출",폐지류,기타,0.4,0.0,0.0,0.4
인천,동구,"재활용 가능자원 분리배출",고철류,EMPTY,0.1,0.0,0.0,0.1
인천,동구,"재활용 가능자원 분리배출",금속캔,EMPTY,0.2,0.0,0.0,0.2
인천,동구,"재활용 가능자원 분리배출",폐합성수지류,비닐류,1.7,0.0,0.0,1.7
인천,동구,"재활용 가능자원 분리배출",폐합성수지류,발포수지류,0.4,0.0,0.0,0.4
인천,동구,"재활용 가능자원 분리배출",폐합성수지류,PET병,0.1,0.0,0.0,0.1
인천,동구,"재활용 가능자원 분리배출",폐합성수지류,기타,0.6,0.0,0.0,0.6
인천,동구,"재활용 가능자원 분리배출",폐고무류,EMPTY,0.0,0.0,0.0,0.0
인천,동구,"재활용 가능자원 분리배출",폐유리병류,EMPTY,0.3,0.0,0.0,0.3
인천,동구,"재활용 가능자원 분리배출",폐의류,EMPTY,0.4,0.0,0.0,0.4
인천,동구,"재활용 가능자원 분리배출",폐섬유류,EMPTY,0.0,0.0,0.0,0.0
인천,동구,"재활용 가능자원 분리배출",폐형광등,EMPTY,0.0,0.0,0.0,0.0
인천,동구,"재활용 가능자원 분리배출",폐전지류,EMPTY,0.0,0.0,0.0,0.0
인천,동구,"재활용 가능자원 분리배출",영농폐기물,농약용기류,0.0,0.0,0.0,0.0
인천,동구,"재활용 가능자원 분리배출",영농폐기물,폐비닐,0.0,0.0,0.0,0.0
인천,동구,"재활용 가능자원 분리배출",폐식용유,EMPTY,0.0,0.0,0.0,0.0
인천,동구,"재활용 가능자원 분리배출",폐전기전자제품,EMPTY,0.0,0.0,0.0,0.0
인천,동구,"재활용 가능자원 분리배출",폐가구류,EMPTY,0.0,0.0,0.0,0.0
인천,동구,"재활용 가능자원 분리배출",기타,EMPTY,0.0,0.0,0.0,0.0
인천,동구,"재활용 가능자원 분리배출",재활용 잔재물,EMPTY,0.9,0.0,0.9,0.0
인천,동구,음식물류 폐기물 분리배출,EMPTY,EMPTY,18.0,0.0,0.0,18.0
인천,미추홀구,종량제방식 등 혼합배출,가연성,폐지류,26.6,9.5,17.1,0.0
인천,미추홀구,종량제방식 등 혼합배출,가연성,폐합성수지류,24.0,8.6,15.4,0.0
인천,미추홀구,종량제방식 등 혼합배출,가연성,폐고무류,0.8,0.3,0.5,0.0
인천,미추홀구,종량제방식 등 혼합배출,가연성,폐섬유류,5.8,2.1,3.7,0.0
인천,미추홀구,종량제방식 등 혼합배출,가연성,음식물류 폐기물,8.3,3.0,5.3,0.0
인천,미추홀구,종량제방식 등 혼합배출,가연성,폐목재류,2.3,0.8,1.5,0.0
인천,미추홀구,종량제방식 등 혼합배출,가연성,기타,51.0,18.3,32.7,0.0
인천,미추홀구,종량제방식 등 혼합배출,불연성,폐금속류,2.0,0.7,1.3,0.0
인천,미추홀구,종량제방식 등 혼합배출,불연성,폐유리류,2.8,1.0,1.8,0.0
인천,미추홀구,종량제방식 등 혼합배출,불연성,폐토사류,0.4,0.1,0.3,0.0
인천,미추홀구,종량제방식 등 혼합배출,불연성,폐타일 및 도자기류,0.3,0.1,0.2,0.0
인천,미추홀구,종량제방식 등 혼합배출,불연성,연탄재,0.0,0.0,0.0,0.0
인천,미추홀구,종량제방식 등 혼합배출,불연성,기타,3.6,1.3,2.3,0.0
인천,미추홀구,종량제방식 등 혼합배출,건설폐재류,EMPTY,0.0,0.0,0.0,0.0
인천,미추홀구,종량제방식 등 혼합배출,기타(배출불명등),EMPTY,0.0,0.0,0.0,0.0
인천,미추홀구,"재활용 가능자원 분리배출",폐지류,종이팩,8.1,0.0,0.0,8.1
인천,미추홀구,"재활용 가능자원 분리배출",폐지류,기타,8.0,0.0,0.0,8.0
인천,미추홀구,"재활용 가능자원 분리배출",고철류,EMPTY,1.4,0.0,0.0,1.4
인천,미추홀구,"재활용 가능자원 분리배출",금속캔,EMPTY,2.5,0.0,0.0,2.5
인천,미추홀구,"재활용 가능자원 분리배출",폐합성수지류,비닐류,18.3,0.0,0.0,18.3
인천,미추홀구,"재활용 가능자원 분리배출",폐합성수지류,발포수지류,0.3,0.0,0.0,0.3
인천,미추홀구,"재활용 가능자원 분리배출",폐합성수지류,PET병,2.7,0.0,0.0,2.7
인천,미추홀구,"재활용 가능자원 분리배출",폐합성수지류,기타,0.6,0.0,0.0,0.6
인천,미추홀구,"재활용 가능자원 분리배출",폐고무류,EMPTY,1.0,0.0,0.0,1.0
인천,미추홀구,"재활용 가능자원 분리배출",폐유리병류,EMPTY,2.4,0.0,0.0,2.4
인천,미추홀구,"재활용 가능자원 분리배출",폐의류,EMPTY,0.0,0.0,0.0,0.0
인천,미추홀구,"재활용 가능자원 분리배출",폐섬유류,EMPTY,0.0,0.0,0.0,0.0
인천,미추홀구,"재활용 가능자원 분리배출",폐형광등,EMPTY,0.1,0.0,0.0,0.1
인천,미추홀구,"재활용 가능자원 분리배출",폐전지류,EMPTY,0.1,0.0,0.0,0.1
인천,미추홀구,"재활용 가능자원 분리배출",영농폐기물,농약용기류,0.0,0.0,0.0,0.0
인천,미추홀구,"재활용 가능자원 분리배출",영농폐기물,폐비닐,0.0,0.0,0.0,0.0
인천,미추홀구,"재활용 가능자원 분리배출",폐식용유,EMPTY,0.0,0.0,0.0,0.0
인천,미추홀구,"재활용 가능자원 분리배출",폐전기전자제품,EMPTY,1.4,0.0,0.0,1.4
인천,미추홀구,"재활용 가능자원 분리배출",폐가구류,EMPTY,1.1,0.0,0.0,1.1
인천,미추홀구,"재활용 가능자원 분리배출",기타,EMPTY,0.0,0.0,0.0,0.0
인천,미추홀구,"재활용 가능자원 분리배출",재활용 잔재물,EMPTY,9.9,0.0,9.9,0.0
인천,미추홀구,음식물류 폐기물 분리배출,EMPTY,EMPTY,91.0,0.0,0.0,91.0
인천,연수구,종량제방식 등 혼합배출,가연성,폐지류,29.1,0.4,11.0,17.7
인천,연수구,종량제방식 등 혼합배출,가연성,폐합성수지류,17.6,0.7,6.9,10.0
인천,연수구,종량제방식 등 혼합배출,가연성,폐고무류,5.4,0.1,2.1,3.2
인천,연수구,종량제방식 등 혼합배출,가연성,폐섬유류,5.4,0.3,0.6,4.5
인천,연수구,종량제방식 등 혼합배출,가연성,음식물류 폐기물,11.9,1.5,6.3,4.1
인천,연수구,종량제방식 등 혼합배출,가연성,폐목재류,8.7,0.5,3.1,5.1
인천,연수구,종량제방식 등 혼합배출,가연성,기타,42.1,6.4,16.9,18.8
인천,연수구,종량제방식 등 혼합배출,불연성,폐금속류,0.1,0.1,0.0,0.0
인천,연수구,종량제방식 등 혼합배출,불연성,폐유리류,0.1,0.1,0.0,0.0
인천,연수구,종량제방식 등 혼합배출,불연성,폐토사류,0.1,0.1,0.0,0.0
인천,연수구,종량제방식 등 혼합배출,불연성,폐타일 및 도자기류,0.3,0.3,0.0,0.0
인천,연수구,종량제방식 등 혼합배출,불연성,연탄재,0.1,0.1,0.0,0.0
인천,연수구,종량제방식 등 혼합배출,불연성,기타,1.3,1.3,0.0,0.0
인천,연수구,종량제방식 등 혼합배출,건설폐재류,EMPTY,0.0,0.0,0.0,0.0
인천,연수구,종량제방식 등 혼합배출,기타(배출불명등),EMPTY,0.0,0.0,0.0,0.0
인천,연수구,"재활용 가능자원 분리배출",폐지류,종이팩,0.0,0.0,0.0,0.0
인천,연수구,"재활용 가능자원 분리배출",폐지류,기타,2.4,0.0,0.0,2.4
인천,연수구,"재활용 가능자원 분리배출",고철류,EMPTY,0.5,0.0,0.0,0.5
인천,연수구,"재활용 가능자원 분리배출",금속캔,EMPTY,0.4,0.0,0.0,0.4
인천,연수구,"재활용 가능자원 분리배출",폐합성수지류,비닐류,3.3,0.0,0.0,3.3
인천,연수구,"재활용 가능자원 분리배출",폐합성수지류,발포수지류,0.0,0.0,0.0,0.0
인천,연수구,"재활용 가능자원 분리배출",폐합성수지류,PET병,0.9,0.0,0.0,0.9
인천,연수구,"재활용 가능자원 분리배출",폐합성수지류,기타,0.4,0.0,0.0,0.4
인천,연수구,"재활용 가능자원 분리배출",폐고무류,EMPTY,0.0,0.0,0.0,0.0
인천,연수구,"재활용 가능자원 분리배출",폐유리병류,EMPTY,0.7,0.0,0.0,0.7
인천,연수구,"재활용 가능자원 분리배출",폐의류,EMPTY,0.0,0.0,0.0,0.0
인천,연수구,"재활용 가능자원 분리배출",폐섬유류,EMPTY,0.0,0.0,0.0,0.0
인천,연수구,"재활용 가능자원 분리배출",폐형광등,EMPTY,0.1,0.0,0.0,0.1
인천,연수구,"재활용 가능자원 분리배출",폐전지류,EMPTY,0.1,0.0,0.0,0.1
인천,연수구,"재활용 가능자원 분리배출",영농폐기물,농약용기류,0.0,0.0,0.0,0.0
인천,연수구,"재활용 가능자원 분리배출",영농폐기물,폐비닐,0.0,0.0,0.0,0.0
인천,연수구,"재활용 가능자원 분리배출",폐식용유,EMPTY,0.0,0.0,0.0,0.0
인천,연수구,"재활용 가능자원 분리배출",폐전기전자제품,EMPTY,1.0,0.0,0.0,1.0
인천,연수구,"재활용 가능자원 분리배출",폐가구류,EMPTY,0.0,0.0,0.0,0.0
인천,연수구,"재활용 가능자원 분리배출",기타,EMPTY,0.0,0.0,0.0,0.0
인천,연수구,"재활용 가능자원 분리배출",재활용 잔재물,EMPTY,5.3,0.0,5.3,0.0
인천,연수구,음식물류 폐기물 분리배출,EMPTY,EMPTY,82.6,0.0,0.0,82.6
인천,남동구,종량제방식 등 혼합배출,가연성,폐지류,32.5,9.5,13.7,9.3
인천,남동구,종량제방식 등 혼합배출,가연성,폐합성수지류,29.4,8.6,12.4,8.4
인천,남동구,종량제방식 등 혼합배출,가연성,폐고무류,1.0,0.3,0.4,0.3
인천,남동구,종량제방식 등 혼합배출,가연성,폐섬유류,7.5,2.2,3.2,2.1
인천,남동구,종량제방식 등 혼합배출,가연성,음식물류 폐기물,10.2,3.0,4.3,2.9
인천,남동구,종량제방식 등 혼합배출,가연성,폐목재류,2.8,0.8,1.2,0.8
인천,남동구,종량제방식 등 혼합배출,가연성,기타,61.8,18.1,26.0,17.7
인천,남동구,종량제방식 등 혼합배출,불연성,폐금속류,2.4,0.7,1.0,0.7
인천,남동구,종량제방식 등 혼합배출,불연성,폐유리류,3.4,1.0,1.4,1.0
인천,남동구,종량제방식 등 혼합배출,불연성,폐토사류,0.4,0.1,0.2,0.1
인천,남동구,종량제방식 등 혼합배출,불연성,폐타일 및 도자기류,0.3,0.1,0.1,0.1
인천,남동구,종량제방식 등 혼합배출,불연성,연탄재,0.0,0.0,0.0,0.0
인천,남동구,종량제방식 등 혼합배출,불연성,기타,4.5,1.3,1.9,1.3
인천,남동구,종량제방식 등 혼합배출,건설폐재류,EMPTY,0.0,0.0,0.0,0.0
인천,남동구,종량제방식 등 혼합배출,기타(배출불명등),EMPTY,0.0,0.0,0.0,0.0
인천,남동구,"재활용 가능자원 분리배출",폐지류,종이팩,0.0,0.0,0.0,0.0
인천,남동구,"재활용 가능자원 분리배출",폐지류,기타,1.0,0.0,0.0,1.0
인천,남동구,"재활용 가능자원 분리배출",고철류,EMPTY,0.7,0.0,0.0,0.7
인천,남동구,"재활용 가능자원 분리배출",금속캔,EMPTY,1.0,0.0,0.0,1.0
인천,남동구,"재활용 가능자원 분리배출",폐합성수지류,비닐류,22.0,0.0,0.0,22.0
인천,남동구,"재활용 가능자원 분리배출",폐합성수지류,발포수지류,0.4,0.0,0.0,0.4
인천,남동구,"재활용 가능자원 분리배출",폐합성수지류,PET병,0.6,0.0,0.0,0.6
인천,남동구,"재활용 가능자원 분리배출",폐합성수지류,기타,0.4,0.0,0.0,0.4
인천,남동구,"재활용 가능자원 분리배출",폐고무류,EMPTY,0.0,0.0,0.0,0.0
인천,남동구,"재활용 가능자원 분리배출",폐유리병류,EMPTY,1.4,0.0,0.0,1.4
인천,남동구,"재활용 가능자원 분리배출",폐의류,EMPTY,0.0,0.0,0.0,0.0
인천,남동구,"재활용 가능자원 분리배출",폐섬유류,EMPTY,0.0,0.0,0.0,0.0
인천,남동구,"재활용 가능자원 분리배출",폐형광등,EMPTY,0.0,0.0,0.0,0.0
인천,남동구,"재활용 가능자원 분리배출",폐전지류,EMPTY,0.0,0.0,0.0,0.0
인천,남동구,"재활용 가능자원 분리배출",영농폐기물,농약용기류,0.0,0.0,0.0,0.0
인천,남동구,"재활용 가능자원 분리배출",영농폐기물,폐비닐,0.0,0.0,0.0,0.0
인천,남동구,"재활용 가능자원 분리배출",폐식용유,EMPTY,0.0,0.0,0.0,0.0
인천,남동구,"재활용 가능자원 분리배출",폐전기전자제품,EMPTY,0.0,0.0,0.0,0.0
인천,남동구,"재활용 가능자원 분리배출",폐가구류,EMPTY,0.0,0.0,0.0,0.0
인천,남동구,"재활용 가능자원 분리배출",기타,EMPTY,0.0,0.0,0.0,0.0
인천,남동구,"재활용 가능자원 분리배출",재활용 잔재물,EMPTY,11.9,0.0,11.9,0.0
인천,남동구,음식물류 폐기물 분리배출,EMPTY,EMPTY,142.2,0.0,0.0,142.2
인천,부평구,종량제방식 등 혼합배출,가연성,폐지류,32.0,15.8,16.2,0.0
인천,부평구,종량제방식 등 혼합배출,가연성,폐합성수지류,29.0,14.3,14.7,0.0
인천,부평구,종량제방식 등 혼합배출,가연성,폐고무류,1.0,0.5,0.5,0.0
인천,부평구,종량제방식 등 혼합배출,가연성,폐섬유류,6.9,3.4,3.5,0.0
인천,부평구,종량제방식 등 혼합배출,가연성,음식물류 폐기물,10.0,4.9,5.1,0.0
인천,부평구,종량제방식 등 혼합배출,가연성,폐목재류,2.7,1.3,1.4,0.0
인천,부평구,종량제방식 등 혼합배출,가연성,기타,61.5,30.4,31.1,0.0
인천,부평구,종량제방식 등 혼합배출,불연성,폐금속류,2.4,1.2,1.2,0.0
인천,부평구,종량제방식 등 혼합배출,불연성,폐유리류,3.4,1.7,1.7,0.0
인천,부평구,종량제방식 등 혼합배출,불연성,폐토사류,0.4,0.2,0.2,0.0
인천,부평구,종량제방식 등 혼합배출,불연성,폐타일 및 도자기류,0.2,0.1,0.1,0.0
인천,부평구,종량제방식 등 혼합배출,불연성,연탄재,0.8,0.8,0.0,0.0
인천,부평구,종량제방식 등 혼합배출,불연성,기타,3.5,1.3,2.2,0.0
인천,부평구,종량제방식 등 혼합배출,건설폐재류,EMPTY,0.0,0.0,0.0,0.0
인천,부평구,종량제방식 등 혼합배출,기타(배출불명등),EMPTY,0.0,0.0,0.0,0.0
인천,부평구,"재활용 가능자원 분리배출",폐지류,종이팩,0.0,0.0,0.0,0.0
인천,부평구,"재활용 가능자원 분리배출",폐지류,기타,2.7,0.0,0.0,2.7
인천,부평구,"재활용 가능자원 분리배출",고철류,EMPTY,0.4,0.0,0.0,0.4
인천,부평구,"재활용 가능자원 분리배출",금속캔,EMPTY,0.9,0.0,0.0,0.9
인천,부평구,"재활용 가능자원 분리배출",폐합성수지류,비닐류,3.9,0.0,0.0,3.9
인천,부평구,"재활용 가능자원 분리배출",폐합성수지류,발포수지류,0.2,0.0,0.0,0.2
인천,부평구,"재활용 가능자원 분리배출",폐합성수지류,PET병,2.4,0.0,0.0,2.4
인천,부평구,"재활용 가능자원 분리배출",폐합성수지류,기타,0.0,0.0,0.0,0.0
인천,부평구,"재활용 가능자원 분리배출",폐고무류,EMPTY,0.0,0.0,0.0,0.0
인천,부평구,"재활용 가능자원 분리배출",폐유리병류,EMPTY,2.6,0.0,0.0,2.6
인천,부평구,"재활용 가능자원 분리배출",폐의류,EMPTY,0.0,0.0,0.0,0.0
인천,부평구,"재활용 가능자원 분리배출",폐섬유류,EMPTY,0.0,0.0,0.0,0.0
인천,부평구,"재활용 가능자원 분리배출",폐형광등,EMPTY,0.1,0.0,0.0,0.1
인천,부평구,"재활용 가능자원 분리배출",폐전지류,EMPTY,0.1,0.0,0.0,0.1
인천,부평구,"재활용 가능자원 분리배출",영농폐기물,농약용기류,0.0,0.0,0.0,0.0
인천,부평구,"재활용 가능자원 분리배출",영농폐기물,폐비닐,0.0,0.0,0.0,0.0
인천,부평구,"재활용 가능자원 분리배출",폐식용유,EMPTY,0.0,0.0,0.0,0.0
인천,부평구,"재활용 가능자원 분리배출",폐전기전자제품,EMPTY,1.7,0.0,0.0,1.7
인천,부평구,"재활용 가능자원 분리배출",폐가구류,EMPTY,0.0,0.0,0.0,0.0
인천,부평구,"재활용 가능자원 분리배출",기타,EMPTY,0.0,0.0,0.0,0.0
인천,부평구,"재활용 가능자원 분리배출",재활용 잔재물,EMPTY,9.4,0.0,0.0,9.4
인천,부평구,음식물류 폐기물 분리배출,EMPTY,EMPTY,101.5,0.0,0.0,101.5
인천,계양구,종량제방식 등 혼합배출,가연성,폐지류,16.5,5.0,11.5,0.0
인천,계양구,종량제방식 등 혼합배출,가연성,폐합성수지류,8.9,3.6,5.3,0.0
인천,계양구,종량제방식 등 혼합배출,가연성,폐고무류,3.8,0.8,3.0,0.0
인천,계양구,종량제방식 등 혼합배출,가연성,폐섬유류,0.0,0.0,0.0,0.0
인천,계양구,종량제방식 등 혼합배출,가연성,음식물류 폐기물,1.8,0.7,1.1,0.0
인천,계양구,종량제방식 등 혼합배출,가연성,폐목재류,3.7,1.0,2.7,0.0
인천,계양구,종량제방식 등 혼합배출,가연성,기타,19.6,3.1,16.5,0.0
인천,계양구,종량제방식 등 혼합배출,불연성,폐금속류,3.6,3.3,0.3,0.0
인천,계양구,종량제방식 등 혼합배출,불연성,폐유리류,4.2,4.0,0.2,0.0
인천,계양구,종량제방식 등 혼합배출,불연성,폐토사류,4.1,4.0,0.1,0.0
인천,계양구,종량제방식 등 혼합배출,불연성,폐타일 및 도자기류,0.3,0.3,0.0,0.0
인천,계양구,종량제방식 등 혼합배출,불연성,연탄재,0.2,0.2,0.0,0.0
인천,계양구,종량제방식 등 혼합배출,불연성,기타,15.2,15.1,0.1,0.0
인천,계양구,종량제방식 등 혼합배출,건설폐재류,EMPTY,0.2,0.2,0.0,0.0
인천,계양구,종량제방식 등 혼합배출,기타(배출불명등),EMPTY,0.9,0.0,0.9,0.0
인천,계양구,"재활용 가능자원 분리배출",폐지류,종이팩,0.0,0.0,0.0,0.0
인천,계양구,"재활용 가능자원 분리배출",폐지류,기타,13.4,0.0,0.0,13.4
인천,계양구,"재활용 가능자원 분리배출",고철류,EMPTY,2.0,0.0,0.0,2.0
인천,계양구,"재활용 가능자원 분리배출",금속캔,EMPTY,2.6,0.0,0.0,2.6
인천,계양구,"재활용 가능자원 분리배출",폐합성수지류,비닐류,4.2,0.0,0.0,4.2
인천,계양구,"재활용 가능자원 분리배출",폐합성수지류,발포수지류,1.3,0.0,0.0,1.3
인천,계양구,"재활용 가능자원 분리배출",폐합성수지류,PET병,0.0,0.0,0.0,0.0
인천,계양구,"재활용 가능자원 분리배출",폐합성수지류,기타,6.4,0.0,0.0,6.4
인천,계양구,"재활용 가능자원 분리배출",폐고무류,EMPTY,0.0,0.0,0.0,0.0
인천,계양구,"재활용 가능자원 분리배출",폐유리병류,EMPTY,3.5,0.0,0.0,3.5
인천,계양구,"재활용 가능자원 분리배출",폐의류,EMPTY,4.0,0.0,0.0,4.0
인천,계양구,"재활용 가능자원 분리배출",폐섬유류,EMPTY,0.0,0.0,0.0,0.0
인천,계양구,"재활용 가능자원 분리배출",폐형광등,EMPTY,0.0,0.0,0.0,0.0
인천,계양구,"재활용 가능자원 분리배출",폐전지류,EMPTY,0.1,0.0,0.0,0.1
인천,계양구,"재활용 가능자원 분리배출",영농폐기물,농약용기류,0.0,0.0,0.0,0.0
인천,계양구,"재활용 가능자원 분리배출",영농폐기물,폐비닐,0.0,0.0,0.0,0.0
인천,계양구,"재활용 가능자원 분리배출",폐식용유,EMPTY,0.1,0.0,0.0,0.1
인천,계양구,"재활용 가능자원 분리배출",폐전기전자제품,EMPTY,0.2,0.0,0.0,0.2
인천,계양구,"재활용 가능자원 분리배출",폐가구류,EMPTY,0.5,0.0,0.0,0.5
인천,계양구,"재활용 가능자원 분리배출",기타,EMPTY,0.2,0.0,0.0,0.2
인천,계양구,"재활용 가능자원 분리배출",재활용 잔재물,EMPTY,6.4,0.0,6.1,0.3
인천,계양구,음식물류 폐기물 분리배출,EMPTY,EMPTY,73.7,0.0,0.0,73.7
인천,서구,종량제방식 등 혼합배출,가연성,폐지류,34.6,17.2,17.4,0.0
인천,서구,종량제방식 등 혼합배출,가연성,폐합성수지류,31.2,15.5,15.7,0.0
인천,서구,종량제방식 등 혼합배출,가연성,폐고무류,1.0,0.5,0.5,0.0
인천,서구,종량제방식 등 혼합배출,가연성,폐섬유류,7.5,3.7,3.8,0.0
인천,서구,종량제방식 등 혼합배출,가연성,음식물류 폐기물,10.8,5.4,5.4,0.0
인천,서구,종량제방식 등 혼합배출,가연성,폐목재류,3.0,1.5,1.5,0.0
인천,서구,종량제방식 등 혼합배출,가연성,기타,66.3,33.0,33.3,0.0
인천,서구,종량제방식 등 혼합배출,불연성,폐금속류,2.6,1.3,1.3,0.0
인천,서구,종량제방식 등 혼합배출,불연성,폐유리류,3.6,1.8,1.8,0.0
인천,서구,종량제방식 등 혼합배출,불연성,폐토사류,0.6,0.3,0.3,0.0
인천,서구,종량제방식 등 혼합배출,불연성,폐타일 및 도자기류,0.4,0.2,0.2,0.0
인천,서구,종량제방식 등 혼합배출,불연성,연탄재,0.1,0.1,0.0,0.0
인천,서구,종량제방식 등 혼합배출,불연성,기타,4.7,2.3,2.4,0.0
인천,서구,종량제방식 등 혼합배출,건설폐재류,EMPTY,0.0,0.0,0.0,0.0
인천,서구,종량제방식 등 혼합배출,기타(배출불명등),EMPTY,0.0,0.0,0.0,0.0
인천,서구,"재활용 가능자원 분리배출",폐지류,종이팩,0.0,0.0,0.0,0.0
인천,서구,"재활용 가능자원 분리배출",폐지류,기타,24.8,0.0,0.0,24.8
인천,서구,"재활용 가능자원 분리배출",고철류,EMPTY,1.5,0.0,0.0,1.5
인천,서구,"재활용 가능자원 분리배출",금속캔,EMPTY,2.1,0.0,0.0,2.1
인천,서구,"재활용 가능자원 분리배출",폐합성수지류,비닐류,7.3,0.0,0.0,7.3
인천,서구,"재활용 가능자원 분리배출",폐합성수지류,발포수지류,1.6,0.0,0.0,1.6
인천,서구,"재활용 가능자원 분리배출",폐합성수지류,PET병,9.0,0.0,0.0,9.0
인천,서구,"재활용 가능자원 분리배출",폐합성수지류,기타,0.8,0.0,0.0,0.8
인천,서구,"재활용 가능자원 분리배출",폐고무류,EMPTY,0.0,0.0,0.0,0.0
인천,서구,"재활용 가능자원 분리배출",폐유리병류,EMPTY,6.6,0.0,0.0,6.6
인천,서구,"재활용 가능자원 분리배출",폐의류,EMPTY,5.1,0.0,0.0,5.1
인천,서구,"재활용 가능자원 분리배출",폐섬유류,EMPTY,0.0,0.0,0.0,0.0
인천,서구,"재활용 가능자원 분리배출",폐형광등,EMPTY,0.3,0.0,0.0,0.3
인천,서구,"재활용 가능자원 분리배출",폐전지류,EMPTY,0.1,0.0,0.0,0.1
인천,서구,"재활용 가능자원 분리배출",영농폐기물,농약용기류,0.0,0.0,0.0,0.0
인천,서구,"재활용 가능자원 분리배출",영농폐기물,폐비닐,0.0,0.0,0.0,0.0
인천,서구,"재활용 가능자원 분리배출",폐식용유,EMPTY,0.0,0.0,0.0,0.0
인천,서구,"재활용 가능자원 분리배출",폐전기전자제품,EMPTY,0.3,0.0,0.0,0.3
인천,서구,"재활용 가능자원 분리배출",폐가구류,EMPTY,14.3,0.0,0.0,14.3
인천,서구,"재활용 가능자원 분리배출",기타,EMPTY,0.1,0.0,0.0,0.1
인천,서구,"재활용 가능자원 분리배출",재활용 잔재물,EMPTY,10.7,0.0,0.0,10.7
인천,서구,음식물류 폐기물 분리배출,EMPTY,EMPTY,104.1,0.0,0.0,104.1
인천,강화군,종량제방식 등 혼합배출,가연성,폐지류,4.4,0.0,4.4,0.0
인천,강화군,종량제방식 등 혼합배출,가연성,폐합성수지류,5.0,0.0,5.0,0.0
인천,강화군,종량제방식 등 혼합배출,가연성,폐고무류,0.2,0.0,0.2,0.0
인천,강화군,종량제방식 등 혼합배출,가연성,폐섬유류,0.7,0.0,0.7,0.0
인천,강화군,종량제방식 등 혼합배출,가연성,음식물류 폐기물,0.9,0.0,0.9,0.0
인천,강화군,종량제방식 등 혼합배출,가연성,폐목재류,1.9,0.0,0.4,1.5
인천,강화군,종량제방식 등 혼합배출,가연성,기타,3.3,0.0,3.3,0.0
인천,강화군,종량제방식 등 혼합배출,불연성,폐금속류,1.0,1.0,0.0,0.0
인천,강화군,종량제방식 등 혼합배출,불연성,폐유리류,1.5,1.5,0.0,0.0
인천,강화군,종량제방식 등 혼합배출,불연성,폐토사류,0.5,0.5,0.0,0.0
인천,강화군,종량제방식 등 혼합배출,불연성,폐타일 및 도자기류,0.1,0.1,0.0,0.0
인천,강화군,종량제방식 등 혼합배출,불연성,연탄재,0.0,0.0,0.0,0.0
인천,강화군,종량제방식 등 혼합배출,불연성,기타,0.8,0.8,0.0,0.0
인천,강화군,종량제방식 등 혼합배출,건설폐재류,EMPTY,0.0,0.0,0.0,0.0
인천,강화군,종량제방식 등 혼합배출,기타(배출불명등),EMPTY,0.0,0.0,0.0,0.0
인천,강화군,"재활용 가능자원 분리배출",폐지류,종이팩,2.0,0.0,0.0,2.0
인천,강화군,"재활용 가능자원 분리배출",폐지류,기타,0.0,0.0,0.0,0.0
인천,강화군,"재활용 가능자원 분리배출",고철류,EMPTY,0.3,0.0,0.0,0.3
인천,강화군,"재활용 가능자원 분리배출",금속캔,EMPTY,0.4,0.0,0.0,0.4
인천,강화군,"재활용 가능자원 분리배출",폐합성수지류,비닐류,0.0,0.0,0.0,0.0
인천,강화군,"재활용 가능자원 분리배출",폐합성수지류,발포수지류,0.0,0.0,0.0,0.0
인천,강화군,"재활용 가능자원 분리배출",폐합성수지류,PET병,1.9,0.0,0.0,1.9
인천,강화군,"재활용 가능자원 분리배출",폐합성수지류,기타,0.0,0.0,0.0,0.0
인천,강화군,"재활용 가능자원 분리배출",폐고무류,EMPTY,0.0,0.0,0.0,0.0
인천,강화군,"재활용 가능자원 분리배출",폐유리병류,EMPTY,0.8,0.0,0.0,0.8
인천,강화군,"재활용 가능자원 분리배출",폐의류,EMPTY,0.0,0.0,0.0,0.0
인천,강화군,"재활용 가능자원 분리배출",폐섬유류,EMPTY,0.0,0.0,0.0,0.0
인천,강화군,"재활용 가능자원 분리배출",폐형광등,EMPTY,0.0,0.0,0.0,0.0
인천,강화군,"재활용 가능자원 분리배출",폐전지류,EMPTY,0.0,0.0,0.0,0.0
인천,강화군,"재활용 가능자원 분리배출",영농폐기물,농약용기류,0.0,0.0,0.0,0.0
인천,강화군,"재활용 가능자원 분리배출",영농폐기물,폐비닐,2.0,0.0,0.0,2.0
인천,강화군,"재활용 가능자원 분리배출",폐식용유,EMPTY,0.0,0.0,0.0,0.0
인천,강화군,"재활용 가능자원 분리배출",폐전기전자제품,EMPTY,0.7,0.0,0.0,0.7
인천,강화군,"재활용 가능자원 분리배출",폐가구류,EMPTY,1.3,0.0,0.0,1.3
인천,강화군,"재활용 가능자원 분리배출",기타,EMPTY,0.0,0.0,0.0,0.0
인천,강화군,"재활용 가능자원 분리배출",재활용 잔재물,EMPTY,3.8,0.0,3.8,0.0
인천,강화군,음식물류 폐기물 분리배출,EMPTY,EMPTY,12.2,0.0,0.0,12.2
인천,옹진군,종량제방식 등 혼합배출,가연성,폐지류,1.5,0.0,1.5,0.0
인천,옹진군,종량제방식 등 혼합배출,가연성,폐합성수지류,1.3,0.0,1.3,0.0
인천,옹진군,종량제방식 등 혼합배출,가연성,폐고무류,0.0,0.0,0.0,0.0
인천,옹진군,종량제방식 등 혼합배출,가연성,폐섬유류,0.4,0.0,0.4,0.0
인천,옹진군,종량제방식 등 혼합배출,가연성,음식물류 폐기물,0.4,0.0,0.4,0.0
인천,옹진군,종량제방식 등 혼합배출,가연성,폐목재류,0.2,0.0,0.2,0.0
인천,옹진군,종량제방식 등 혼합배출,가연성,기타,2.8,0.0,2.8,0.0
인천,옹진군,종량제방식 등 혼합배출,불연성,폐금속류,0.1,0.1,0.0,0.0
인천,옹진군,종량제방식 등 혼합배출,불연성,폐유리류,0.2,0.2,0.0,0.0
인천,옹진군,종량제방식 등 혼합배출,불연성,폐토사류,0.0,0.0,0.0,0.0
인천,옹진군,종량제방식 등 혼합배출,불연성,폐타일 및 도자기류,0.0,0.0,0.0,0.0
인천,옹진군,종량제방식 등 혼합배출,불연성,연탄재,0.0,0.0,0.0,0.0
인천,옹진군,종량제방식 등 혼합배출,불연성,기타,0.2,0.2,0.0,0.0
인천,옹진군,종량제방식 등 혼합배출,건설폐재류,EMPTY,0.0,0.0,0.0,0.0
인천,옹진군,종량제방식 등 혼합배출,기타(배출불명등),EMPTY,0.0,0.0,0.0,0.0
인천,옹진군,"재활용 가능자원 분리배출",폐지류,종이팩,2.0,0.0,0.0,2.0
인천,옹진군,"재활용 가능자원 분리배출",폐지류,기타,0.0,0.0,0.0,0.0
인천,옹진군,"재활용 가능자원 분리배출",고철류,EMPTY,0.3,0.0,0.0,0.3
인천,옹진군,"재활용 가능자원 분리배출",금속캔,EMPTY,0.1,0.0,0.0,0.1
인천,옹진군,"재활용 가능자원 분리배출",폐합성수지류,비닐류,0.0,0.0,0.0,0.0
인천,옹진군,"재활용 가능자원 분리배출",폐합성수지류,발포수지류,0.1,0.0,0.0,0.1
인천,옹진군,"재활용 가능자원 분리배출",폐합성수지류,PET병,0.3,0.0,0.0,0.3
인천,옹진군,"재활용 가능자원 분리배출",폐합성수지류,기타,0.2,0.0,0.0,0.2
인천,옹진군,"재활용 가능자원 분리배출",폐고무류,EMPTY,0.0,0.0,0.0,0.0
인천,옹진군,"재활용 가능자원 분리배출",폐유리병류,EMPTY,0.8,0.0,0.0,0.8
인천,옹진군,"재활용 가능자원 분리배출",폐의류,EMPTY,0.0,0.0,0.0,0.0
인천,옹진군,"재활용 가능자원 분리배출",폐섬유류,EMPTY,0.0,0.0,0.0,0.0
인천,옹진군,"재활용 가능자원 분리배출",폐형광등,EMPTY,0.0,0.0,0.0,0.0
인천,옹진군,"재활용 가능자원 분리배출",폐전지류,EMPTY,0.0,0.0,0.0,0.0
인천,옹진군,"재활용 가능자원 분리배출",영농폐기물,농약용기류,0.0,0.0,0.0,0.0
인천,옹진군,"재활용 가능자원 분리배출",영농폐기물,폐비닐,0.0,0.0,0.0,0.0
인천,옹진군,"재활용 가능자원 분리배출",폐식용유,EMPTY,0.0,0.0,0.0,0.0
인천,옹진군,"재활용 가능자원 분리배출",폐전기전자제품,EMPTY,0.0,0.0,0.0,0.0
인천,옹진군,"재활용 가능자원 분리배출",폐가구류,EMPTY,0.0,0.0,0.0,0.0
인천,옹진군,"재활용 가능자원 분리배출",기타,EMPTY,0.1,0.0,0.0,0.1
인천,옹진군,"재활용 가능자원 분리배출",재활용 잔재물,EMPTY,0.8,0.0,0.8,0.0
인천,옹진군,음식물류 폐기물 분리배출,EMPTY,EMPTY,8.3,0.0,0.0,8.3
인천,경제청,종량제방식 등 혼합배출,가연성,폐지류,0.0,0.0,0.0,0.0
인천,경제청,종량제방식 등 혼합배출,가연성,폐합성수지류,0.0,0.0,0.0,0.0
인천,경제청,종량제방식 등 혼합배출,가연성,폐고무류,0.0,0.0,0.0,0.0
인천,경제청,종량제방식 등 혼합배출,가연성,폐섬유류,0.0,0.0,0.0,0.0
인천,경제청,종량제방식 등 혼합배출,가연성,음식물류 폐기물,0.0,0.0,0.0,0.0
인천,경제청,종량제방식 등 혼합배출,가연성,폐목재류,0.0,0.0,0.0,0.0
인천,경제청,종량제방식 등 혼합배출,가연성,기타,0.0,0.0,0.0,0.0
인천,경제청,종량제방식 등 혼합배출,불연성,폐금속류,0.0,0.0,0.0,0.0
인천,경제청,종량제방식 등 혼합배출,불연성,폐유리류,0.0,0.0,0.0,0.0
인천,경제청,종량제방식 등 혼합배출,불연성,폐토사류,0.0,0.0,0.0,0.0
인천,경제청,종량제방식 등 혼합배출,불연성,폐타일 및 도자기류,0.0,0.0,0.0,0.0
인천,경제청,종량제방식 등 혼합배출,불연성,연탄재,0.0,0.0,0.0,0.0
인천,경제청,종량제방식 등 혼합배출,불연성,기타,0.0,0.0,0.0,0.0
인천,경제청,종량제방식 등 혼합배출,건설폐재류,EMPTY,0.0,0.0,0.0,0.0
인천,경제청,종량제방식 등 혼합배출,기타(배출불명등),EMPTY,0.0,0.0,0.0,0.0
인천,경제청,"재활용 가능자원 분리배출",폐지류,종이팩,0.0,0.0,0.0,0.0
인천,경제청,"재활용 가능자원 분리배출",폐지류,기타,0.0,0.0,0.0,0.0
인천,경제청,"재활용 가능자원 분리배출",고철류,EMPTY,0.0,0.0,0.0,0.0
인천,경제청,"재활용 가능자원 분리배출",금속캔,EMPTY,0.0,0.0,0.0,0.0
인천,경제청,"재활용 가능자원 분리배출",폐합성수지류,비닐류,0.0,0.0,0.0,0.0
인천,경제청,"재활용 가능자원 분리배출",폐합성수지류,발포수지류,0.0,0.0,0.0,0.0
인천,경제청,"재활용 가능자원 분리배출",폐합성수지류,PET병,0.0,0.0,0.0,0.0
인천,경제청,"재활용 가능자원 분리배출",폐합성수지류,기타,0.0,0.0,0.0,0.0
인천,경제청,"재활용 가능자원 분리배출",폐고무류,EMPTY,0.0,0.0,0.0,0.0
인천,경제청,"재활용 가능자원 분리배출",폐유리병류,EMPTY,0.0,0.0,0.0,0.0
인천,경제청,"재활용 가능자원 분리배출",폐의류,EMPTY,0.0,0.0,0.0,0.0
인천,경제청,"재활용 가능자원 분리배출",폐섬유류,EMPTY,0.0,0.0,0.0,0.0
인천,경제청,"재활용 가능자원 분리배출",폐형광등,EMPTY,0.0,0.0,0.0,0.0
인천,경제청,"재활용 가능자원 분리배출",폐전지류,EMPTY,0.0,0.0,0.0,0.0
인천,경제청,"재활용 가능자원 분리배출",영농폐기물,농약용기류,0.0,0.0,0.0,0.0
인천,경제청,"재활용 가능자원 분리배출",영농폐기물,폐비닐,0.0,0.0,0.0,0.0
인천,경제청,"재활용 가능자원 분리배출",폐식용유,EMPTY,0.0,0.0,0.0,0.0
인천,경제청,"재활용 가능자원 분리배출",폐전기전자제품,EMPTY,0.0,0.0,0.0,0.0
인천,경제청,"재활용 가능자원 분리배출",폐가구류,EMPTY,0.0,0.0,0.0,0.0
인천,경제청,"재활용 가능자원 분리배출",기타,EMPTY,0.0,0.0,0.0,0.0
인천,경제청,"재활용 가능자원 분리배출",재활용 잔재물,EMPTY,0.0,0.0,0.0,0.0
인천,경제청,음식물류 폐기물 분리배출,EMPTY,EMPTY,0.0,0.0,0.0,0.0
광주,동구,종량제방식 등 혼합배출,가연성,폐지류,10.4,10.4,0.0,0.0
광주,동구,종량제방식 등 혼합배출,가연성,폐합성수지류,9.4,9.4,0.0,0.0
광주,동구,종량제방식 등 혼합배출,가연성,폐고무류,0.3,0.3,0.0,0.0
광주,동구,종량제방식 등 혼합배출,가연성,폐섬유류,2.3,2.3,0.0,0.0
광주,동구,종량제방식 등 혼합배출,가연성,음식물류 폐기물,3.2,3.2,0.0,0.0
광주,동구,종량제방식 등 혼합배출,가연성,폐목재류,2.3,0.9,0.0,1.4
광주,동구,종량제방식 등 혼합배출,가연성,기타,20.0,20.0,0.0,0.0
광주,동구,종량제방식 등 혼합배출,불연성,폐금속류,0.8,0.8,0.0,0.0
광주,동구,종량제방식 등 혼합배출,불연성,폐유리류,1.1,1.1,0.0,0.0
광주,동구,종량제방식 등 혼합배출,불연성,폐토사류,0.2,0.2,0.0,0.0
광주,동구,종량제방식 등 혼합배출,불연성,폐타일 및 도자기류,0.1,0.1,0.0,0.0
광주,동구,종량제방식 등 혼합배출,불연성,연탄재,0.0,0.0,0.0,0.0
광주,동구,종량제방식 등 혼합배출,불연성,기타,1.4,1.4,0.0,0.0
광주,동구,종량제방식 등 혼합배출,건설폐재류,EMPTY,0.0,0.0,0.0,0.0
광주,동구,종량제방식 등 혼합배출,기타(배출불명등),EMPTY,0.0,0.0,0.0,0.0
광주,동구,"재활용 가능자원 분리배출",폐지류,종이팩,0.0,0.0,0.0,0.0
광주,동구,"재활용 가능자원 분리배출",폐지류,기타,0.0,0.0,0.0,0.0
광주,동구,"재활용 가능자원 분리배출",고철류,EMPTY,0.2,0.0,0.0,0.2
광주,동구,"재활용 가능자원 분리배출",금속캔,EMPTY,0.0,0.0,0.0,0.0
광주,동구,"재활용 가능자원 분리배출",폐합성수지류,비닐류,0.8,0.0,0.0,0.8
광주,동구,"재활용 가능자원 분리배출",폐합성수지류,발포수지류,0.1,0.0,0.0,0.1
광주,동구,"재활용 가능자원 분리배출",폐합성수지류,PET병,0.0,0.0,0.0,0.0
광주,동구,"재활용 가능자원 분리배출",폐합성수지류,기타,0.5,0.0,0.0,0.5
광주,동구,"재활용 가능자원 분리배출",폐고무류,EMPTY,0.0,0.0,0.0,0.0
광주,동구,"재활용 가능자원 분리배출",폐유리병류,EMPTY,0.6,0.0,0.0,0.6
광주,동구,"재활용 가능자원 분리배출",폐의류,EMPTY,0.0,0.0,0.0,0.0
광주,동구,"재활용 가능자원 분리배출",폐섬유류,EMPTY,0.0,0.0,0.0,0.0
광주,동구,"재활용 가능자원 분리배출",폐형광등,EMPTY,0.0,0.0,0.0,0.0
광주,동구,"재활용 가능자원 분리배출",폐전지류,EMPTY,0.0,0.0,0.0,0.0
광주,동구,"재활용 가능자원 분리배출",영농폐기물,농약용기류,0.0,0.0,0.0,0.0
광주,동구,"재활용 가능자원 분리배출",영농폐기물,폐비닐,0.0,0.0,0.0,0.0
광주,동구,"재활용 가능자원 분리배출",폐식용유,EMPTY,0.0,0.0,0.0,0.0
광주,동구,"재활용 가능자원 분리배출",폐전기전자제품,EMPTY,0.0,0.0,0.0,0.0
광주,동구,"재활용 가능자원 분리배출",폐가구류,EMPTY,0.0,0.0,0.0,0.0
광주,동구,"재활용 가능자원 분리배출",기타,EMPTY,0.0,0.0,0.0,0.0
광주,동구,"재활용 가능자원 분리배출",재활용 잔재물,EMPTY,2.8,0.2,0.0,2.6
광주,동구,음식물류 폐기물 분리배출,EMPTY,EMPTY,36.0,0.0,0.0,36.0
광주,서구,종량제방식 등 혼합배출,가연성,폐지류,20.4,20.4,0.0,0.0
광주,서구,종량제방식 등 혼합배출,가연성,폐합성수지류,18.5,18.5,0.0,0.0
광주,서구,종량제방식 등 혼합배출,가연성,폐고무류,0.6,0.6,0.0,0.0
광주,서구,종량제방식 등 혼합배출,가연성,폐섬유류,4.4,4.4,0.0,0.0
광주,서구,종량제방식 등 혼합배출,가연성,음식물류 폐기물,6.4,6.4,0.0,0.0
광주,서구,종량제방식 등 혼합배출,가연성,폐목재류,9.1,1.7,0.0,7.4
광주,서구,종량제방식 등 혼합배출,가연성,기타,45.0,45.0,0.0,0.0
광주,서구,종량제방식 등 혼합배출,불연성,폐금속류,1.5,1.5,0.0,0.0
광주,서구,종량제방식 등 혼합배출,불연성,폐유리류,2.1,2.1,0.0,0.0
광주,서구,종량제방식 등 혼합배출,불연성,폐토사류,0.3,0.3,0.0,0.0
광주,서구,종량제방식 등 혼합배출,불연성,폐타일 및 도자기류,0.2,0.2,0.0,0.0
광주,서구,종량제방식 등 혼합배출,불연성,연탄재,0.0,0.0,0.0,0.0
광주,서구,종량제방식 등 혼합배출,불연성,기타,4.5,4.5,0.0,0.0
광주,서구,종량제방식 등 혼합배출,건설폐재류,EMPTY,0.0,0.0,0.0,0.0
광주,서구,종량제방식 등 혼합배출,기타(배출불명등),EMPTY,4.4,4.4,0.0,0.0
광주,서구,"재활용 가능자원 분리배출",폐지류,종이팩,0.2,0.0,0.0,0.2
광주,서구,"재활용 가능자원 분리배출",폐지류,기타,0.4,0.0,0.0,0.4
광주,서구,"재활용 가능자원 분리배출",고철류,EMPTY,0.0,0.0,0.0,0.0
광주,서구,"재활용 가능자원 분리배출",금속캔,EMPTY,0.3,0.0,0.0,0.3
광주,서구,"재활용 가능자원 분리배출",폐합성수지류,비닐류,3.1,0.0,0.0,3.1
광주,서구,"재활용 가능자원 분리배출",폐합성수지류,발포수지류,0.3,0.0,0.0,0.3
광주,서구,"재활용 가능자원 분리배출",폐합성수지류,PET병,0.6,0.0,0.0,0.6
광주,서구,"재활용 가능자원 분리배출",폐합성수지류,기타,0.4,0.0,0.0,0.4
광주,서구,"재활용 가능자원 분리배출",폐고무류,EMPTY,0.0,0.0,0.0,0.0
광주,서구,"재활용 가능자원 분리배출",폐유리병류,EMPTY,1.2,0.0,0.0,1.2
광주,서구,"재활용 가능자원 분리배출",폐의류,EMPTY,0.0,0.0,0.0,0.0
광주,서구,"재활용 가능자원 분리배출",폐섬유류,EMPTY,0.0,0.0,0.0,0.0
광주,서구,"재활용 가능자원 분리배출",폐형광등,EMPTY,0.2,0.0,0.0,0.2
광주,서구,"재활용 가능자원 분리배출",폐전지류,EMPTY,0.0,0.0,0.0,0.0
광주,서구,"재활용 가능자원 분리배출",영농폐기물,농약용기류,0.0,0.0,0.0,0.0
광주,서구,"재활용 가능자원 분리배출",영농폐기물,폐비닐,0.0,0.0,0.0,0.0
광주,서구,"재활용 가능자원 분리배출",폐식용유,EMPTY,0.0,0.0,0.0,0.0
광주,서구,"재활용 가능자원 분리배출",폐전기전자제품,EMPTY,0.1,0.0,0.0,0.1
광주,서구,"재활용 가능자원 분리배출",폐가구류,EMPTY,0.0,0.0,0.0,0.0
광주,서구,"재활용 가능자원 분리배출",기타,EMPTY,6.5,0.0,0.0,6.5
광주,서구,"재활용 가능자원 분리배출",재활용 잔재물,EMPTY,2.7,2.7,0.0,0.0
광주,서구,음식물류 폐기물 분리배출,EMPTY,EMPTY,102.2,0.0,0.0,102.2
광주,남구,종량제방식 등 혼합배출,가연성,폐지류,12.5,12.5,0.0,0.0
광주,남구,종량제방식 등 혼합배출,가연성,폐합성수지류,11.3,11.3,0.0,0.0
광주,남구,종량제방식 등 혼합배출,가연성,폐고무류,0.4,0.4,0.0,0.0
광주,남구,종량제방식 등 혼합배출,가연성,폐섬유류,2.7,2.7,0.0,0.0
광주,남구,종량제방식 등 혼합배출,가연성,음식물류 폐기물,3.9,3.9,0.0,0.0
광주,남구,종량제방식 등 혼합배출,가연성,폐목재류,4.6,1.1,0.0,3.5
광주,남구,종량제방식 등 혼합배출,가연성,기타,29.5,24.0,5.5,0.0
광주,남구,종량제방식 등 혼합배출,불연성,폐금속류,0.9,0.9,0.0,0.0
광주,남구,종량제방식 등 혼합배출,불연성,폐유리류,1.3,1.3,0.0,0.0
광주,남구,종량제방식 등 혼합배출,불연성,폐토사류,0.2,0.2,0.0,0.0
광주,남구,종량제방식 등 혼합배출,불연성,폐타일 및 도자기류,0.1,0.1,0.0,0.0
광주,남구,종량제방식 등 혼합배출,불연성,연탄재,0.0,0.0,0.0,0.0
광주,남구,종량제방식 등 혼합배출,불연성,기타,1.7,1.7,0.0,0.0
광주,남구,종량제방식 등 혼합배출,건설폐재류,EMPTY,0.0,0.0,0.0,0.0
광주,남구,종량제방식 등 혼합배출,기타(배출불명등),EMPTY,5.7,5.7,0.0,0.0
광주,남구,"재활용 가능자원 분리배출",폐지류,종이팩,0.0,0.0,0.0,0.0
광주,남구,"재활용 가능자원 분리배출",폐지류,기타,0.0,0.0,0.0,0.0
광주,남구,"재활용 가능자원 분리배출",고철류,EMPTY,0.0,0.0,0.0,0.0
광주,남구,"재활용 가능자원 분리배출",금속캔,EMPTY,0.0,0.0,0.0,0.0
광주,남구,"재활용 가능자원 분리배출",폐합성수지류,비닐류,1.0,0.0,0.0,1.0
광주,남구,"재활용 가능자원 분리배출",폐합성수지류,발포수지류,0.1,0.0,0.0,0.1
광주,남구,"재활용 가능자원 분리배출",폐합성수지류,PET병,1.2,0.0,0.0,1.2
광주,남구,"재활용 가능자원 분리배출",폐합성수지류,기타,0.0,0.0,0.0,0.0
광주,남구,"재활용 가능자원 분리배출",폐고무류,EMPTY,0.0,0.0,0.0,0.0
광주,남구,"재활용 가능자원 분리배출",폐유리병류,EMPTY,0.0,0.0,0.0,0.0
광주,남구,"재활용 가능자원 분리배출",폐의류,EMPTY,0.0,0.0,0.0,0.0
광주,남구,"재활용 가능자원 분리배출",폐섬유류,EMPTY,0.0,0.0,0.0,0.0
광주,남구,"재활용 가능자원 분리배출",폐형광등,EMPTY,0.1,0.0,0.0,0.1
광주,남구,"재활용 가능자원 분리배출",폐전지류,EMPTY,0.0,0.0,0.0,0.0
광주,남구,"재활용 가능자원 분리배출",영농폐기물,농약용기류,0.0,0.0,0.0,0.0
광주,남구,"재활용 가능자원 분리배출",영농폐기물,폐비닐,0.1,0.0,0.0,0.1
광주,남구,"재활용 가능자원 분리배출",폐식용유,EMPTY,0.0,0.0,0.0,0.0
광주,남구,"재활용 가능자원 분리배출",폐전기전자제품,EMPTY,0.9,0.0,0.0,0.9
광주,남구,"재활용 가능자원 분리배출",폐가구류,EMPTY,0.0,0.0,0.0,0.0
광주,남구,"재활용 가능자원 분리배출",기타,EMPTY,0.1,0.0,0.0,0.1
광주,남구,"재활용 가능자원 분리배출",재활용 잔재물,EMPTY,6.1,1.0,0.0,5.1
광주,남구,음식물류 폐기물 분리배출,EMPTY,EMPTY,63.9,0.0,0.0,63.9
광주,북구,종량제방식 등 혼합배출,가연성,폐지류,25.5,25.5,0.0,0.0
광주,북구,종량제방식 등 혼합배출,가연성,폐합성수지류,23.4,23.1,0.0,0.3
광주,북구,종량제방식 등 혼합배출,가연성,폐고무류,0.8,0.8,0.0,0.0
광주,북구,종량제방식 등 혼합배출,가연성,폐섬유류,5.6,5.6,0.0,0.0
광주,북구,종량제방식 등 혼합배출,가연성,음식물류 폐기물,8.0,8.0,0.0,0.0
광주,북구,종량제방식 등 혼합배출,가연성,폐목재류,8.9,2.2,0.0,6.7
광주,북구,종량제방식 등 혼합배출,가연성,기타,66.8,66.8,0.0,0.0
광주,북구,종량제방식 등 혼합배출,불연성,폐금속류,2.3,1.6,0.0,0.7
광주,북구,종량제방식 등 혼합배출,불연성,폐유리류,2.3,2.3,0.0,0.0
광주,북구,종량제방식 등 혼합배출,불연성,폐토사류,0.3,0.3,0.0,0.0
광주,북구,종량제방식 등 혼합배출,불연성,폐타일 및 도자기류,0.2,0.2,0.0,0.0
광주,북구,종량제방식 등 혼합배출,불연성,연탄재,0.0,0.0,0.0,0.0
광주,북구,종량제방식 등 혼합배출,불연성,기타,3.5,3.5,0.0,0.0
광주,북구,종량제방식 등 혼합배출,건설폐재류,EMPTY,0.0,0.0,0.0,0.0
광주,북구,종량제방식 등 혼합배출,기타(배출불명등),EMPTY,5.1,5.1,0.0,0.0
광주,북구,"재활용 가능자원 분리배출",폐지류,종이팩,0.0,0.0,0.0,0.0
광주,북구,"재활용 가능자원 분리배출",폐지류,기타,9.8,0.0,0.0,9.8
광주,북구,"재활용 가능자원 분리배출",고철류,EMPTY,0.9,0.0,0.0,0.9
광주,북구,"재활용 가능자원 분리배출",금속캔,EMPTY,2.6,0.0,0.0,2.6
광주,북구,"재활용 가능자원 분리배출",폐합성수지류,비닐류,8.9,0.0,0.0,8.9
광주,북구,"재활용 가능자원 분리배출",폐합성수지류,발포수지류,1.1,0.0,0.0,1.1
광주,북구,"재활용 가능자원 분리배출",폐합성수지류,PET병,5.2,0.0,0.0,5.2
광주,북구,"재활용 가능자원 분리배출",폐합성수지류,기타,1.6,0.0,0.0,1.6
광주,북구,"재활용 가능자원 분리배출",폐고무류,EMPTY,0.0,0.0,0.0,0.0
광주,북구,"재활용 가능자원 분리배출",폐유리병류,EMPTY,3.9,0.0,0.0,3.9
광주,북구,"재활용 가능자원 분리배출",폐의류,EMPTY,0.5,0.0,0.0,0.5
광주,북구,"재활용 가능자원 분리배출",폐섬유류,EMPTY,0.0,0.0,0.0,0.0
광주,북구,"재활용 가능자원 분리배출",폐형광등,EMPTY,0.1,0.0,0.0,0.1
광주,북구,"재활용 가능자원 분리배출",폐전지류,EMPTY,0.1,0.0,0.0,0.1
광주,북구,"재활용 가능자원 분리배출",영농폐기물,농약용기류,0.0,0.0,0.0,0.0
광주,북구,"재활용 가능자원 분리배출",영농폐기물,폐비닐,0.3,0.0,0.0,0.3
광주,북구,"재활용 가능자원 분리배출",폐식용유,EMPTY,0.0,0.0,0.0,0.0
광주,북구,"재활용 가능자원 분리배출",폐전기전자제품,EMPTY,1.8,0.0,0.0,1.8
광주,북구,"재활용 가능자원 분리배출",폐가구류,EMPTY,0.0,0.0,0.0,0.0
광주,북구,"재활용 가능자원 분리배출",기타,EMPTY,0.9,0.0,0.0,0.9
광주,북구,"재활용 가능자원 분리배출",재활용 잔재물,EMPTY,2.8,2.8,0.0,0.0
광주,북구,음식물류 폐기물 분리배출,EMPTY,EMPTY,136.9,0.0,0.0,136.9
광주,광산구,종량제방식 등 혼합배출,가연성,폐지류,24.1,24.1,0.0,0.0
광주,광산구,종량제방식 등 혼합배출,가연성,폐합성수지류,21.8,21.8,0.0,0.0
광주,광산구,종량제방식 등 혼합배출,가연성,폐고무류,0.7,0.7,0.0,0.0
광주,광산구,종량제방식 등 혼합배출,가연성,폐섬유류,5.2,5.2,0.0,0.0
광주,광산구,종량제방식 등 혼합배출,가연성,음식물류 폐기물,7.5,7.5,0.0,0.0
광주,광산구,종량제방식 등 혼합배출,가연성,폐목재류,44.6,2.0,0.0,42.6
광주,광산구,종량제방식 등 혼합배출,가연성,기타,46.2,46.2,0.0,0.0
광주,광산구,종량제방식 등 혼합배출,불연성,폐금속류,1.8,1.8,0.0,0.0
광주,광산구,종량제방식 등 혼합배출,불연성,폐유리류,2.5,2.5,0.0,0.0
광주,광산구,종량제방식 등 혼합배출,불연성,폐토사류,0.4,0.4,0.0,0.0
광주,광산구,종량제방식 등 혼합배출,불연성,폐타일 및 도자기류,0.2,0.2,0.0,0.0
광주,광산구,종량제방식 등 혼합배출,불연성,연탄재,0.0,0.0,0.0,0.0
광주,광산구,종량제방식 등 혼합배출,불연성,기타,3.3,3.3,0.0,0.0
광주,광산구,종량제방식 등 혼합배출,건설폐재류,EMPTY,0.0,0.0,0.0,0.0
광주,광산구,종량제방식 등 혼합배출,기타(배출불명등),EMPTY,18.4,18.4,0.0,0.0
광주,광산구,"재활용 가능자원 분리배출",폐지류,종이팩,0.0,0.0,0.0,0.0
광주,광산구,"재활용 가능자원 분리배출",폐지류,기타,0.5,0.0,0.0,0.5
광주,광산구,"재활용 가능자원 분리배출",고철류,EMPTY,0.0,0.0,0.0,0.0
광주,광산구,"재활용 가능자원 분리배출",금속캔,EMPTY,0.1,0.0,0.0,0.1
광주,광산구,"재활용 가능자원 분리배출",폐합성수지류,비닐류,13.5,0.0,0.0,13.5
광주,광산구,"재활용 가능자원 분리배출",폐합성수지류,발포수지류,1.1,0.0,0.0,1.1
광주,광산구,"재활용 가능자원 분리배출",폐합성수지류,PET병,8.2,0.0,0.0,8.2
광주,광산구,"재활용 가능자원 분리배출",폐합성수지류,기타,2.0,0.0,0.0,2.0
광주,광산구,"재활용 가능자원 분리배출",폐고무류,EMPTY,0.0,0.0,0.0,0.0
광주,광산구,"재활용 가능자원 분리배출",폐유리병류,EMPTY,4.2,0.0,0.0,4.2
광주,광산구,"재활용 가능자원 분리배출",폐의류,EMPTY,0.0,0.0,0.0,0.0
광주,광산구,"재활용 가능자원 분리배출",폐섬유류,EMPTY,0.0,0.0,0.0,0.0
광주,광산구,"재활용 가능자원 분리배출",폐형광등,EMPTY,0.1,0.0,0.0,0.1
광주,광산구,"재활용 가능자원 분리배출",폐전지류,EMPTY,0.0,0.0,0.0,0.0
광주,광산구,"재활용 가능자원 분리배출",영농폐기물,농약용기류,0.4,0.0,0.0,0.4
광주,광산구,"재활용 가능자원 분리배출",영농폐기물,폐비닐,0.0,0.0,0.0,0.0
광주,광산구,"재활용 가능자원 분리배출",폐식용유,EMPTY,0.0,0.0,0.0,0.0
광주,광산구,"재활용 가능자원 분리배출",폐전기전자제품,EMPTY,1.2,0.0,0.0,1.2
광주,광산구,"재활용 가능자원 분리배출",폐가구류,EMPTY,0.0,0.0,0.0,0.0
광주,광산구,"재활용 가능자원 분리배출",기타,EMPTY,0.0,0.0,0.0,0.0
광주,광산구,"재활용 가능자원 분리배출",재활용 잔재물,EMPTY,15.4,7.3,8.1,0.0
광주,광산구,음식물류 폐기물 분리배출,EMPTY,EMPTY,130.3,0.0,0.0,130.3
대전,동구,종량제방식 등 혼합배출,가연성,폐지류,21.6,6.5,6.2,8.9
대전,동구,종량제방식 등 혼합배출,가연성,폐합성수지류,18.9,5.7,6.0,7.2
대전,동구,종량제방식 등 혼합배출,가연성,폐고무류,0.7,0.2,0.2,0.3
대전,동구,종량제방식 등 혼합배출,가연성,폐섬유류,4.4,1.3,1.3,1.8
대전,동구,종량제방식 등 혼합배출,가연성,음식물류 폐기물,6.3,1.8,1.9,2.6
대전,동구,종량제방식 등 혼합배출,가연성,폐목재류,1.8,0.5,0.6,0.7
대전,동구,종량제방식 등 혼합배출,가연성,기타,40.8,11.5,12.1,17.2
대전,동구,종량제방식 등 혼합배출,불연성,폐금속류,1.7,0.5,0.5,0.7
대전,동구,종량제방식 등 혼합배출,불연성,폐유리류,2.4,0.7,0.7,1.0
대전,동구,종량제방식 등 혼합배출,불연성,폐토사류,0.3,0.1,0.1,0.1
대전,동구,종량제방식 등 혼합배출,불연성,폐타일 및 도자기류,0.3,0.1,0.1,0.1
대전,동구,종량제방식 등 혼합배출,불연성,연탄재,2.0,2.0,0.0,0.0
대전,동구,종량제방식 등 혼합배출,불연성,기타,2.8,0.8,0.9,1.1
대전,동구,종량제방식 등 혼합배출,건설폐재류,EMPTY,0.2,0.2,0.0,0.0
대전,동구,종량제방식 등 혼합배출,기타(배출불명등),EMPTY,0.0,0.0,0.0,0.0
대전,동구,"재활용 가능자원 분리배출",폐지류,종이팩,0.3,0.0,0.0,0.3
대전,동구,"재활용 가능자원 분리배출",폐지류,기타,0.6,0.0,0.0,0.6
대전,동구,"재활용 가능자원 분리배출",고철류,EMPTY,0.4,0.0,0.0,0.4
대전,동구,"재활용 가능자원 분리배출",금속캔,EMPTY,0.0,0.0,0.0,0.0
대전,동구,"재활용 가능자원 분리배출",폐합성수지류,비닐류,42.3,0.0,0.0,42.3
대전,동구,"재활용 가능자원 분리배출",폐합성수지류,발포수지류,0.3,0.0,0.0,0.3
대전,동구,"재활용 가능자원 분리배출",폐합성수지류,PET병,1.1,0.0,0.0,1.1
대전,동구,"재활용 가능자원 분리배출",폐합성수지류,기타,0.7,0.0,0.0,0.7
대전,동구,"재활용 가능자원 분리배출",폐고무류,EMPTY,0.0,0.0,0.0,0.0
대전,동구,"재활용 가능자원 분리배출",폐유리병류,EMPTY,8.4,0.0,0.0,8.4
대전,동구,"재활용 가능자원 분리배출",폐의류,EMPTY,0.0,0.0,0.0,0.0
대전,동구,"재활용 가능자원 분리배출",폐섬유류,EMPTY,0.0,0.0,0.0,0.0
대전,동구,"재활용 가능자원 분리배출",폐형광등,EMPTY,0.6,0.0,0.0,0.6
대전,동구,"재활용 가능자원 분리배출",폐전지류,EMPTY,0.2,0.0,0.0,0.2
대전,동구,"재활용 가능자원 분리배출",영농폐기물,농약용기류,0.0,0.0,0.0,0.0
대전,동구,"재활용 가능자원 분리배출",영농폐기물,폐비닐,0.0,0.0,0.0,0.0
대전,동구,"재활용 가능자원 분리배출",폐식용유,EMPTY,0.0,0.0,0.0,0.0
대전,동구,"재활용 가능자원 분리배출",폐전기전자제품,EMPTY,0.1,0.0,0.0,0.1
대전,동구,"재활용 가능자원 분리배출",폐가구류,EMPTY,0.0,0.0,0.0,0.0
대전,동구,"재활용 가능자원 분리배출",기타,EMPTY,0.1,0.0,0.0,0.1
대전,동구,"재활용 가능자원 분리배출",재활용 잔재물,EMPTY,5.9,0.0,0.0,5.9
대전,동구,음식물류 폐기물 분리배출,EMPTY,EMPTY,66.9,0.0,0.0,66.9
대전,중구,종량제방식 등 혼합배출,가연성,폐지류,19.6,5.6,5.8,8.2
대전,중구,종량제방식 등 혼합배출,가연성,폐합성수지류,17.7,5.0,5.3,7.4
대전,중구,종량제방식 등 혼합배출,가연성,폐고무류,0.6,0.2,0.2,0.2
대전,중구,종량제방식 등 혼합배출,가연성,폐섬유류,4.3,1.2,1.3,1.8
대전,중구,종량제방식 등 혼합배출,가연성,음식물류 폐기물,6.0,1.7,1.8,2.5
대전,중구,종량제방식 등 혼합배출,가연성,폐목재류,5.8,0.5,0.5,4.8
대전,중구,종량제방식 등 혼합배출,가연성,기타,37.5,10.7,11.2,15.6
대전,중구,종량제방식 등 혼합배출,불연성,폐금속류,1.8,0.4,0.4,1.0
대전,중구,종량제방식 등 혼합배출,불연성,폐유리류,2.1,0.6,0.6,0.9
대전,중구,종량제방식 등 혼합배출,불연성,폐토사류,0.3,0.1,0.1,0.1
대전,중구,종량제방식 등 혼합배출,불연성,폐타일 및 도자기류,0.3,0.1,0.1,0.1
대전,중구,종량제방식 등 혼합배출,불연성,연탄재,0.0,0.0,0.0,0.0
대전,중구,종량제방식 등 혼합배출,불연성,기타,2.7,0.8,0.8,1.1
대전,중구,종량제방식 등 혼합배출,건설폐재류,EMPTY,0.0,0.0,0.0,0.0
대전,중구,종량제방식 등 혼합배출,기타(배출불명등),EMPTY,0.0,0.0,0.0,0.0
대전,중구,"재활용 가능자원 분리배출",폐지류,종이팩,5.7,0.0,0.0,5.7
대전,중구,"재활용 가능자원 분리배출",폐지류,기타,34.6,0.0,0.0,34.6
대전,중구,"재활용 가능자원 분리배출",고철류,EMPTY,8.3,0.0,0.0,8.3
대전,중구,"재활용 가능자원 분리배출",금속캔,EMPTY,5.8,0.0,0.0,5.8
대전,중구,"재활용 가능자원 분리배출",폐합성수지류,비닐류,7.1,0.0,0.0,7.1
대전,중구,"재활용 가능자원 분리배출",폐합성수지류,발포수지류,0.5,0.0,0.0,0.5
대전,중구,"재활용 가능자원 분리배출",폐합성수지류,PET병,4.7,0.0,0.0,4.7
대전,중구,"재활용 가능자원 분리배출",폐합성수지류,기타,2.7,0.0,0.0,2.7
대전,중구,"재활용 가능자원 분리배출",폐고무류,EMPTY,0.0,0.0,0.0,0.0
대전,중구,"재활용 가능자원 분리배출",폐유리병류,EMPTY,5.8,0.0,0.0,5.8
대전,중구,"재활용 가능자원 분리배출",폐의류,EMPTY,0.3,0.0,0.0,0.3
대전,중구,"재활용 가능자원 분리배출",폐섬유류,EMPTY,0.0,0.0,0.0,0.0
대전,중구,"재활용 가능자원 분리배출",폐형광등,EMPTY,0.2,0.0,0.0,0.2
대전,중구,"재활용 가능자원 분리배출",폐전지류,EMPTY,0.1,0.0,0.0,0.1
대전,중구,"재활용 가능자원 분리배출",영농폐기물,농약용기류,0.0,0.0,0.0,0.0
대전,중구,"재활용 가능자원 분리배출",영농폐기물,폐비닐,0.2,0.0,0.0,0.2
대전,중구,"재활용 가능자원 분리배출",폐식용유,EMPTY,0.0,0.0,0.0,0.0
대전,중구,"재활용 가능자원 분리배출",폐전기전자제품,EMPTY,1.0,0.0,0.0,1.0
대전,중구,"재활용 가능자원 분리배출",폐가구류,EMPTY,0.0,0.0,0.0,0.0
대전,중구,"재활용 가능자원 분리배출",기타,EMPTY,0.2,0.0,0.0,0.2
대전,중구,"재활용 가능자원 분리배출",재활용 잔재물,EMPTY,8.7,0.0,8.7,0.0
대전,중구,음식물류 폐기물 분리배출,EMPTY,EMPTY,59.5,0.0,0.0,59.5
대전,서구,종량제방식 등 혼합배출,가연성,폐지류,36.6,16.5,8.0,12.1
대전,서구,종량제방식 등 혼합배출,가연성,폐합성수지류,33.0,14.9,7.2,10.9
대전,서구,종량제방식 등 혼합배출,가연성,폐고무류,1.1,0.5,0.2,0.4
대전,서구,종량제방식 등 혼합배출,가연성,폐섬유류,7.9,3.6,1.7,2.6
대전,서구,종량제방식 등 혼합배출,가연성,음식물류 폐기물,11.5,5.2,2.5,3.8
대전,서구,종량제방식 등 혼합배출,가연성,폐목재류,3.1,1.4,0.7,1.0
대전,서구,종량제방식 등 혼합배출,가연성,기타,70.1,31.7,15.3,23.1
대전,서구,종량제방식 등 혼합배출,불연성,폐금속류,2.7,1.2,0.6,0.9
대전,서구,종량제방식 등 혼합배출,불연성,폐유리류,3.8,1.7,0.8,1.3
대전,서구,종량제방식 등 혼합배출,불연성,폐토사류,0.5,0.2,0.1,0.2
대전,서구,종량제방식 등 혼합배출,불연성,폐타일 및 도자기류,0.4,0.2,0.1,0.1
대전,서구,종량제방식 등 혼합배출,불연성,연탄재,0.0,0.0,0.0,0.0
대전,서구,종량제방식 등 혼합배출,불연성,기타,4.9,2.2,1.1,1.6
대전,서구,종량제방식 등 혼합배출,건설폐재류,EMPTY,0.0,0.0,0.0,0.0
대전,서구,종량제방식 등 혼합배출,기타(배출불명등),EMPTY,0.0,0.0,0.0,0.0
대전,서구,"재활용 가능자원 분리배출",폐지류,종이팩,0.1,0.0,0.0,0.1
대전,서구,"재활용 가능자원 분리배출",폐지류,기타,1.2,0.0,0.0,1.2
대전,서구,"재활용 가능자원 분리배출",고철류,EMPTY,0.2,0.0,0.0,0.2
대전,서구,"재활용 가능자원 분리배출",금속캔,EMPTY,1.3,0.0,0.0,1.3
대전,서구,"재활용 가능자원 분리배출",폐합성수지류,비닐류,12.9,0.0,0.0,12.9
대전,서구,"재활용 가능자원 분리배출",폐합성수지류,발포수지류,0.3,0.0,0.0,0.3
대전,서구,"재활용 가능자원 분리배출",폐합성수지류,PET병,3.2,0.0,0.0,3.2
대전,서구,"재활용 가능자원 분리배출",폐합성수지류,기타,2.0,0.0,0.0,2.0
대전,서구,"재활용 가능자원 분리배출",폐고무류,EMPTY,0.0,0.0,0.0,0.0
대전,서구,"재활용 가능자원 분리배출",폐유리병류,EMPTY,2.5,0.0,0.0,2.5
대전,서구,"재활용 가능자원 분리배출",폐의류,EMPTY,0.0,0.0,0.0,0.0
대전,서구,"재활용 가능자원 분리배출",폐섬유류,EMPTY,0.0,0.0,0.0,0.0
대전,서구,"재활용 가능자원 분리배출",폐형광등,EMPTY,0.2,0.0,0.0,0.2
대전,서구,"재활용 가능자원 분리배출",폐전지류,EMPTY,0.1,0.0,0.0,0.1
대전,서구,"재활용 가능자원 분리배출",영농폐기물,농약용기류,0.0,0.0,0.0,0.0
대전,서구,"재활용 가능자원 분리배출",영농폐기물,폐비닐,0.0,0.0,0.0,0.0
대전,서구,"재활용 가능자원 분리배출",폐식용유,EMPTY,0.0,0.0,0.0,0.0
대전,서구,"재활용 가능자원 분리배출",폐전기전자제품,EMPTY,0.1,0.0,0.0,0.1
대전,서구,"재활용 가능자원 분리배출",폐가구류,EMPTY,0.0,0.0,0.0,0.0
대전,서구,"재활용 가능자원 분리배출",기타,EMPTY,0.0,0.0,0.0,0.0
대전,서구,"재활용 가능자원 분리배출",재활용 잔재물,EMPTY,13.6,0.0,0.0,0.0
대전,서구,음식물류 폐기물 분리배출,EMPTY,EMPTY,145.7,4.1,0.0,141.6
대전,유성구,종량제방식 등 혼합배출,가연성,폐지류,28.8,9.7,8.8,10.3
대전,유성구,종량제방식 등 혼합배출,가연성,폐합성수지류,26.1,8.8,8.0,9.3
대전,유성구,종량제방식 등 혼합배출,가연성,폐고무류,0.9,0.3,0.3,0.3
대전,유성구,종량제방식 등 혼합배출,가연성,폐섬유류,6.2,2.1,1.9,2.2
대전,유성구,종량제방식 등 혼합배출,가연성,음식물류 폐기물,8.9,3.0,2.7,3.2
대전,유성구,종량제방식 등 혼합배출,가연성,폐목재류,2.4,0.8,0.7,0.9
대전,유성구,종량제방식 등 혼합배출,가연성,기타,55.3,18.7,16.9,19.7
대전,유성구,종량제방식 등 혼합배출,불연성,폐금속류,2.2,0.7,0.7,0.8
대전,유성구,종량제방식 등 혼합배출,불연성,폐유리류,3.0,1.0,0.9,1.1
대전,유성구,종량제방식 등 혼합배출,불연성,폐토사류,0.4,0.1,0.1,0.2
대전,유성구,종량제방식 등 혼합배출,불연성,폐타일 및 도자기류,0.3,0.1,0.1,0.1
대전,유성구,종량제방식 등 혼합배출,불연성,연탄재,0.0,0.0,0.0,0.0
대전,유성구,종량제방식 등 혼합배출,불연성,기타,3.9,1.3,1.2,1.4
대전,유성구,종량제방식 등 혼합배출,건설폐재류,EMPTY,1.0,0.6,0.1,0.3
대전,유성구,종량제방식 등 혼합배출,기타(배출불명등),EMPTY,1.0,0.3,0.1,0.6
대전,유성구,"재활용 가능자원 분리배출",폐지류,종이팩,0.1,0.0,0.0,0.1
대전,유성구,"재활용 가능자원 분리배출",폐지류,기타,0.1,0.0,0.0,0.1
대전,유성구,"재활용 가능자원 분리배출",고철류,EMPTY,0.1,0.0,0.0,0.1
대전,유성구,"재활용 가능자원 분리배출",금속캔,EMPTY,1.4,0.0,0.0,1.4
대전,유성구,"재활용 가능자원 분리배출",폐합성수지류,비닐류,8.5,0.0,0.0,8.5
대전,유성구,"재활용 가능자원 분리배출",폐합성수지류,발포수지류,0.4,0.0,0.0,0.4
대전,유성구,"재활용 가능자원 분리배출",폐합성수지류,PET병,2.4,0.0,0.0,2.4
대전,유성구,"재활용 가능자원 분리배출",폐합성수지류,기타,1.4,0.0,0.0,1.4
대전,유성구,"재활용 가능자원 분리배출",폐고무류,EMPTY,0.0,0.0,0.0,0.0
대전,유성구,"재활용 가능자원 분리배출",폐유리병류,EMPTY,4.2,0.0,0.0,4.2
대전,유성구,"재활용 가능자원 분리배출",폐의류,EMPTY,0.0,0.0,0.0,0.0
대전,유성구,"재활용 가능자원 분리배출",폐섬유류,EMPTY,0.0,0.0,0.0,0.0
대전,유성구,"재활용 가능자원 분리배출",폐형광등,EMPTY,0.2,0.0,0.0,0.2
대전,유성구,"재활용 가능자원 분리배출",폐전지류,EMPTY,0.1,0.0,0.0,0.1
대전,유성구,"재활용 가능자원 분리배출",영농폐기물,농약용기류,0.0,0.0,0.0,0.0
대전,유성구,"재활용 가능자원 분리배출",영농폐기물,폐비닐,0.4,0.0,0.0,0.4
대전,유성구,"재활용 가능자원 분리배출",폐식용유,EMPTY,0.0,0.0,0.0,0.0
대전,유성구,"재활용 가능자원 분리배출",폐전기전자제품,EMPTY,1.4,0.0,0.0,1.4
대전,유성구,"재활용 가능자원 분리배출",폐가구류,EMPTY,0.0,0.0,0.0,0.0
대전,유성구,"재활용 가능자원 분리배출",기타,EMPTY,0.0,0.0,0.0,0.0
대전,유성구,"재활용 가능자원 분리배출",재활용 잔재물,EMPTY,9.5,0.1,0.0,9.4
대전,유성구,음식물류 폐기물 분리배출,EMPTY,EMPTY,125.0,0.0,0.0,125.0
대전,대덕구,종량제방식 등 혼합배출,가연성,폐지류,25.6,2.6,12.7,10.3
대전,대덕구,종량제방식 등 혼합배출,가연성,폐합성수지류,14.3,2.1,6.4,5.8
대전,대덕구,종량제방식 등 혼합배출,가연성,폐고무류,7.8,0.7,2.2,4.9
대전,대덕구,종량제방식 등 혼합배출,가연성,폐섬유류,4.3,0.2,1.7,2.4
대전,대덕구,종량제방식 등 혼합배출,가연성,음식물류 폐기물,1.7,0.7,0.9,0.1
대전,대덕구,종량제방식 등 혼합배출,가연성,폐목재류,6.7,1.6,5.1,0.0
대전,대덕구,종량제방식 등 혼합배출,가연성,기타,1.7,0.1,1.3,0.3
대전,대덕구,종량제방식 등 혼합배출,불연성,폐금속류,2.0,1.5,0.1,0.4
대전,대덕구,종량제방식 등 혼합배출,불연성,폐유리류,1.8,1.5,0.0,0.3
대전,대덕구,종량제방식 등 혼합배출,불연성,폐토사류,2.4,2.2,0.1,0.1
대전,대덕구,종량제방식 등 혼합배출,불연성,폐타일 및 도자기류,3.3,2.7,0.1,0.5
대전,대덕구,종량제방식 등 혼합배출,불연성,연탄재,1.4,1.3,0.1,0.0
대전,대덕구,종량제방식 등 혼합배출,불연성,기타,0.9,0.7,0.1,0.1
대전,대덕구,종량제방식 등 혼합배출,건설폐재류,EMPTY,1.1,1.0,0.1,0.0
대전,대덕구,종량제방식 등 혼합배출,기타(배출불명등),EMPTY,0.9,0.7,0.2,0.0
대전,대덕구,"재활용 가능자원 분리배출",폐지류,종이팩,0.1,0.0,0.0,0.1
대전,대덕구,"재활용 가능자원 분리배출",폐지류,기타,0.7,0.0,0.0,0.7
대전,대덕구,"재활용 가능자원 분리배출",고철류,EMPTY,0.2,0.0,0.0,0.2
대전,대덕구,"재활용 가능자원 분리배출",금속캔,EMPTY,0.7,0.0,0.0,0.7
대전,대덕구,"재활용 가능자원 분리배출",폐합성수지류,비닐류,6.9,0.0,0.0,6.9
대전,대덕구,"재활용 가능자원 분리배출",폐합성수지류,발포수지류,0.3,0.0,0.0,0.3
대전,대덕구,"재활용 가능자원 분리배출",폐합성수지류,PET병,1.4,0.0,0.0,1.4
대전,대덕구,"재활용 가능자원 분리배출",폐합성수지류,기타,0.9,0.0,0.0,0.9
대전,대덕구,"재활용 가능자원 분리배출",폐고무류,EMPTY,0.0,0.0,0.0,0.0
대전,대덕구,"재활용 가능자원 분리배출",폐유리병류,EMPTY,2.1,0.0,0.0,2.1
대전,대덕구,"재활용 가능자원 분리배출",폐의류,EMPTY,0.0,0.0,0.0,0.0
대전,대덕구,"재활용 가능자원 분리배출",폐섬유류,EMPTY,0.0,0.0,0.0,0.0
대전,대덕구,"재활용 가능자원 분리배출",폐형광등,EMPTY,0.1,0.0,0.0,0.1
대전,대덕구,"재활용 가능자원 분리배출",폐전지류,EMPTY,0.1,0.0,0.0,0.1
대전,대덕구,"재활용 가능자원 분리배출",영농폐기물,농약용기류,0.0,0.0,0.0,0.0
대전,대덕구,"재활용 가능자원 분리배출",영농폐기물,폐비닐,0.0,0.0,0.0,0.0
대전,대덕구,"재활용 가능자원 분리배출",폐식용유,EMPTY,0.0,0.0,0.0,0.0
대전,대덕구,"재활용 가능자원 분리배출",폐전기전자제품,EMPTY,0.0,0.0,0.0,0.0
대전,대덕구,"재활용 가능자원 분리배출",폐가구류,EMPTY,0.0,0.0,0.0,0.0
대전,대덕구,"재활용 가능자원 분리배출",기타,EMPTY,0.5,0.0,0.0,0.5
대전,대덕구,"재활용 가능자원 분리배출",재활용 잔재물,EMPTY,6.8,0.0,6.8,0.0
대전,대덕구,음식물류 폐기물 분리배출,EMPTY,EMPTY,59.2,0.0,0.0,59.2
울산,중구,종량제방식 등 혼합배출,가연성,폐지류,12.1,0.0,12.1,0.0
울산,중구,종량제방식 등 혼합배출,가연성,폐합성수지류,11.0,0.0,11.0,0.0
울산,중구,종량제방식 등 혼합배출,가연성,폐고무류,0.4,0.0,0.4,0.0
울산,중구,종량제방식 등 혼합배출,가연성,폐섬유류,2.6,0.0,2.6,0.0
울산,중구,종량제방식 등 혼합배출,가연성,음식물류 폐기물,3.8,0.0,3.8,0.0
울산,중구,종량제방식 등 혼합배출,가연성,폐목재류,1.0,0.0,1.0,0.0
울산,중구,종량제방식 등 혼합배출,가연성,기타,23.2,0.0,23.2,0.0
울산,중구,종량제방식 등 혼합배출,불연성,폐금속류,0.9,0.0,0.9,0.0
울산,중구,종량제방식 등 혼합배출,불연성,폐유리류,1.3,0.0,1.3,0.0
울산,중구,종량제방식 등 혼합배출,불연성,폐토사류,0.2,0.0,0.2,0.0
울산,중구,종량제방식 등 혼합배출,불연성,폐타일 및 도자기류,0.1,0.0,0.1,0.0
울산,중구,종량제방식 등 혼합배출,불연성,연탄재,0.0,0.0,0.0,0.0
울산,중구,종량제방식 등 혼합배출,불연성,기타,1.6,0.0,1.6,0.0
울산,중구,종량제방식 등 혼합배출,건설폐재류,EMPTY,36.5,26.7,9.8,0.0
울산,중구,종량제방식 등 혼합배출,기타(배출불명등),EMPTY,5.5,2.9,2.6,0.0
울산,중구,"재활용 가능자원 분리배출",폐지류,종이팩,5.0,0.0,0.0,5.0
울산,중구,"재활용 가능자원 분리배출",폐지류,기타,16.5,0.0,0.0,16.5
울산,중구,"재활용 가능자원 분리배출",고철류,EMPTY,0.9,0.0,0.0,0.9
울산,중구,"재활용 가능자원 분리배출",금속캔,EMPTY,4.0,0.0,0.0,4.0
울산,중구,"재활용 가능자원 분리배출",폐합성수지류,비닐류,13.1,0.0,0.0,13.1
울산,중구,"재활용 가능자원 분리배출",폐합성수지류,발포수지류,1.5,0.0,0.0,1.5
울산,중구,"재활용 가능자원 분리배출",폐합성수지류,PET병,5.3,0.0,0.0,5.3
울산,중구,"재활용 가능자원 분리배출",폐합성수지류,기타,0.0,0.0,0.0,0.0
울산,중구,"재활용 가능자원 분리배출",폐고무류,EMPTY,0.0,0.0,0.0,0.0
울산,중구,"재활용 가능자원 분리배출",폐유리병류,EMPTY,8.1,0.0,0.0,8.1
울산,중구,"재활용 가능자원 분리배출",폐의류,EMPTY,0.2,0.0,0.0,0.2
울산,중구,"재활용 가능자원 분리배출",폐섬유류,EMPTY,0.0,0.0,0.0,0.0
울산,중구,"재활용 가능자원 분리배출",폐형광등,EMPTY,1.2,0.0,0.0,1.2
울산,중구,"재활용 가능자원 분리배출",폐전지류,EMPTY,0.0,0.0,0.0,0.0
울산,중구,"재활용 가능자원 분리배출",영농폐기물,농약용기류,0.4,0.0,0.0,0.4
울산,중구,"재활용 가능자원 분리배출",영농폐기물,폐비닐,2.3,0.0,0.0,2.3
울산,중구,"재활용 가능자원 분리배출",폐식용유,EMPTY,0.0,0.0,0.0,0.0
울산,중구,"재활용 가능자원 분리배출",폐전기전자제품,EMPTY,3.2,0.0,0.0,3.2
울산,중구,"재활용 가능자원 분리배출",폐가구류,EMPTY,0.0,0.0,0.0,0.0
울산,중구,"재활용 가능자원 분리배출",기타,EMPTY,0.0,0.0,0.0,0.0
울산,중구,"재활용 가능자원 분리배출",재활용 잔재물,EMPTY,11.7,0.0,11.7,0.0
울산,중구,음식물류 폐기물 분리배출,EMPTY,EMPTY,55.8,0.0,0.9,54.9
울산,남구,종량제방식 등 혼합배출,가연성,폐지류,1.8,0.4,1.4,0.0
울산,남구,종량제방식 등 혼합배출,가연성,폐합성수지류,2.7,0.8,1.9,0.0
울산,남구,종량제방식 등 혼합배출,가연성,폐고무류,1.9,0.7,1.2,0.0
울산,남구,종량제방식 등 혼합배출,가연성,폐섬유류,0.0,0.0,0.0,0.0
울산,남구,종량제방식 등 혼합배출,가연성,음식물류 폐기물,0.0,0.0,0.0,0.0
울산,남구,종량제방식 등 혼합배출,가연성,폐목재류,29.7,4.7,25.0,0.0
울산,남구,종량제방식 등 혼합배출,가연성,기타,70.5,10.4,60.1,0.0
울산,남구,종량제방식 등 혼합배출,불연성,폐금속류,17.1,13.2,3.9,0.0
울산,남구,종량제방식 등 혼합배출,불연성,폐유리류,22.6,19.4,3.2,0.0
울산,남구,종량제방식 등 혼합배출,불연성,폐토사류,5.7,5.7,0.0,0.0
울산,남구,종량제방식 등 혼합배출,불연성,폐타일 및 도자기류,0.0,0.0,0.0,0.0
울산,남구,종량제방식 등 혼합배출,불연성,연탄재,0.0,0.0,0.0,0.0
울산,남구,종량제방식 등 혼합배출,불연성,기타,0.0,0.0,0.0,0.0
울산,남구,종량제방식 등 혼합배출,건설폐재류,EMPTY,33.2,0.0,33.2,0.0
울산,남구,종량제방식 등 혼합배출,기타(배출불명등),EMPTY,0.0,0.0,0.0,0.0
울산,남구,"재활용 가능자원 분리배출",폐지류,종이팩,14.2,0.0,0.0,14.2
울산,남구,"재활용 가능자원 분리배출",폐지류,기타,2.5,0.0,0.0,2.5
울산,남구,"재활용 가능자원 분리배출",고철류,EMPTY,0.8,0.0,0.0,0.8
울산,남구,"재활용 가능자원 분리배출",금속캔,EMPTY,2.3,0.0,0.0,2.3
울산,남구,"재활용 가능자원 분리배출",폐합성수지류,비닐류,20.0,0.0,0.0,20.0
울산,남구,"재활용 가능자원 분리배출",폐합성수지류,발포수지류,0.5,0.0,0.0,0.5
울산,남구,"재활용 가능자원 분리배출",폐합성수지류,PET병,4.4,0.0,0.0,4.4
울산,남구,"재활용 가능자원 분리배출",폐합성수지류,기타,4.0,0.0,0.0,4.0
울산,남구,"재활용 가능자원 분리배출",폐고무류,EMPTY,0.0,0.0,0.0,0.0
울산,남구,"재활용 가능자원 분리배출",폐유리병류,EMPTY,9.4,0.0,0.0,9.4
울산,남구,"재활용 가능자원 분리배출",폐의류,EMPTY,3.1,0.0,0.0,3.1
울산,남구,"재활용 가능자원 분리배출",폐섬유류,EMPTY,0.0,0.0,0.0,0.0
울산,남구,"재활용 가능자원 분리배출",폐형광등,EMPTY,0.0,0.0,0.0,0.0
울산,남구,"재활용 가능자원 분리배출",폐전지류,EMPTY,0.1,0.0,0.0,0.1
울산,남구,"재활용 가능자원 분리배출",영농폐기물,농약용기류,0.0,0.0,0.0,0.0
울산,남구,"재활용 가능자원 분리배출",영농폐기물,폐비닐,0.0,0.0,0.0,0.0
울산,남구,"재활용 가능자원 분리배출",폐식용유,EMPTY,0.0,0.0,0.0,0.0
울산,남구,"재활용 가능자원 분리배출",폐전기전자제품,EMPTY,2.5,0.0,0.0,2.5
울산,남구,"재활용 가능자원 분리배출",폐가구류,EMPTY,0.0,0.0,0.0,0.0
울산,남구,"재활용 가능자원 분리배출",기타,EMPTY,32.9,0.0,0.0,32.9
울산,남구,"재활용 가능자원 분리배출",재활용 잔재물,EMPTY,19.9,0.0,19.9,0.0
울산,남구,음식물류 폐기물 분리배출,EMPTY,EMPTY,95.9,0.0,4.6,91.3
울산,동구,종량제방식 등 혼합배출,가연성,폐지류,10.7,0.0,10.7,0.0
울산,동구,종량제방식 등 혼합배출,가연성,폐합성수지류,9.7,0.0,9.7,0.0
울산,동구,종량제방식 등 혼합배출,가연성,폐고무류,0.3,0.0,0.3,0.0
울산,동구,종량제방식 등 혼합배출,가연성,폐섬유류,2.3,0.0,2.3,0.0
울산,동구,종량제방식 등 혼합배출,가연성,음식물류 폐기물,3.4,0.0,3.4,0.0
울산,동구,종량제방식 등 혼합배출,가연성,폐목재류,0.9,0.0,0.9,0.0
울산,동구,종량제방식 등 혼합배출,가연성,기타,20.6,0.0,20.6,0.0
울산,동구,종량제방식 등 혼합배출,불연성,폐금속류,0.8,0.0,0.8,0.0
울산,동구,종량제방식 등 혼합배출,불연성,폐유리류,1.1,0.0,1.1,0.0
울산,동구,종량제방식 등 혼합배출,불연성,폐토사류,0.2,0.0,0.2,0.0
울산,동구,종량제방식 등 혼합배출,불연성,폐타일 및 도자기류,0.1,0.0,0.1,0.0
울산,동구,종량제방식 등 혼합배출,불연성,연탄재,0.0,0.0,0.0,0.0
울산,동구,종량제방식 등 혼합배출,불연성,기타,1.5,0.0,1.5,0.0
울산,동구,종량제방식 등 혼합배출,건설폐재류,EMPTY,29.4,20.7,8.7,0.0
울산,동구,종량제방식 등 혼합배출,기타(배출불명등),EMPTY,3.7,1.4,2.3,0.0
울산,동구,"재활용 가능자원 분리배출",폐지류,종이팩,0.1,0.0,0.0,0.1
울산,동구,"재활용 가능자원 분리배출",폐지류,기타,15.3,0.0,0.0,15.3
울산,동구,"재활용 가능자원 분리배출",고철류,EMPTY,25.1,0.0,0.0,25.1
울산,동구,"재활용 가능자원 분리배출",금속캔,EMPTY,3.7,0.0,0.0,3.7
울산,동구,"재활용 가능자원 분리배출",폐합성수지류,비닐류,3.7,0.0,0.0,3.7
울산,동구,"재활용 가능자원 분리배출",폐합성수지류,발포수지류,2.3,0.0,0.0,2.3
울산,동구,"재활용 가능자원 분리배출",폐합성수지류,PET병,0.3,0.0,0.0,0.3
울산,동구,"재활용 가능자원 분리배출",폐합성수지류,기타,6.2,0.0,0.0,6.2
울산,동구,"재활용 가능자원 분리배출",폐고무류,EMPTY,0.0,0.0,0.0,0.0
울산,동구,"재활용 가능자원 분리배출",폐유리병류,EMPTY,5.0,0.0,0.0,5.0
울산,동구,"재활용 가능자원 분리배출",폐의류,EMPTY,0.2,0.0,0.0,0.2
울산,동구,"재활용 가능자원 분리배출",폐섬유류,EMPTY,0.0,0.0,0.0,0.0
울산,동구,"재활용 가능자원 분리배출",폐형광등,EMPTY,0.0,0.0,0.0,0.0
울산,동구,"재활용 가능자원 분리배출",폐전지류,EMPTY,0.0,0.0,0.0,0.0
울산,동구,"재활용 가능자원 분리배출",영농폐기물,농약용기류,0.0,0.0,0.0,0.0
울산,동구,"재활용 가능자원 분리배출",영농폐기물,폐비닐,0.0,0.0,0.0,0.0
울산,동구,"재활용 가능자원 분리배출",폐식용유,EMPTY,0.0,0.0,0.0,0.0
울산,동구,"재활용 가능자원 분리배출",폐전기전자제품,EMPTY,0.0,0.0,0.0,0.0
울산,동구,"재활용 가능자원 분리배출",폐가구류,EMPTY,0.0,0.0,0.0,0.0
울산,동구,"재활용 가능자원 분리배출",기타,EMPTY,0.1,0.0,0.0,0.1
울산,동구,"재활용 가능자원 분리배출",재활용 잔재물,EMPTY,8.2,0.0,8.2,0.0
울산,동구,음식물류 폐기물 분리배출,EMPTY,EMPTY,41.1,0.0,0.0,41.1
울산,북구,종량제방식 등 혼합배출,가연성,폐지류,17.9,0.0,17.9,0.0
울산,북구,종량제방식 등 혼합배출,가연성,폐합성수지류,14.9,0.0,14.9,0.0
울산,북구,종량제방식 등 혼합배출,가연성,폐고무류,2.6,0.0,2.6,0.0
울산,북구,종량제방식 등 혼합배출,가연성,폐섬유류,8.9,0.0,8.9,0.0
울산,북구,종량제방식 등 혼합배출,가연성,음식물류 폐기물,1.8,0.0,1.8,0.0
울산,북구,종량제방식 등 혼합배출,가연성,폐목재류,3.7,0.0,3.7,0.0
울산,북구,종량제방식 등 혼합배출,가연성,기타,15.7,0.0,15.7,0.0
울산,북구,종량제방식 등 혼합배출,불연성,폐금속류,0.5,0.5,0.0,0.0
울산,북구,종량제방식 등 혼합배출,불연성,폐유리류,0.7,0.7,0.0,0.0
울산,북구,종량제방식 등 혼합배출,불연성,폐토사류,0.1,0.1,0.0,0.0
울산,북구,종량제방식 등 혼합배출,불연성,폐타일 및 도자기류,1.4,1.4,0.0,0.0
울산,북구,종량제방식 등 혼합배출,불연성,연탄재,0.0,0.0,0.0,0.0
울산,북구,종량제방식 등 혼합배출,불연성,기타,8.9,8.9,0.0,0.0
울산,북구,종량제방식 등 혼합배출,건설폐재류,EMPTY,20.5,20.5,0.0,0.0
울산,북구,종량제방식 등 혼합배출,기타(배출불명등),EMPTY,0.0,0.0,0.0,0.0
울산,북구,"재활용 가능자원 분리배출",폐지류,종이팩,0.2,0.0,0.0,0.2
울산,북구,"재활용 가능자원 분리배출",폐지류,기타,12.3,0.0,0.0,12.3
울산,북구,"재활용 가능자원 분리배출",고철류,EMPTY,19.7,0.0,0.0,19.7
울산,북구,"재활용 가능자원 분리배출",금속캔,EMPTY,6.8,0.0,0.0,6.8
울산,북구,"재활용 가능자원 분리배출",폐합성수지류,비닐류,2.3,0.0,0.0,2.3
울산,북구,"재활용 가능자원 분리배출",폐합성수지류,발포수지류,0.0,0.0,0.0,0.0
울산,북구,"재활용 가능자원 분리배출",폐합성수지류,PET병,0.2,0.0,0.0,0.2
울산,북구,"재활용 가능자원 분리배출",폐합성수지류,기타,6.3,0.0,0.0,6.3
울산,북구,"재활용 가능자원 분리배출",폐고무류,EMPTY,0.0,0.0,0.0,0.0
울산,북구,"재활용 가능자원 분리배출",폐유리병류,EMPTY,9.0,0.0,0.0,9.0
울산,북구,"재활용 가능자원 분리배출",폐의류,EMPTY,0.0,0.0,0.0,0.0
울산,북구,"재활용 가능자원 분리배출",폐섬유류,EMPTY,0.0,0.0,0.0,0.0
울산,북구,"재활용 가능자원 분리배출",폐형광등,EMPTY,0.1,0.0,0.0,0.1
울산,북구,"재활용 가능자원 분리배출",폐전지류,EMPTY,0.1,0.0,0.0,0.1
울산,북구,"재활용 가능자원 분리배출",영농폐기물,농약용기류,0.0,0.0,0.0,0.0
울산,북구,"재활용 가능자원 분리배출",영농폐기물,폐비닐,0.6,0.0,0.0,0.6
울산,북구,"재활용 가능자원 분리배출",폐식용유,EMPTY,0.0,0.0,0.0,0.0
울산,북구,"재활용 가능자원 분리배출",폐전기전자제품,EMPTY,0.7,0.0,0.0,0.7
울산,북구,"재활용 가능자원 분리배출",폐가구류,EMPTY,0.0,0.0,0.0,0.0
울산,북구,"재활용 가능자원 분리배출",기타,EMPTY,0.1,0.0,0.0,0.1
울산,북구,"재활용 가능자원 분리배출",재활용 잔재물,EMPTY,8.0,0.0,8.0,0.0
울산,북구,음식물류 폐기물 분리배출,EMPTY,EMPTY,58.3,0.0,1.8,55.3
울산,울주군,종량제방식 등 혼합배출,가연성,폐지류,40.0,0.0,40.0,0.0
울산,울주군,종량제방식 등 혼합배출,가연성,폐합성수지류,24.6,0.0,24.6,0.0
울산,울주군,종량제방식 등 혼합배출,가연성,폐고무류,2.2,0.0,2.2,0.0
울산,울주군,종량제방식 등 혼합배출,가연성,폐섬유류,1.5,0.0,1.5,0.0
울산,울주군,종량제방식 등 혼합배출,가연성,음식물류 폐기물,0.9,0.0,0.9,0.0
울산,울주군,종량제방식 등 혼합배출,가연성,폐목재류,8.2,0.0,8.2,0.0
울산,울주군,종량제방식 등 혼합배출,가연성,기타,15.0,1.4,13.6,0.0
울산,울주군,종량제방식 등 혼합배출,불연성,폐금속류,2.2,2.2,0.0,0.0
울산,울주군,종량제방식 등 혼합배출,불연성,폐유리류,2.0,2.0,0.0,0.0
울산,울주군,종량제방식 등 혼합배출,불연성,폐토사류,0.0,0.0,0.0,0.0
울산,울주군,종량제방식 등 혼합배출,불연성,폐타일 및 도자기류,7.8,7.8,0.0,0.0
울산,울주군,종량제방식 등 혼합배출,불연성,연탄재,0.0,0.0,0.0,0.0
울산,울주군,종량제방식 등 혼합배출,불연성,기타,2.0,2.0,0.0,0.0
울산,울주군,종량제방식 등 혼합배출,건설폐재류,EMPTY,0.0,0.0,0.0,0.0
울산,울주군,종량제방식 등 혼합배출,기타(배출불명등),EMPTY,0.0,0.0,0.0,0.0
울산,울주군,"재활용 가능자원 분리배출",폐지류,종이팩,0.2,0.0,0.0,0.2
울산,울주군,"재활용 가능자원 분리배출",폐지류,기타,14.6,0.0,0.0,14.6
울산,울주군,"재활용 가능자원 분리배출",고철류,EMPTY,2.3,0.0,0.0,2.3
울산,울주군,"재활용 가능자원 분리배출",금속캔,EMPTY,6.8,0.0,0.0,6.8
울산,울주군,"재활용 가능자원 분리배출",폐합성수지류,비닐류,3.3,0.0,0.0,3.3
울산,울주군,"재활용 가능자원 분리배출",폐합성수지류,발포수지류,0.3,0.0,0.0,0.3
울산,울주군,"재활용 가능자원 분리배출",폐합성수지류,PET병,8.7,0.0,0.0,8.7
울산,울주군,"재활용 가능자원 분리배출",폐합성수지류,기타,1.1,0.0,0.0,1.1
울산,울주군,"재활용 가능자원 분리배출",폐고무류,EMPTY,0.0,0.0,0.0,0.0
울산,울주군,"재활용 가능자원 분리배출",폐유리병류,EMPTY,9.2,0.0,0.0,9.2
울산,울주군,"재활용 가능자원 분리배출",폐의류,EMPTY,1.2,0.0,0.0,1.2
울산,울주군,"재활용 가능자원 분리배출",폐섬유류,EMPTY,0.0,0.0,0.0,0.0
울산,울주군,"재활용 가능자원 분리배출",폐형광등,EMPTY,0.1,0.0,0.0,0.1
울산,울주군,"재활용 가능자원 분리배출",폐전지류,EMPTY,0.0,0.0,0.0,0.0
울산,울주군,"재활용 가능자원 분리배출",영농폐기물,농약용기류,0.1,0.0,0.0,0.1
울산,울주군,"재활용 가능자원 분리배출",영농폐기물,폐비닐,1.9,0.0,0.0,1.9
울산,울주군,"재활용 가능자원 분리배출",폐식용유,EMPTY,0.0,0.0,0.0,0.0
울산,울주군,"재활용 가능자원 분리배출",폐전기전자제품,EMPTY,2.5,0.0,0.0,2.5
울산,울주군,"재활용 가능자원 분리배출",폐가구류,EMPTY,0.0,0.0,0.0,0.0
울산,울주군,"재활용 가능자원 분리배출",기타,EMPTY,0.0,0.0,0.0,0.0
울산,울주군,"재활용 가능자원 분리배출",재활용 잔재물,EMPTY,5.7,0.0,5.7,0.0
울산,울주군,음식물류 폐기물 분리배출,EMPTY,EMPTY,57.7,0.0,0.1,57.6
세종,세종시,종량제방식 등 혼합배출,가연성,폐지류,32.5,2.1,24.5,3.1
세종,세종시,종량제방식 등 혼합배출,가연성,폐합성수지류,25.1,1.6,19.0,2.4
세종,세종시,종량제방식 등 혼합배출,가연성,폐고무류,1.5,0.1,1.2,0.1
세종,세종시,종량제방식 등 혼합배출,가연성,폐섬유류,4.8,0.3,3.6,0.5
세종,세종시,종량제방식 등 혼합배출,가연성,음식물류 폐기물,6.2,0.4,4.7,0.6
세종,세종시,종량제방식 등 혼합배출,가연성,폐목재류,2.4,0.2,1.8,0.2
세종,세종시,종량제방식 등 혼합배출,가연성,기타,38.0,2.0,23.4,3.0
세종,세종시,종량제방식 등 혼합배출,불연성,폐금속류,2.2,0.1,1.7,0.2
세종,세종시,종량제방식 등 혼합배출,불연성,폐유리류,3.6,0.2,2.7,0.4
세종,세종시,종량제방식 등 혼합배출,불연성,폐토사류,0.2,0.0,0.2,0.0
세종,세종시,종량제방식 등 혼합배출,불연성,폐타일 및 도자기류,0.1,0.0,0.1,0.0
세종,세종시,종량제방식 등 혼합배출,불연성,연탄재,0.7,0.0,0.5,0.1
세종,세종시,종량제방식 등 혼합배출,불연성,기타,2.4,0.8,0.7,0.1
세종,세종시,종량제방식 등 혼합배출,건설폐재류,EMPTY,0.8,0.0,0.8,0.0
세종,세종시,종량제방식 등 혼합배출,기타(배출불명등),EMPTY,0.1,0.0,0.1,0.0
세종,세종시,"재활용 가능자원 분리배출",폐지류,종이팩,1.2,0.0,0.0,1.2
세종,세종시,"재활용 가능자원 분리배출",폐지류,기타,31.1,0.0,0.0,31.1
세종,세종시,"재활용 가능자원 분리배출",고철류,EMPTY,77.9,0.0,0.0,77.9
세종,세종시,"재활용 가능자원 분리배출",금속캔,EMPTY,1.8,0.0,0.0,1.8
세종,세종시,"재활용 가능자원 분리배출",폐합성수지류,비닐류,3.5,0.0,0.0,3.5
세종,세종시,"재활용 가능자원 분리배출",폐합성수지류,발포수지류,1.1,0.0,0.0,1.1
세종,세종시,"재활용 가능자원 분리배출",폐합성수지류,PET병,3.5,0.0,0.0,3.5
세종,세종시,"재활용 가능자원 분리배출",폐합성수지류,기타,4.7,0.0,0.0,4.7
세종,세종시,"재활용 가능자원 분리배출",폐고무류,EMPTY,0.1,0.0,0.0,0.1
세종,세종시,"재활용 가능자원 분리배출",폐유리병류,EMPTY,8.1,0.0,0.0,8.1
세종,세종시,"재활용 가능자원 분리배출",폐의류,EMPTY,0.0,0.0,0.0,0.0
세종,세종시,"재활용 가능자원 분리배출",폐섬유류,EMPTY,0.3,0.0,0.0,0.3
세종,세종시,"재활용 가능자원 분리배출",폐형광등,EMPTY,0.2,0.0,0.0,0.2
세종,세종시,"재활용 가능자원 분리배출",폐전지류,EMPTY,0.1,0.0,0.0,0.1
세종,세종시,"재활용 가능자원 분리배출",영농폐기물,농약용기류,0.0,0.0,0.0,0.0
세종,세종시,"재활용 가능자원 분리배출",영농폐기물,폐비닐,0.8,0.0,0.0,0.8
세종,세종시,"재활용 가능자원 분리배출",폐식용유,EMPTY,0.0,0.0,0.0,0.0
세종,세종시,"재활용 가능자원 분리배출",폐전기전자제품,EMPTY,0.7,0.0,0.0,0.7
세종,세종시,"재활용 가능자원 분리배출",폐가구류,EMPTY,14.1,0.0,0.0,14.1
세종,세종시,"재활용 가능자원 분리배출",기타,EMPTY,0.2,0.0,0.0,0.2
세종,세종시,"재활용 가능자원 분리배출",재활용 잔재물,EMPTY,4.2,0.0,0.0,4.2
세종,세종시,음식물류 폐기물 분리배출,EMPTY,EMPTY,51.1,0.0,0.0,51.1
경기,수원시,종량제방식 등 혼합배출,가연성,폐지류,61.5,0.0,61.5,0.0
경기,수원시,종량제방식 등 혼합배출,가연성,폐합성수지류,49.9,0.0,49.9,0.0
경기,수원시,종량제방식 등 혼합배출,가연성,폐고무류,25.3,0.0,25.3,0.0
경기,수원시,종량제방식 등 혼합배출,가연성,폐섬유류,24.4,0.0,24.4,0.0
경기,수원시,종량제방식 등 혼합배출,가연성,음식물류 폐기물,63.6,0.0,63.6,0.0
경기,수원시,종량제방식 등 혼합배출,가연성,폐목재류,25.5,0.0,25.5,0.0
경기,수원시,종량제방식 등 혼합배출,가연성,기타,45.8,0.0,45.8,0.0
경기,수원시,종량제방식 등 혼합배출,불연성,폐금속류,24.6,0.0,24.6,0.0
경기,수원시,종량제방식 등 혼합배출,불연성,폐유리류,22.6,0.0,22.6,0.0
경기,수원시,종량제방식 등 혼합배출,불연성,폐토사류,0.0,0.0,0.0,0.0
경기,수원시,종량제방식 등 혼합배출,불연성,폐타일 및 도자기류,0.0,0.0,0.0,0.0
경기,수원시,종량제방식 등 혼합배출,불연성,연탄재,0.0,0.0,0.0,0.0
경기,수원시,종량제방식 등 혼합배출,불연성,기타,35.9,0.0,35.9,0.0
경기,수원시,종량제방식 등 혼합배출,건설폐재류,EMPTY,0.0,0.0,0.0,0.0
경기,수원시,종량제방식 등 혼합배출,기타(배출불명등),EMPTY,0.0,0.0,0.0,0.0
경기,수원시,"재활용 가능자원 분리배출",폐지류,종이팩,0.0,0.0,0.0,0.0
경기,수원시,"재활용 가능자원 분리배출",폐지류,기타,0.1,0.0,0.0,0.1
경기,수원시,"재활용 가능자원 분리배출",고철류,EMPTY,1.5,0.0,0.0,1.5
경기,수원시,"재활용 가능자원 분리배출",금속캔,EMPTY,1.2,0.0,0.0,1.2
경기,수원시,"재활용 가능자원 분리배출",폐합성수지류,비닐류,15.6,0.0,0.0,15.6
경기,수원시,"재활용 가능자원 분리배출",폐합성수지류,발포수지류,1.6,0.0,0.0,1.6
경기,수원시,"재활용 가능자원 분리배출",폐합성수지류,PET병,5.8,0.0,0.0,5.8
경기,수원시,"재활용 가능자원 분리배출",폐합성수지류,기타,76.2,0.0,0.0,76.2
경기,수원시,"재활용 가능자원 분리배출",폐고무류,EMPTY,0.2,0.0,0.0,0.2
경기,수원시,"재활용 가능자원 분리배출",폐유리병류,EMPTY,14.6,0.0,0.0,14.6
경기,수원시,"재활용 가능자원 분리배출",폐의류,EMPTY,0.0,0.0,0.0,0.0
경기,수원시,"재활용 가능자원 분리배출",폐섬유류,EMPTY,0.0,0.0,0.0,0.0
경기,수원시,"재활용 가능자원 분리배출",폐형광등,EMPTY,0.4,0.0,0.0,0.4
경기,수원시,"재활용 가능자원 분리배출",폐전지류,EMPTY,0.3,0.0,0.0,0.3
경기,수원시,"재활용 가능자원 분리배출",영농폐기물,농약용기류,0.0,0.0,0.0,0.0
경기,수원시,"재활용 가능자원 분리배출",영농폐기물,폐비닐,0.0,0.0,0.0,0.0
경기,수원시,"재활용 가능자원 분리배출",폐식용유,EMPTY,0.0,0.0,0.0,0.0
경기,수원시,"재활용 가능자원 분리배출",폐전기전자제품,EMPTY,6.5,0.0,0.0,6.5
경기,수원시,"재활용 가능자원 분리배출",폐가구류,EMPTY,53.3,0.0,0.0,53.3
경기,수원시,"재활용 가능자원 분리배출",기타,EMPTY,17.5,0.0,0.0,17.5
경기,수원시,"재활용 가능자원 분리배출",재활용 잔재물,EMPTY,16.2,8.1,8.1,0.0
경기,수원시,음식물류 폐기물 분리배출,EMPTY,EMPTY,206.9,0.0,0.0,206.9
경기,고양시,종량제방식 등 혼합배출,가연성,폐지류,70.7,27.4,43.3,0.0
경기,고양시,종량제방식 등 혼합배출,가연성,폐합성수지류,93.5,26.6,66.9,0.0
경기,고양시,종량제방식 등 혼합배출,가연성,폐고무류,10.9,8.0,2.9,0.0
경기,고양시,종량제방식 등 혼합배출,가연성,폐섬유류,18.3,0.0,18.3,0.0
경기,고양시,종량제방식 등 혼합배출,가연성,음식물류 폐기물,28.5,13.8,14.7,0.0
경기,고양시,종량제방식 등 혼합배출,가연성,폐목재류,11.5,8.0,3.5,0.0
경기,고양시,종량제방식 등 혼합배출,가연성,기타,44.6,18.5,26.1,0.0
경기,고양시,종량제방식 등 혼합배출,불연성,폐금속류,3.2,0.0,3.2,0.0
경기,고양시,종량제방식 등 혼합배출,불연성,폐유리류,2.7,0.0,2.7,0.0
경기,고양시,종량제방식 등 혼합배출,불연성,폐토사류,0.0,0.0,0.0,0.0
경기,고양시,종량제방식 등 혼합배출,불연성,폐타일 및 도자기류,0.0,0.0,0.0,0.0
경기,고양시,종량제방식 등 혼합배출,불연성,연탄재,0.0,0.0,0.0,0.0
경기,고양시,종량제방식 등 혼합배출,불연성,기타,5.8,0.0,5.8,0.0
경기,고양시,종량제방식 등 혼합배출,건설폐재류,EMPTY,0.0,0.0,0.0,0.0
경기,고양시,종량제방식 등 혼합배출,기타(배출불명등),EMPTY,0.0,0.0,0.0,0.0
경기,고양시,"재활용 가능자원 분리배출",폐지류,종이팩,0.5,0.0,0.0,0.5
경기,고양시,"재활용 가능자원 분리배출",폐지류,기타,53.4,0.0,0.0,53.4
경기,고양시,"재활용 가능자원 분리배출",고철류,EMPTY,35.4,0.0,0.0,35.4
경기,고양시,"재활용 가능자원 분리배출",금속캔,EMPTY,0.7,0.0,0.0,0.7
경기,고양시,"재활용 가능자원 분리배출",폐합성수지류,비닐류,26.5,0.0,0.0,26.5
경기,고양시,"재활용 가능자원 분리배출",폐합성수지류,발포수지류,3.6,0.0,0.0,3.6
경기,고양시,"재활용 가능자원 분리배출",폐합성수지류,PET병,5.3,0.0,0.0,5.3
경기,고양시,"재활용 가능자원 분리배출",폐합성수지류,기타,16.2,0.0,0.0,16.2
경기,고양시,"재활용 가능자원 분리배출",폐고무류,EMPTY,0.0,0.0,0.0,0.0
경기,고양시,"재활용 가능자원 분리배출",폐유리병류,EMPTY,0.0,0.0,0.0,0.0
경기,고양시,"재활용 가능자원 분리배출",폐의류,EMPTY,0.0,0.0,0.0,0.0
경기,고양시,"재활용 가능자원 분리배출",폐섬유류,EMPTY,0.0,0.0,0.0,0.0
경기,고양시,"재활용 가능자원 분리배출",폐형광등,EMPTY,0.5,0.0,0.0,0.5
경기,고양시,"재활용 가능자원 분리배출",폐전지류,EMPTY,0.2,0.0,0.0,0.2
경기,고양시,"재활용 가능자원 분리배출",영농폐기물,농약용기류,0.0,0.0,0.0,0.0
경기,고양시,"재활용 가능자원 분리배출",영농폐기물,폐비닐,0.3,0.0,0.0,0.3
경기,고양시,"재활용 가능자원 분리배출",폐식용유,EMPTY,0.0,0.0,0.0,0.0
경기,고양시,"재활용 가능자원 분리배출",폐전기전자제품,EMPTY,0.0,0.0,0.0,0.0
경기,고양시,"재활용 가능자원 분리배출",폐가구류,EMPTY,0.0,0.0,0.0,0.0
경기,고양시,"재활용 가능자원 분리배출",기타,EMPTY,10.0,0.0,0.0,10.0
경기,고양시,"재활용 가능자원 분리배출",재활용 잔재물,EMPTY,37.9,0.0,0.0,37.9
경기,고양시,음식물류 폐기물 분리배출,EMPTY,EMPTY,290.7,0.0,0.0,290.7
경기,성남시,종량제방식 등 혼합배출,가연성,폐지류,140.1,0.0,140.1,0.0
경기,성남시,종량제방식 등 혼합배출,가연성,폐합성수지류,101.3,0.0,101.3,0.0
경기,성남시,종량제방식 등 혼합배출,가연성,폐고무류,6.7,0.0,6.7,0.0
경기,성남시,종량제방식 등 혼합배출,가연성,폐섬유류,16.1,0.0,16.1,0.0
경기,성남시,종량제방식 등 혼합배출,가연성,음식물류 폐기물,49.7,0.0,49.7,0.0
경기,성남시,종량제방식 등 혼합배출,가연성,폐목재류,42.8,0.0,42.8,0.0
경기,성남시,종량제방식 등 혼합배출,가연성,기타,29.6,0.0,29.6,0.0
경기,성남시,종량제방식 등 혼합배출,불연성,폐금속류,6.1,0.0,6.1,0.0
경기,성남시,종량제방식 등 혼합배출,불연성,폐유리류,8.8,0.0,8.8,0.0
경기,성남시,종량제방식 등 혼합배출,불연성,폐토사류,0.0,0.0,0.0,0.0
경기,성남시,종량제방식 등 혼합배출,불연성,폐타일 및 도자기류,0.0,0.0,0.0,0.0
경기,성남시,종량제방식 등 혼합배출,불연성,연탄재,0.0,0.0,0.0,0.0
경기,성남시,종량제방식 등 혼합배출,불연성,기타,0.0,0.0,0.0,0.0
경기,성남시,종량제방식 등 혼합배출,건설폐재류,EMPTY,0.0,0.0,0.0,0.0
경기,성남시,종량제방식 등 혼합배출,기타(배출불명등),EMPTY,0.0,0.0,0.0,0.0
경기,성남시,"재활용 가능자원 분리배출",폐지류,종이팩,0.2,0.0,0.0,0.2
경기,성남시,"재활용 가능자원 분리배출",폐지류,기타,5.6,0.0,0.0,5.6
경기,성남시,"재활용 가능자원 분리배출",고철류,EMPTY,3.4,0.0,0.0,3.4
경기,성남시,"재활용 가능자원 분리배출",금속캔,EMPTY,0.2,0.0,0.0,0.2
경기,성남시,"재활용 가능자원 분리배출",폐합성수지류,비닐류,10.0,0.0,0.0,10.0
경기,성남시,"재활용 가능자원 분리배출",폐합성수지류,발포수지류,2.9,0.0,0.0,2.9
경기,성남시,"재활용 가능자원 분리배출",폐합성수지류,PET병,5.8,0.0,0.0,5.8
경기,성남시,"재활용 가능자원 분리배출",폐합성수지류,기타,6.1,0.0,0.0,6.1
경기,성남시,"재활용 가능자원 분리배출",폐고무류,EMPTY,0.1,0.0,0.0,0.1
경기,성남시,"재활용 가능자원 분리배출",폐유리병류,EMPTY,10.4,0.0,0.0,10.4
경기,성남시,"재활용 가능자원 분리배출",폐의류,EMPTY,0.1,0.0,0.0,0.1
경기,성남시,"재활용 가능자원 분리배출",폐섬유류,EMPTY,0.0,0.0,0.0,0.0
경기,성남시,"재활용 가능자원 분리배출",폐형광등,EMPTY,0.6,0.0,0.0,0.6
경기,성남시,"재활용 가능자원 분리배출",폐전지류,EMPTY,0.3,0.0,0.0,0.3
경기,성남시,"재활용 가능자원 분리배출",영농폐기물,농약용기류,0.0,0.0,0.0,0.0
경기,성남시,"재활용 가능자원 분리배출",영농폐기물,폐비닐,10.0,0.0,0.0,10.0
경기,성남시,"재활용 가능자원 분리배출",폐식용유,EMPTY,0.0,0.0,0.0,0.0
경기,성남시,"재활용 가능자원 분리배출",폐전기전자제품,EMPTY,4.7,0.0,0.0,4.7
경기,성남시,"재활용 가능자원 분리배출",폐가구류,EMPTY,50.7,0.0,0.0,50.7
경기,성남시,"재활용 가능자원 분리배출",기타,EMPTY,11.4,0.0,0.0,11.4
경기,성남시,"재활용 가능자원 분리배출",재활용 잔재물,EMPTY,25.6,0.0,25.6,0.0
경기,성남시,음식물류 폐기물 분리배출,EMPTY,EMPTY,238.8,0.0,0.0,238.8
경기,용인시,종량제방식 등 혼합배출,가연성,폐지류,68.5,2.5,66.0,0.0
경기,용인시,종량제방식 등 혼합배출,가연성,폐합성수지류,68.7,3.0,65.7,0.0
경기,용인시,종량제방식 등 혼합배출,가연성,폐고무류,1.8,0.1,1.7,0.0
경기,용인시,종량제방식 등 혼합배출,가연성,폐섬유류,25.2,1.4,23.8,0.0
경기,용인시,종량제방식 등 혼합배출,가연성,음식물류 폐기물,27.4,0.6,26.8,0.0
경기,용인시,종량제방식 등 혼합배출,가연성,폐목재류,22.8,1.3,21.5,0.0
경기,용인시,종량제방식 등 혼합배출,가연성,기타,32.6,1.9,30.7,0.0
경기,용인시,종량제방식 등 혼합배출,불연성,폐금속류,2.7,2.7,0.0,0.0
경기,용인시,종량제방식 등 혼합배출,불연성,폐유리류,22.6,22.6,0.0,0.0
경기,용인시,종량제방식 등 혼합배출,불연성,폐토사류,0.0,0.0,0.0,0.0
경기,용인시,종량제방식 등 혼합배출,불연성,폐타일 및 도자기류,0.0,0.0,0.0,0.0
경기,용인시,종량제방식 등 혼합배출,불연성,연탄재,0.0,0.0,0.0,0.0
경기,용인시,종량제방식 등 혼합배출,불연성,기타,11.1,11.1,0.0,0.0
경기,용인시,종량제방식 등 혼합배출,건설폐재류,EMPTY,0.0,0.0,0.0,0.0
경기,용인시,종량제방식 등 혼합배출,기타(배출불명등),EMPTY,0.0,0.0,0.0,0.0
경기,용인시,"재활용 가능자원 분리배출",폐지류,종이팩,0.2,0.0,0.0,0.2
경기,용인시,"재활용 가능자원 분리배출",폐지류,기타,230.3,0.0,0.0,230.3
경기,용인시,"재활용 가능자원 분리배출",고철류,EMPTY,8.6,0.0,0.0,8.6
경기,용인시,"재활용 가능자원 분리배출",금속캔,EMPTY,3.1,0.0,0.0,3.1
경기,용인시,"재활용 가능자원 분리배출",폐합성수지류,비닐류,23.4,0.0,0.0,23.4
경기,용인시,"재활용 가능자원 분리배출",폐합성수지류,발포수지류,2.7,0.0,0.0,2.7
경기,용인시,"재활용 가능자원 분리배출",폐합성수지류,PET병,11.3,0.0,0.0,11.3
경기,용인시,"재활용 가능자원 분리배출",폐합성수지류,기타,42.3,0.0,0.0,42.3
경기,용인시,"재활용 가능자원 분리배출",폐고무류,EMPTY,0.0,0.0,0.0,0.0
경기,용인시,"재활용 가능자원 분리배출",폐유리병류,EMPTY,7.7,0.0,0.0,7.7
경기,용인시,"재활용 가능자원 분리배출",폐의류,EMPTY,0.4,0.0,0.0,0.4
경기,용인시,"재활용 가능자원 분리배출",폐섬유류,EMPTY,18.9,0.0,0.0,18.9
경기,용인시,"재활용 가능자원 분리배출",폐형광등,EMPTY,0.3,0.0,0.0,0.3
경기,용인시,"재활용 가능자원 분리배출",폐전지류,EMPTY,0.2,0.0,0.0,0.2
경기,용인시,"재활용 가능자원 분리배출",영농폐기물,농약용기류,0.0,0.0,0.0,0.0
경기,용인시,"재활용 가능자원 분리배출",영농폐기물,폐비닐,1.0,0.0,0.0,1.0
경기,용인시,"재활용 가능자원 분리배출",폐식용유,EMPTY,0.0,0.0,0.0,0.0
경기,용인시,"재활용 가능자원 분리배출",폐전기전자제품,EMPTY,4.9,0.0,0.0,4.9
경기,용인시,"재활용 가능자원 분리배출",폐가구류,EMPTY,41.5,0.0,0.0,41.5
경기,용인시,"재활용 가능자원 분리배출",기타,EMPTY,0.0,0.0,0.0,0.0
경기,용인시,"재활용 가능자원 분리배출",재활용 잔재물,EMPTY,7.8,2.9,4.9,0.0
경기,용인시,음식물류 폐기물 분리배출,EMPTY,EMPTY,210.1,0.0,0.0,210.1
경기,부천시,종량제방식 등 혼합배출,가연성,폐지류,68.5,29.6,38.9,0.0
경기,부천시,종량제방식 등 혼합배출,가연성,폐합성수지류,54.0,23.3,30.7,0.0
경기,부천시,종량제방식 등 혼합배출,가연성,폐고무류,7.2,3.1,4.1,0.0
경기,부천시,종량제방식 등 혼합배출,가연성,폐섬유류,20.7,8.9,11.8,0.0
경기,부천시,종량제방식 등 혼합배출,가연성,음식물류 폐기물,23.6,10.2,13.4,0.0
경기,부천시,종량제방식 등 혼합배출,가연성,폐목재류,25.4,11.0,14.4,0.0
경기,부천시,종량제방식 등 혼합배출,가연성,기타,69.8,8.2,10.8,50.8
경기,부천시,종량제방식 등 혼합배출,불연성,폐금속류,7.9,3.4,4.5,0.0
경기,부천시,종량제방식 등 혼합배출,불연성,폐유리류,6.9,3.0,3.9,0.0
경기,부천시,종량제방식 등 혼합배출,불연성,폐토사류,0.0,0.0,0.0,0.0
경기,부천시,종량제방식 등 혼합배출,불연성,폐타일 및 도자기류,0.0,0.0,0.0,0.0
경기,부천시,종량제방식 등 혼합배출,불연성,연탄재,0.0,0.0,0.0,0.0
경기,부천시,종량제방식 등 혼합배출,불연성,기타,0.0,0.0,0.0,0.0
경기,부천시,종량제방식 등 혼합배출,건설폐재류,EMPTY,0.0,0.0,0.0,0.0
경기,부천시,종량제방식 등 혼합배출,기타(배출불명등),EMPTY,0.0,0.0,0.0,0.0
경기,부천시,"재활용 가능자원 분리배출",폐지류,종이팩,0.1,0.0,0.0,0.1
경기,부천시,"재활용 가능자원 분리배출",폐지류,기타,4.7,0.0,0.0,4.7
경기,부천시,"재활용 가능자원 분리배출",고철류,EMPTY,0.2,0.0,0.0,0.2
경기,부천시,"재활용 가능자원 분리배출",금속캔,EMPTY,1.8,0.0,0.0,1.8
경기,부천시,"재활용 가능자원 분리배출",폐합성수지류,비닐류,29.2,0.0,0.0,29.2
경기,부천시,"재활용 가능자원 분리배출",폐합성수지류,발포수지류,2.0,0.0,0.0,2.0
경기,부천시,"재활용 가능자원 분리배출",폐합성수지류,PET병,3.2,0.0,0.0,3.2
경기,부천시,"재활용 가능자원 분리배출",폐합성수지류,기타,2.3,0.0,0.0,2.3
경기,부천시,"재활용 가능자원 분리배출",폐고무류,EMPTY,0.0,0.0,0.0,0.0
경기,부천시,"재활용 가능자원 분리배출",폐유리병류,EMPTY,0.0,0.0,0.0,0.0
경기,부천시,"재활용 가능자원 분리배출",폐의류,EMPTY,0.0,0.0,0.0,0.0
경기,부천시,"재활용 가능자원 분리배출",폐섬유류,EMPTY,0.0,0.0,0.0,0.0
경기,부천시,"재활용 가능자원 분리배출",폐형광등,EMPTY,0.3,0.0,0.0,0.3
경기,부천시,"재활용 가능자원 분리배출",폐전지류,EMPTY,0.1,0.0,0.0,0.1
경기,부천시,"재활용 가능자원 분리배출",영농폐기물,농약용기류,0.0,0.0,0.0,0.0
경기,부천시,"재활용 가능자원 분리배출",영농폐기물,폐비닐,0.0,0.0,0.0,0.0
경기,부천시,"재활용 가능자원 분리배출",폐식용유,EMPTY,0.0,0.0,0.0,0.0
경기,부천시,"재활용 가능자원 분리배출",폐전기전자제품,EMPTY,2.2,0.0,0.0,2.2
경기,부천시,"재활용 가능자원 분리배출",폐가구류,EMPTY,0.0,0.0,0.0,0.0
경기,부천시,"재활용 가능자원 분리배출",기타,EMPTY,5.1,0.0,0.0,5.1
경기,부천시,"재활용 가능자원 분리배출",재활용 잔재물,EMPTY,14.6,2.2,0.0,0.0
경기,부천시,음식물류 폐기물 분리배출,EMPTY,EMPTY,219.3,0.0,0.0,218.4
경기,안산시,종량제방식 등 혼합배출,가연성,폐지류,62.3,23.0,39.3,0.0
경기,안산시,종량제방식 등 혼합배출,가연성,폐합성수지류,41.3,17.9,23.4,0.0
경기,안산시,종량제방식 등 혼합배출,가연성,폐고무류,26.8,0.8,26.0,0.0
경기,안산시,종량제방식 등 혼합배출,가연성,폐섬유류,3.3,3.3,0.0,0.0
경기,안산시,종량제방식 등 혼합배출,가연성,음식물류 폐기물,21.8,4.4,17.4,0.0
경기,안산시,종량제방식 등 혼합배출,가연성,폐목재류,20.0,1.7,18.3,0.0
경기,안산시,종량제방식 등 혼합배출,가연성,기타,22.3,22.3,0.0,0.0
경기,안산시,종량제방식 등 혼합배출,불연성,폐금속류,1.6,1.6,0.0,0.0
경기,안산시,종량제방식 등 혼합배출,불연성,폐유리류,2.6,2.6,0.0,0.0
경기,안산시,종량제방식 등 혼합배출,불연성,폐토사류,0.2,0.2,0.0,0.0
경기,안산시,종량제방식 등 혼합배출,불연성,폐타일 및 도자기류,0.1,0.1,0.0,0.0
경기,안산시,종량제방식 등 혼합배출,불연성,연탄재,1.6,1.6,0.0,0.0
경기,안산시,종량제방식 등 혼합배출,불연성,기타,19.1,0.7,18.4,0.0
경기,안산시,종량제방식 등 혼합배출,건설폐재류,EMPTY,10.9,10.9,0.0,0.0
경기,안산시,종량제방식 등 혼합배출,기타(배출불명등),EMPTY,4.6,0.0,4.6,0.0
경기,안산시,"재활용 가능자원 분리배출",폐지류,종이팩,0.1,0.0,0.0,0.1
경기,안산시,"재활용 가능자원 분리배출",폐지류,기타,1.2,0.0,0.0,1.2
경기,안산시,"재활용 가능자원 분리배출",고철류,EMPTY,1.3,0.0,0.0,1.3
경기,안산시,"재활용 가능자원 분리배출",금속캔,EMPTY,0.3,0.0,0.0,0.3
경기,안산시,"재활용 가능자원 분리배출",폐합성수지류,비닐류,34.3,0.0,0.0,34.3
경기,안산시,"재활용 가능자원 분리배출",폐합성수지류,발포수지류,1.1,0.0,0.0,1.1
경기,안산시,"재활용 가능자원 분리배출",폐합성수지류,PET병,1.3,0.0,0.0,1.3
경기,안산시,"재활용 가능자원 분리배출",폐합성수지류,기타,15.1,0.0,0.0,15.1
경기,안산시,"재활용 가능자원 분리배출",폐고무류,EMPTY,0.0,0.0,0.0,0.0
경기,안산시,"재활용 가능자원 분리배출",폐유리병류,EMPTY,5.7,0.0,0.0,5.7
경기,안산시,"재활용 가능자원 분리배출",폐의류,EMPTY,0.0,0.0,0.0,0.0
경기,안산시,"재활용 가능자원 분리배출",폐섬유류,EMPTY,0.0,0.0,0.0,0.0
경기,안산시,"재활용 가능자원 분리배출",폐형광등,EMPTY,0.2,0.0,0.0,0.2
경기,안산시,"재활용 가능자원 분리배출",폐전지류,EMPTY,0.1,0.0,0.0,0.1
경기,안산시,"재활용 가능자원 분리배출",영농폐기물,농약용기류,0.0,0.0,0.0,0.0
경기,안산시,"재활용 가능자원 분리배출",영농폐기물,폐비닐,0.4,0.0,0.0,0.4
경기,안산시,"재활용 가능자원 분리배출",폐식용유,EMPTY,0.0,0.0,0.0,0.0
경기,안산시,"재활용 가능자원 분리배출",폐전기전자제품,EMPTY,2.1,0.0,0.0,2.1
경기,안산시,"재활용 가능자원 분리배출",폐가구류,EMPTY,2.3,0.0,0.0,2.3
경기,안산시,"재활용 가능자원 분리배출",기타,EMPTY,19.2,0.0,0.0,19.2
경기,안산시,"재활용 가능자원 분리배출",재활용 잔재물,EMPTY,28.9,4.9,24.0,0.0
경기,안산시,음식물류 폐기물 분리배출,EMPTY,EMPTY,182.8,0.0,0.0,182.8
경기,남양주시,종량제방식 등 혼합배출,가연성,폐지류,4.6,0.0,4.6,0.0
경기,남양주시,종량제방식 등 혼합배출,가연성,폐합성수지류,183.0,52.6,130.1,0.3
경기,남양주시,종량제방식 등 혼합배출,가연성,폐고무류,0.5,0.0,0.5,0.0
경기,남양주시,종량제방식 등 혼합배출,가연성,폐섬유류,9.1,0.0,9.1,0.0
경기,남양주시,종량제방식 등 혼합배출,가연성,음식물류 폐기물,1.2,0.0,1.2,0.0
경기,남양주시,종량제방식 등 혼합배출,가연성,폐목재류,19.3,0.0,0.4,18.9
경기,남양주시,종량제방식 등 혼합배출,가연성,기타,2.2,0.0,2.2,0.0
경기,남양주시,종량제방식 등 혼합배출,불연성,폐금속류,0.2,0.0,0.2,0.0
경기,남양주시,종량제방식 등 혼합배출,불연성,폐유리류,0.3,0.0,0.3,0.0
경기,남양주시,종량제방식 등 혼합배출,불연성,폐토사류,14.3,0.0,14.3,0.0
경기,남양주시,종량제방식 등 혼합배출,불연성,폐타일 및 도자기류,0.0,0.0,0.0,0.0
경기,남양주시,종량제방식 등 혼합배출,불연성,연탄재,0.0,0.0,0.0,0.0
경기,남양주시,종량제방식 등 혼합배출,불연성,기타,0.0,0.0,0.0,0.0
경기,남양주시,종량제방식 등 혼합배출,건설폐재류,EMPTY,0.0,0.0,0.0,0.0
경기,남양주시,종량제방식 등 혼합배출,기타(배출불명등),EMPTY,0.0,0.0,0.0,0.0
경기,남양주시,"재활용 가능자원 분리배출",폐지류,종이팩,0.1,0.0,0.0,0.1
경기,남양주시,"재활용 가능자원 분리배출",폐지류,기타,3.5,0.0,0.0,3.5
경기,남양주시,"재활용 가능자원 분리배출",고철류,EMPTY,0.4,0.0,0.0,0.4
경기,남양주시,"재활용 가능자원 분리배출",금속캔,EMPTY,1.1,0.0,0.0,1.1
경기,남양주시,"재활용 가능자원 분리배출",폐합성수지류,비닐류,14.8,0.0,0.0,14.8
경기,남양주시,"재활용 가능자원 분리배출",폐합성수지류,발포수지류,1.7,0.0,0.0,1.7
경기,남양주시,"재활용 가능자원 분리배출",폐합성수지류,PET병,2.8,0.0,0.0,2.8
경기,남양주시,"재활용 가능자원 분리배출",폐합성수지류,기타,2.3,0.0,0.0,2.3
경기,남양주시,"재활용 가능자원 분리배출",폐고무류,EMPTY,0.0,0.0,0.0,0.0
경기,남양주시,"재활용 가능자원 분리배출",폐유리병류,EMPTY,0.0,0.0,0.0,0.0
경기,남양주시,"재활용 가능자원 분리배출",폐의류,EMPTY,0.0,0.0,0.0,0.0
경기,남양주시,"재활용 가능자원 분리배출",폐섬유류,EMPTY,0.0,0.0,0.0,0.0
경기,남양주시,"재활용 가능자원 분리배출",폐형광등,EMPTY,0.2,0.0,0.0,0.2
경기,남양주시,"재활용 가능자원 분리배출",폐전지류,EMPTY,0.1,0.0,0.0,0.1
경기,남양주시,"재활용 가능자원 분리배출",영농폐기물,농약용기류,0.0,0.0,0.0,0.0
경기,남양주시,"재활용 가능자원 분리배출",영농폐기물,폐비닐,0.0,0.0,0.0,0.0
경기,남양주시,"재활용 가능자원 분리배출",폐식용유,EMPTY,0.0,0.0,0.0,0.0
경기,남양주시,"재활용 가능자원 분리배출",폐전기전자제품,EMPTY,0.0,0.0,0.0,0.0
경기,남양주시,"재활용 가능자원 분리배출",폐가구류,EMPTY,0.0,0.0,0.0,0.0
경기,남양주시,"재활용 가능자원 분리배출",기타,EMPTY,0.0,0.0,0.0,0.0
경기,남양주시,"재활용 가능자원 분리배출",재활용 잔재물,EMPTY,12.2,0.0,0.0,12.2
경기,남양주시,음식물류 폐기물 분리배출,EMPTY,EMPTY,152.3,0.0,0.0,152.3
경기,안양시,종량제방식 등 혼합배출,가연성,폐지류,37.8,0.0,37.8,0.0
경기,안양시,종량제방식 등 혼합배출,가연성,폐합성수지류,38.6,0.0,38.6,0.0
경기,안양시,종량제방식 등 혼합배출,가연성,폐고무류,1.8,0.0,1.8,0.0
경기,안양시,종량제방식 등 혼합배출,가연성,폐섬유류,8.2,0.0,8.2,0.0
경기,안양시,종량제방식 등 혼합배출,가연성,음식물류 폐기물,15.2,0.0,15.2,0.0
경기,안양시,종량제방식 등 혼합배출,가연성,폐목재류,34.7,0.0,34.7,0.0
경기,안양시,종량제방식 등 혼합배출,가연성,기타,0.0,0.0,0.0,0.0
경기,안양시,종량제방식 등 혼합배출,불연성,폐금속류,4.0,0.0,4.0,0.0
경기,안양시,종량제방식 등 혼합배출,불연성,폐유리류,6.4,0.0,6.4,0.0
경기,안양시,종량제방식 등 혼합배출,불연성,폐토사류,0.4,0.0,0.4,0.0
경기,안양시,종량제방식 등 혼합배출,불연성,폐타일 및 도자기류,0.9,0.6,0.3,0.0
경기,안양시,종량제방식 등 혼합배출,불연성,연탄재,1.9,0.6,1.3,0.0
경기,안양시,종량제방식 등 혼합배출,불연성,기타,1.7,0.0,1.7,0.0
경기,안양시,종량제방식 등 혼합배출,건설폐재류,EMPTY,0.0,0.0,0.0,0.0
경기,안양시,종량제방식 등 혼합배출,기타(배출불명등),EMPTY,19.5,0.0,19.5,0.0
경기,안양시,"재활용 가능자원 분리배출",폐지류,종이팩,0.0,0.0,0.0,0.0
경기,안양시,"재활용 가능자원 분리배출",폐지류,기타,1.2,0.0,0.0,1.2
경기,안양시,"재활용 가능자원 분리배출",고철류,EMPTY,0.4,0.0,0.0,0.4
경기,안양시,"재활용 가능자원 분리배출",금속캔,EMPTY,1.2,0.0,0.0,1.2
경기,안양시,"재활용 가능자원 분리배출",폐합성수지류,비닐류,5.7,0.0,0.0,5.7
경기,안양시,"재활용 가능자원 분리배출",폐합성수지류,발포수지류,1.0,0.0,0.0,1.0
경기,안양시,"재활용 가능자원 분리배출",폐합성수지류,PET병,2.7,0.0,0.0,2.7
경기,안양시,"재활용 가능자원 분리배출",폐합성수지류,기타,1.8,0.0,0.0,1.8
경기,안양시,"재활용 가능자원 분리배출",폐고무류,EMPTY,0.0,0.0,0.0,0.0
경기,안양시,"재활용 가능자원 분리배출",폐유리병류,EMPTY,3.9,0.0,0.0,3.9
경기,안양시,"재활용 가능자원 분리배출",폐의류,EMPTY,0.0,0.0,0.0,0.0
경기,안양시,"재활용 가능자원 분리배출",폐섬유류,EMPTY,0.0,0.0,0.0,0.0
경기,안양시,"재활용 가능자원 분리배출",폐형광등,EMPTY,0.1,0.0,0.0,0.1
경기,안양시,"재활용 가능자원 분리배출",폐전지류,EMPTY,0.1,0.0,0.0,0.1
경기,안양시,"재활용 가능자원 분리배출",영농폐기물,농약용기류,0.0,0.0,0.0,0.0
경기,안양시,"재활용 가능자원 분리배출",영농폐기물,폐비닐,0.0,0.0,0.0,0.0
경기,안양시,"재활용 가능자원 분리배출",폐식용유,EMPTY,0.0,0.0,0.0,0.0
경기,안양시,"재활용 가능자원 분리배출",폐전기전자제품,EMPTY,0.3,0.0,0.0,0.3
경기,안양시,"재활용 가능자원 분리배출",폐가구류,EMPTY,0.0,0.0,0.0,0.0
경기,안양시,"재활용 가능자원 분리배출",기타,EMPTY,0.7,0.0,0.0,0.7
경기,안양시,"재활용 가능자원 분리배출",재활용 잔재물,EMPTY,21.0,0.0,0.0,0.0
경기,안양시,음식물류 폐기물 분리배출,EMPTY,EMPTY,11.5,0.0,0.0,11.5
경기,화성시,종량제방식 등 혼합배출,가연성,폐지류,52.0,0.0,51.1,0.9
경기,화성시,종량제방식 등 혼합배출,가연성,폐합성수지류,53.4,0.0,43.8,9.6
경기,화성시,종량제방식 등 혼합배출,가연성,폐고무류,1.5,0.0,1.5,0.0
경기,화성시,종량제방식 등 혼합배출,가연성,폐섬유류,16.0,0.0,16.0,0.0
경기,화성시,종량제방식 등 혼합배출,가연성,음식물류 폐기물,14.6,0.0,14.6,0.0
경기,화성시,종량제방식 등 혼합배출,가연성,폐목재류,2.9,0.0,2.9,0.0
경기,화성시,종량제방식 등 혼합배출,가연성,기타,20.7,0.0,11.7,9.0
경기,화성시,종량제방식 등 혼합배출,불연성,폐금속류,3.2,0.0,2.9,0.3
경기,화성시,종량제방식 등 혼합배출,불연성,폐유리류,11.7,0.0,1.5,10.2
경기,화성시,종량제방식 등 혼합배출,불연성,폐토사류,0.0,0.0,0.0,0.0
경기,화성시,종량제방식 등 혼합배출,불연성,폐타일 및 도자기류,0.0,0.0,0.0,0.0
경기,화성시,종량제방식 등 혼합배출,불연성,연탄재,0.0,0.0,0.0,0.0
경기,화성시,종량제방식 등 혼합배출,불연성,기타,0.0,0.0,0.0,0.0
경기,화성시,종량제방식 등 혼합배출,건설폐재류,EMPTY,0.0,0.0,0.0,0.0
경기,화성시,종량제방식 등 혼합배출,기타(배출불명등),EMPTY,0.0,0.0,0.0,0.0
경기,화성시,"재활용 가능자원 분리배출",폐지류,종이팩,0.0,0.0,0.0,0.0
경기,화성시,"재활용 가능자원 분리배출",폐지류,기타,0.0,0.0,0.0,0.0
경기,화성시,"재활용 가능자원 분리배출",고철류,EMPTY,0.0,0.0,0.0,0.0
경기,화성시,"재활용 가능자원 분리배출",금속캔,EMPTY,0.0,0.0,0.0,0.0
경기,화성시,"재활용 가능자원 분리배출",폐합성수지류,비닐류,4.8,0.0,0.0,4.8
경기,화성시,"재활용 가능자원 분리배출",폐합성수지류,발포수지류,3.7,0.0,0.0,3.7
경기,화성시,"재활용 가능자원 분리배출",폐합성수지류,PET병,0.0,0.0,0.0,0.0
경기,화성시,"재활용 가능자원 분리배출",폐합성수지류,기타,0.0,0.0,0.0,0.0
경기,화성시,"재활용 가능자원 분리배출",폐고무류,EMPTY,0.0,0.0,0.0,0.0
경기,화성시,"재활용 가능자원 분리배출",폐유리병류,EMPTY,0.0,0.0,0.0,0.0
경기,화성시,"재활용 가능자원 분리배출",폐의류,EMPTY,0.0,0.0,0.0,0.0
경기,화성시,"재활용 가능자원 분리배출",폐섬유류,EMPTY,0.0,0.0,0.0,0.0
경기,화성시,"재활용 가능자원 분리배출",폐형광등,EMPTY,0.5,0.0,0.0,0.5
경기,화성시,"재활용 가능자원 분리배출",폐전지류,EMPTY,0.0,0.0,0.0,0.0
경기,화성시,"재활용 가능자원 분리배출",영농폐기물,농약용기류,0.0,0.0,0.0,0.0
경기,화성시,"재활용 가능자원 분리배출",영농폐기물,폐비닐,0.0,0.0,0.0,0.0
경기,화성시,"재활용 가능자원 분리배출",폐식용유,EMPTY,0.0,0.0,0.0,0.0
경기,화성시,"재활용 가능자원 분리배출",폐전기전자제품,EMPTY,0.1,0.0,0.0,0.1
경기,화성시,"재활용 가능자원 분리배출",폐가구류,EMPTY,8.2,0.0,0.0,8.2
경기,화성시,"재활용 가능자원 분리배출",기타,EMPTY,0.0,0.0,0.0,0.0
경기,화성시,"재활용 가능자원 분리배출",재활용 잔재물,EMPTY,0.0,0.0,0.0,0.0
경기,화성시,음식물류 폐기물 분리배출,EMPTY,EMPTY,175.8,0.0,0.0,175.8
경기,평택시,종량제방식 등 혼합배출,가연성,폐지류,22.7,16.1,2.2,4.4
경기,평택시,종량제방식 등 혼합배출,가연성,폐합성수지류,45.3,35.6,4.9,4.8
경기,평택시,종량제방식 등 혼합배출,가연성,폐고무류,4.4,2.9,0.4,1.1
경기,평택시,종량제방식 등 혼합배출,가연성,폐섬유류,2.2,1.6,0.2,0.4
경기,평택시,종량제방식 등 혼합배출,가연성,음식물류 폐기물,10.2,9.0,1.2,0.0
경기,평택시,종량제방식 등 혼합배출,가연성,폐목재류,11.7,5.8,0.8,5.1
경기,평택시,종량제방식 등 혼합배출,가연성,기타,69.5,31.3,4.3,33.9
경기,평택시,종량제방식 등 혼합배출,불연성,폐금속류,2.4,0.3,0.0,2.1
경기,평택시,종량제방식 등 혼합배출,불연성,폐유리류,0.2,0.2,0.0,0.0
경기,평택시,종량제방식 등 혼합배출,불연성,폐토사류,0.1,0.1,0.0,0.0
경기,평택시,종량제방식 등 혼합배출,불연성,폐타일 및 도자기류,3.6,3.1,0.2,0.3
경기,평택시,종량제방식 등 혼합배출,불연성,연탄재,2.3,2.0,0.3,0.0
경기,평택시,종량제방식 등 혼합배출,불연성,기타,17.6,8.8,1.2,7.6
경기,평택시,종량제방식 등 혼합배출,건설폐재류,EMPTY,0.0,0.0,0.0,0.0
경기,평택시,종량제방식 등 혼합배출,기타(배출불명등),EMPTY,0.0,0.0,0.0,0.0
경기,평택시,"재활용 가능자원 분리배출",폐지류,종이팩,0.1,0.0,0.0,0.1
경기,평택시,"재활용 가능자원 분리배출",폐지류,기타,9.6,0.0,0.0,9.6
경기,평택시,"재활용 가능자원 분리배출",고철류,EMPTY,2.2,0.0,0.0,2.2
경기,평택시,"재활용 가능자원 분리배출",금속캔,EMPTY,1.6,0.0,0.0,1.6
경기,평택시,"재활용 가능자원 분리배출",폐합성수지류,비닐류,25.5,0.0,0.0,25.5
경기,평택시,"재활용 가능자원 분리배출",폐합성수지류,발포수지류,5.4,0.0,0.0,5.4
경기,평택시,"재활용 가능자원 분리배출",폐합성수지류,PET병,4.5,0.0,0.0,4.5
경기,평택시,"재활용 가능자원 분리배출",폐합성수지류,기타,3.0,0.0,0.0,3.0
경기,평택시,"재활용 가능자원 분리배출",폐고무류,EMPTY,0.0,0.0,0.0,0.0
경기,평택시,"재활용 가능자원 분리배출",폐유리병류,EMPTY,5.1,0.0,0.0,5.1
경기,평택시,"재활용 가능자원 분리배출",폐의류,EMPTY,0.2,0.0,0.0,0.2
경기,평택시,"재활용 가능자원 분리배출",폐섬유류,EMPTY,0.0,0.0,0.0,0.0
경기,평택시,"재활용 가능자원 분리배출",폐형광등,EMPTY,0.9,0.0,0.0,0.9
경기,평택시,"재활용 가능자원 분리배출",폐전지류,EMPTY,0.1,0.0,0.0,0.1
경기,평택시,"재활용 가능자원 분리배출",영농폐기물,농약용기류,0.0,0.0,0.0,0.0
경기,평택시,"재활용 가능자원 분리배출",영농폐기물,폐비닐,0.2,0.0,0.0,0.2
경기,평택시,"재활용 가능자원 분리배출",폐식용유,EMPTY,0.0,0.0,0.0,0.0
경기,평택시,"재활용 가능자원 분리배출",폐전기전자제품,EMPTY,0.3,0.0,0.0,0.3
경기,평택시,"재활용 가능자원 분리배출",폐가구류,EMPTY,5.7,0.0,0.0,5.7
경기,평택시,"재활용 가능자원 분리배출",기타,EMPTY,8.6,0.0,0.0,8.6
경기,평택시,"재활용 가능자원 분리배출",재활용 잔재물,EMPTY,12.1,0.0,0.0,12.1
경기,평택시,음식물류 폐기물 분리배출,EMPTY,EMPTY,183.8,0.0,0.0,183.8
경기,의정부시,종량제방식 등 혼합배출,가연성,폐지류,43.6,0.0,43.6,0.0
경기,의정부시,종량제방식 등 혼합배출,가연성,폐합성수지류,19.4,0.0,19.4,0.0
경기,의정부시,종량제방식 등 혼합배출,가연성,폐고무류,3.9,0.0,3.9,0.0
경기,의정부시,종량제방식 등 혼합배출,가연성,폐섬유류,6.7,0.0,6.7,0.0
경기,의정부시,종량제방식 등 혼합배출,가연성,음식물류 폐기물,15.4,0.0,15.4,0.0
경기,의정부시,종량제방식 등 혼합배출,가연성,폐목재류,31.7,0.0,31.7,0.0
경기,의정부시,종량제방식 등 혼합배출,가연성,기타,3.6,0.0,3.6,0.0
경기,의정부시,종량제방식 등 혼합배출,불연성,폐금속류,7.1,0.0,7.1,0.0
경기,의정부시,종량제방식 등 혼합배출,불연성,폐유리류,6.7,0.0,6.7,0.0
경기,의정부시,종량제방식 등 혼합배출,불연성,폐토사류,0.0,0.0,0.0,0.0
경기,의정부시,종량제방식 등 혼합배출,불연성,폐타일 및 도자기류,0.0,0.0,0.0,0.0
경기,의정부시,종량제방식 등 혼합배출,불연성,연탄재,3.5,3.5,0.0,0.0
경기,의정부시,종량제방식 등 혼합배출,불연성,기타,3.3,0.0,3.3,0.0
경기,의정부시,종량제방식 등 혼합배출,건설폐재류,EMPTY,0.0,0.0,0.0,0.0
경기,의정부시,종량제방식 등 혼합배출,기타(배출불명등),EMPTY,15.2,15.2,0.0,0.0
경기,의정부시,"재활용 가능자원 분리배출",폐지류,종이팩,0.1,0.0,0.0,0.1
경기,의정부시,"재활용 가능자원 분리배출",폐지류,기타,0.8,0.0,0.0,0.8
경기,의정부시,"재활용 가능자원 분리배출",고철류,EMPTY,0.7,0.0,0.0,0.7
경기,의정부시,"재활용 가능자원 분리배출",금속캔,EMPTY,0.7,0.0,0.0,0.7
경기,의정부시,"재활용 가능자원 분리배출",폐합성수지류,비닐류,5.8,0.0,0.0,5.8
경기,의정부시,"재활용 가능자원 분리배출",폐합성수지류,발포수지류,0.9,0.0,0.0,0.9
경기,의정부시,"재활용 가능자원 분리배출",폐합성수지류,PET병,2.0,0.0,0.0,2.0
경기,의정부시,"재활용 가능자원 분리배출",폐합성수지류,기타,1.0,0.0,0.0,1.0
경기,의정부시,"재활용 가능자원 분리배출",폐고무류,EMPTY,0.0,0.0,0.0,0.0
경기,의정부시,"재활용 가능자원 분리배출",폐유리병류,EMPTY,1.6,0.0,0.0,1.6
경기,의정부시,"재활용 가능자원 분리배출",폐의류,EMPTY,0.0,0.0,0.0,0.0
경기,의정부시,"재활용 가능자원 분리배출",폐섬유류,EMPTY,0.0,0.0,0.0,0.0
경기,의정부시,"재활용 가능자원 분리배출",폐형광등,EMPTY,0.4,0.0,0.0,0.4
경기,의정부시,"재활용 가능자원 분리배출",폐전지류,EMPTY,0.1,0.0,0.0,0.1
경기,의정부시,"재활용 가능자원 분리배출",영농폐기물,농약용기류,0.0,0.0,0.0,0.0
경기,의정부시,"재활용 가능자원 분리배출",영농폐기물,폐비닐,0.0,0.0,0.0,0.0
경기,의정부시,"재활용 가능자원 분리배출",폐식용유,EMPTY,0.0,0.0,0.0,0.0
경기,의정부시,"재활용 가능자원 분리배출",폐전기전자제품,EMPTY,1.3,0.0,0.0,1.3
경기,의정부시,"재활용 가능자원 분리배출",폐가구류,EMPTY,9.0,0.0,0.0,9.0
경기,의정부시,"재활용 가능자원 분리배출",기타,EMPTY,0.0,0.0,0.0,0.0
경기,의정부시,"재활용 가능자원 분리배출",재활용 잔재물,EMPTY,15.1,0.0,7.3,7.8
경기,의정부시,음식물류 폐기물 분리배출,EMPTY,EMPTY,120.2,0.0,0.0,120.2
경기,시흥시,종량제방식 등 혼합배출,가연성,폐지류,10.0,5.6,4.4,0.0
경기,시흥시,종량제방식 등 혼합배출,가연성,폐합성수지류,62.4,35.1,27.3,0.0
경기,시흥시,종량제방식 등 혼합배출,가연성,폐고무류,2.0,1.1,0.9,0.0
경기,시흥시,종량제방식 등 혼합배출,가연성,폐섬유류,11.2,6.3,4.9,0.0
경기,시흥시,종량제방식 등 혼합배출,가연성,음식물류 폐기물,3.9,2.2,1.7,0.0
경기,시흥시,종량제방식 등 혼합배출,가연성,폐목재류,11.2,6.3,4.9,0.0
경기,시흥시,종량제방식 등 혼합배출,가연성,기타,40.9,23.0,17.9,0.0
경기,시흥시,종량제방식 등 혼합배출,불연성,폐금속류,5.0,2.8,2.2,0.0
경기,시흥시,종량제방식 등 혼합배출,불연성,폐유리류,1.8,1.0,0.8,0.0
경기,시흥시,종량제방식 등 혼합배출,불연성,폐토사류,0.0,0.0,0.0,0.0
경기,시흥시,종량제방식 등 혼합배출,불연성,폐타일 및 도자기류,0.0,0.0,0.0,0.0
경기,시흥시,종량제방식 등 혼합배출,불연성,연탄재,1.7,1.7,0.0,0.0
경기,시흥시,종량제방식 등 혼합배출,불연성,기타,5.4,3.0,2.4,0.0
경기,시흥시,종량제방식 등 혼합배출,건설폐재류,EMPTY,0.0,0.0,0.0,0.0
경기,시흥시,종량제방식 등 혼합배출,기타(배출불명등),EMPTY,0.3,0.0,0.3,0.0
경기,시흥시,"재활용 가능자원 분리배출",폐지류,종이팩,0.2,0.0,0.0,0.2
경기,시흥시,"재활용 가능자원 분리배출",폐지류,기타,10.5,0.0,0.0,10.5
경기,시흥시,"재활용 가능자원 분리배출",고철류,EMPTY,1.9,0.0,0.0,1.9
경기,시흥시,"재활용 가능자원 분리배출",금속캔,EMPTY,1.5,0.0,0.0,1.5
경기,시흥시,"재활용 가능자원 분리배출",폐합성수지류,비닐류,4.8,0.0,0.0,4.8
경기,시흥시,"재활용 가능자원 분리배출",폐합성수지류,발포수지류,0.9,0.0,0.0,0.9
경기,시흥시,"재활용 가능자원 분리배출",폐합성수지류,PET병,3.2,0.0,0.0,3.2
경기,시흥시,"재활용 가능자원 분리배출",폐합성수지류,기타,2.0,0.0,0.0,2.0
경기,시흥시,"재활용 가능자원 분리배출",폐고무류,EMPTY,0.0,0.0,0.0,0.0
경기,시흥시,"재활용 가능자원 분리배출",폐유리병류,EMPTY,4.4,0.0,0.0,4.4
경기,시흥시,"재활용 가능자원 분리배출",폐의류,EMPTY,0.0,0.0,0.0,0.0
경기,시흥시,"재활용 가능자원 분리배출",폐섬유류,EMPTY,0.0,0.0,0.0,0.0
경기,시흥시,"재활용 가능자원 분리배출",폐형광등,EMPTY,0.2,0.0,0.0,0.2
경기,시흥시,"재활용 가능자원 분리배출",폐전지류,EMPTY,0.1,0.0,0.0,0.1
경기,시흥시,"재활용 가능자원 분리배출",영농폐기물,농약용기류,0.0,0.0,0.0,0.0
경기,시흥시,"재활용 가능자원 분리배출",영농폐기물,폐비닐,0.0,0.0,0.0,0.0
경기,시흥시,"재활용 가능자원 분리배출",폐식용유,EMPTY,0.0,0.0,0.0,0.0
경기,시흥시,"재활용 가능자원 분리배출",폐전기전자제품,EMPTY,1.4,0.0,0.0,1.4
경기,시흥시,"재활용 가능자원 분리배출",폐가구류,EMPTY,13.2,0.0,0.0,13.2
경기,시흥시,"재활용 가능자원 분리배출",기타,EMPTY,0.6,0.0,0.0,0.6
경기,시흥시,"재활용 가능자원 분리배출",재활용 잔재물,EMPTY,19.6,0.0,19.6,0.0
경기,시흥시,음식물류 폐기물 분리배출,EMPTY,EMPTY,149.0,0.0,0.0,149.0
경기,파주시,종량제방식 등 혼합배출,가연성,폐지류,27.8,0.0,27.8,0.0
경기,파주시,종량제방식 등 혼합배출,가연성,폐합성수지류,46.5,0.0,46.5,0.0
경기,파주시,종량제방식 등 혼합배출,가연성,폐고무류,1.4,0.0,1.4,0.0
경기,파주시,종량제방식 등 혼합배출,가연성,폐섬유류,20.7,0.0,20.7,0.0
경기,파주시,종량제방식 등 혼합배출,가연성,음식물류 폐기물,11.4,0.0,11.4,0.0
경기,파주시,종량제방식 등 혼합배출,가연성,폐목재류,18.2,0.0,4.4,13.8
경기,파주시,종량제방식 등 혼합배출,가연성,기타,20.7,0.0,20.7,0.0
경기,파주시,종량제방식 등 혼합배출,불연성,폐금속류,2.3,0.0,2.3,0.0
경기,파주시,종량제방식 등 혼합배출,불연성,폐유리류,1.4,0.0,1.4,0.0
경기,파주시,종량제방식 등 혼합배출,불연성,폐토사류,0.0,0.0,0.0,0.0
경기,파주시,종량제방식 등 혼합배출,불연성,폐타일 및 도자기류,0.0,0.0,0.0,0.0
경기,파주시,종량제방식 등 혼합배출,불연성,연탄재,3.0,0.0,0.0,0.0
경기,파주시,종량제방식 등 혼합배출,불연성,기타,27.7,0.0,27.7,0.0
경기,파주시,종량제방식 등 혼합배출,건설폐재류,EMPTY,5.4,0.0,0.0,5.4
경기,파주시,종량제방식 등 혼합배출,기타(배출불명등),EMPTY,0.3,0.0,0.0,0.3
경기,파주시,"재활용 가능자원 분리배출",폐지류,종이팩,0.0,0.0,0.0,0.0
경기,파주시,"재활용 가능자원 분리배출",폐지류,기타,58.6,0.0,0.0,58.6
경기,파주시,"재활용 가능자원 분리배출",고철류,EMPTY,3.7,0.0,0.0,3.7
경기,파주시,"재활용 가능자원 분리배출",금속캔,EMPTY,5.5,0.0,0.0,5.5
경기,파주시,"재활용 가능자원 분리배출",폐합성수지류,비닐류,7.8,0.0,0.0,7.8
경기,파주시,"재활용 가능자원 분리배출",폐합성수지류,발포수지류,0.2,0.0,0.0,0.2
경기,파주시,"재활용 가능자원 분리배출",폐합성수지류,PET병,1.4,0.0,0.0,1.4
경기,파주시,"재활용 가능자원 분리배출",폐합성수지류,기타,30.2,0.0,0.0,30.2
경기,파주시,"재활용 가능자원 분리배출",폐고무류,EMPTY,0.0,0.0,0.0,0.0
경기,파주시,"재활용 가능자원 분리배출",폐유리병류,EMPTY,16.7,0.0,0.0,16.7
경기,파주시,"재활용 가능자원 분리배출",폐의류,EMPTY,0.1,0.0,0.0,0.1
경기,파주시,"재활용 가능자원 분리배출",폐섬유류,EMPTY,0.0,0.0,0.0,0.0
경기,파주시,"재활용 가능자원 분리배출",폐형광등,EMPTY,0.2,0.0,0.0,0.2
경기,파주시,"재활용 가능자원 분리배출",폐전지류,EMPTY,0.1,0.0,0.0,0.1
경기,파주시,"재활용 가능자원 분리배출",영농폐기물,농약용기류,0.5,0.0,0.0,0.5
경기,파주시,"재활용 가능자원 분리배출",영농폐기물,폐비닐,0.0,0.0,0.0,0.0
경기,파주시,"재활용 가능자원 분리배출",폐식용유,EMPTY,0.0,0.0,0.0,0.0
경기,파주시,"재활용 가능자원 분리배출",폐전기전자제품,EMPTY,0.2,0.0,0.0,0.2
경기,파주시,"재활용 가능자원 분리배출",폐가구류,EMPTY,0.0,0.0,0.0,0.0
경기,파주시,"재활용 가능자원 분리배출",기타,EMPTY,6.2,0.0,0.0,6.2
경기,파주시,"재활용 가능자원 분리배출",재활용 잔재물,EMPTY,0.8,0.7,0.0,0.1
경기,파주시,음식물류 폐기물 분리배출,EMPTY,EMPTY,84.8,0.0,0.0,84.8
경기,김포시,종량제방식 등 혼합배출,가연성,폐지류,72.6,22.3,37.6,12.7
경기,김포시,종량제방식 등 혼합배출,가연성,폐합성수지류,65.1,20.0,33.7,11.4
경기,김포시,종량제방식 등 혼합배출,가연성,폐고무류,2.5,0.8,1.3,0.4
경기,김포시,종량제방식 등 혼합배출,가연성,폐섬유류,11.1,3.4,5.8,1.9
경기,김포시,종량제방식 등 혼합배출,가연성,음식물류 폐기물,13.7,4.2,7.1,2.4
경기,김포시,종량제방식 등 혼합배출,가연성,폐목재류,5.4,1.7,2.8,0.9
경기,김포시,종량제방식 등 혼합배출,가연성,기타,60.8,18.7,31.5,10.6
경기,김포시,종량제방식 등 혼합배출,불연성,폐금속류,5.0,1.5,2.6,0.9
경기,김포시,종량제방식 등 혼합배출,불연성,폐유리류,8.2,2.5,4.2,1.5
경기,김포시,종량제방식 등 혼합배출,불연성,폐토사류,0.5,0.2,0.2,0.1
경기,김포시,종량제방식 등 혼합배출,불연성,폐타일 및 도자기류,0.2,0.1,0.1,0.0
경기,김포시,종량제방식 등 혼합배출,불연성,연탄재,1.6,0.5,0.8,0.3
경기,김포시,종량제방식 등 혼합배출,불연성,기타,2.2,0.7,1.1,0.4
경기,김포시,종량제방식 등 혼합배출,건설폐재류,EMPTY,0.0,0.0,0.0,0.0
경기,김포시,종량제방식 등 혼합배출,기타(배출불명등),EMPTY,0.0,0.0,0.0,0.0
경기,김포시,"재활용 가능자원 분리배출",폐지류,종이팩,0.1,0.0,0.0,0.1
경기,김포시,"재활용 가능자원 분리배출",폐지류,기타,2.3,0.0,0.0,2.3
경기,김포시,"재활용 가능자원 분리배출",고철류,EMPTY,3.6,0.0,0.0,3.6
경기,김포시,"재활용 가능자원 분리배출",금속캔,EMPTY,0.9,0.0,0.0,0.9
경기,김포시,"재활용 가능자원 분리배출",폐합성수지류,비닐류,0.0,0.0,0.0,0.0
경기,김포시,"재활용 가능자원 분리배출",폐합성수지류,발포수지류,0.0,0.0,0.0,0.0
경기,김포시,"재활용 가능자원 분리배출",폐합성수지류,PET병,3.3,0.0,0.0,3.3
경기,김포시,"재활용 가능자원 분리배출",폐합성수지류,기타,0.0,0.0,0.0,0.0
경기,김포시,"재활용 가능자원 분리배출",폐고무류,EMPTY,0.0,0.0,0.0,0.0
경기,김포시,"재활용 가능자원 분리배출",폐유리병류,EMPTY,3.9,0.0,0.0,3.9
경기,김포시,"재활용 가능자원 분리배출",폐의류,EMPTY,0.1,0.0,0.0,0.1
경기,김포시,"재활용 가능자원 분리배출",폐섬유류,EMPTY,0.0,0.0,0.0,0.0
경기,김포시,"재활용 가능자원 분리배출",폐형광등,EMPTY,0.2,0.0,0.0,0.2
경기,김포시,"재활용 가능자원 분리배출",폐전지류,EMPTY,0.1,0.0,0.0,0.1
경기,김포시,"재활용 가능자원 분리배출",영농폐기물,농약용기류,0.0,0.0,0.0,0.0
경기,김포시,"재활용 가능자원 분리배출",영농폐기물,폐비닐,2.4,0.0,0.0,2.4
경기,김포시,"재활용 가능자원 분리배출",폐식용유,EMPTY,0.0,0.0,0.0,0.0
경기,김포시,"재활용 가능자원 분리배출",폐전기전자제품,EMPTY,0.2,0.0,0.0,0.2
경기,김포시,"재활용 가능자원 분리배출",폐가구류,EMPTY,0.0,0.0,0.0,0.0
경기,김포시,"재활용 가능자원 분리배출",기타,EMPTY,0.4,0.0,0.0,0.4
경기,김포시,"재활용 가능자원 분리배출",재활용 잔재물,EMPTY,3.3,0.0,3.3,0.0
경기,김포시,음식물류 폐기물 분리배출,EMPTY,EMPTY,68.8,0.0,0.0,68.8
경기,광명시,종량제방식 등 혼합배출,가연성,폐지류,38.7,6.9,31.8,0.0
경기,광명시,종량제방식 등 혼합배출,가연성,폐합성수지류,30.1,5.4,24.7,0.0
경기,광명시,종량제방식 등 혼합배출,가연성,폐고무류,1.3,0.2,1.1,0.0
경기,광명시,종량제방식 등 혼합배출,가연성,폐섬유류,5.5,1.0,4.5,0.0
경기,광명시,종량제방식 등 혼합배출,가연성,음식물류 폐기물,7.4,1.3,6.1,0.0
경기,광명시,종량제방식 등 혼합배출,가연성,폐목재류,2.9,0.5,2.4,0.0
경기,광명시,종량제방식 등 혼합배출,가연성,기타,39.2,8.4,30.8,0.0
경기,광명시,종량제방식 등 혼합배출,불연성,폐금속류,2.2,0.0,2.2,0.0
경기,광명시,종량제방식 등 혼합배출,불연성,폐유리류,3.6,0.0,3.6,0.0
경기,광명시,종량제방식 등 혼합배출,불연성,폐토사류,0.2,0.0,0.2,0.0
경기,광명시,종량제방식 등 혼합배출,불연성,폐타일 및 도자기류,0.1,0.0,0.1,0.0
경기,광명시,종량제방식 등 혼합배출,불연성,연탄재,0.7,0.0,0.7,0.0
경기,광명시,종량제방식 등 혼합배출,불연성,기타,0.9,0.0,0.9,0.0
경기,광명시,종량제방식 등 혼합배출,건설폐재류,EMPTY,0.0,0.0,0.0,0.0
경기,광명시,종량제방식 등 혼합배출,기타(배출불명등),EMPTY,0.0,0.0,0.0,0.0
경기,광명시,"재활용 가능자원 분리배출",폐지류,종이팩,0.1,0.0,0.0,0.1
경기,광명시,"재활용 가능자원 분리배출",폐지류,기타,3.1,0.0,0.0,3.1
경기,광명시,"재활용 가능자원 분리배출",고철류,EMPTY,0.0,0.0,0.0,0.0
경기,광명시,"재활용 가능자원 분리배출",금속캔,EMPTY,1.0,0.0,0.0,1.0
경기,광명시,"재활용 가능자원 분리배출",폐합성수지류,비닐류,6.3,0.0,0.0,6.3
경기,광명시,"재활용 가능자원 분리배출",폐합성수지류,발포수지류,0.6,0.0,0.0,0.6
경기,광명시,"재활용 가능자원 분리배출",폐합성수지류,PET병,2.3,0.0,0.0,2.3
경기,광명시,"재활용 가능자원 분리배출",폐합성수지류,기타,1.9,0.0,0.0,1.9
경기,광명시,"재활용 가능자원 분리배출",폐고무류,EMPTY,0.0,0.0,0.0,0.0
경기,광명시,"재활용 가능자원 분리배출",폐유리병류,EMPTY,0.8,0.0,0.0,0.8
경기,광명시,"재활용 가능자원 분리배출",폐의류,EMPTY,0.0,0.0,0.0,0.0
경기,광명시,"재활용 가능자원 분리배출",폐섬유류,EMPTY,0.0,0.0,0.0,0.0
경기,광명시,"재활용 가능자원 분리배출",폐형광등,EMPTY,0.0,0.0,0.0,0.0
경기,광명시,"재활용 가능자원 분리배출",폐전지류,EMPTY,0.1,0.0,0.0,0.1
경기,광명시,"재활용 가능자원 분리배출",영농폐기물,농약용기류,0.0,0.0,0.0,0.0
경기,광명시,"재활용 가능자원 분리배출",영농폐기물,폐비닐,0.0,0.0,0.0,0.0
경기,광명시,"재활용 가능자원 분리배출",폐식용유,EMPTY,0.0,0.0,0.0,0.0
경기,광명시,"재활용 가능자원 분리배출",폐전기전자제품,EMPTY,0.1,0.0,0.0,0.1
경기,광명시,"재활용 가능자원 분리배출",폐가구류,EMPTY,0.0,0.0,0.0,0.0
경기,광명시,"재활용 가능자원 분리배출",기타,EMPTY,2.9,0.0,0.0,2.9
경기,광명시,"재활용 가능자원 분리배출",재활용 잔재물,EMPTY,15.8,0.0,15.8,0.0
경기,광명시,음식물류 폐기물 분리배출,EMPTY,EMPTY,53.1,0.0,0.0,53.1
경기,광주시,종량제방식 등 혼합배출,가연성,폐지류,32.0,0.0,32.0,0.0
경기,광주시,종량제방식 등 혼합배출,가연성,폐합성수지류,24.8,0.0,24.8,0.0
경기,광주시,종량제방식 등 혼합배출,가연성,폐고무류,1.2,0.0,1.2,0.0
경기,광주시,종량제방식 등 혼합배출,가연성,폐섬유류,4.5,0.0,4.5,0.0
경기,광주시,종량제방식 등 혼합배출,가연성,음식물류 폐기물,6.1,0.0,6.1,0.0
경기,광주시,종량제방식 등 혼합배출,가연성,폐목재류,9.7,0.0,2.4,7.3
경기,광주시,종량제방식 등 혼합배출,가연성,기타,31.1,0.0,31.1,0.0
경기,광주시,종량제방식 등 혼합배출,불연성,폐금속류,9.0,9.0,0.0,0.0
경기,광주시,종량제방식 등 혼합배출,불연성,폐유리류,14.6,14.6,0.0,0.0
경기,광주시,종량제방식 등 혼합배출,불연성,폐토사류,0.9,0.9,0.0,0.0
경기,광주시,종량제방식 등 혼합배출,불연성,폐타일 및 도자기류,0.6,0.6,0.0,0.0
경기,광주시,종량제방식 등 혼합배출,불연성,연탄재,3.1,3.1,0.0,0.0
경기,광주시,종량제방식 등 혼합배출,불연성,기타,3.8,3.8,0.0,0.0
경기,광주시,종량제방식 등 혼합배출,건설폐재류,EMPTY,0.0,0.0,0.0,0.0
경기,광주시,종량제방식 등 혼합배출,기타(배출불명등),EMPTY,0.0,0.0,0.0,0.0
경기,광주시,"재활용 가능자원 분리배출",폐지류,종이팩,0.0,0.0,0.0,0.0
경기,광주시,"재활용 가능자원 분리배출",폐지류,기타,4.9,0.0,0.0,4.9
경기,광주시,"재활용 가능자원 분리배출",고철류,EMPTY,0.4,0.0,0.0,0.4
경기,광주시,"재활용 가능자원 분리배출",금속캔,EMPTY,1.4,0.0,0.0,1.4
경기,광주시,"재활용 가능자원 분리배출",폐합성수지류,비닐류,5.8,0.0,0.0,5.8
경기,광주시,"재활용 가능자원 분리배출",폐합성수지류,발포수지류,0.7,0.0,0.0,0.7
경기,광주시,"재활용 가능자원 분리배출",폐합성수지류,PET병,4.4,0.0,0.0,4.4
경기,광주시,"재활용 가능자원 분리배출",폐합성수지류,기타,3.5,0.0,0.0,3.5
경기,광주시,"재활용 가능자원 분리배출",폐고무류,EMPTY,0.0,0.0,0.0,0.0
경기,광주시,"재활용 가능자원 분리배출",폐유리병류,EMPTY,4.0,0.0,0.0,4.0
경기,광주시,"재활용 가능자원 분리배출",폐의류,EMPTY,0.0,0.0,0.0,0.0
경기,광주시,"재활용 가능자원 분리배출",폐섬유류,EMPTY,0.0,0.0,0.0,0.0
경기,광주시,"재활용 가능자원 분리배출",폐형광등,EMPTY,0.1,0.0,0.0,0.1
경기,광주시,"재활용 가능자원 분리배출",폐전지류,EMPTY,0.1,0.0,0.0,0.1
경기,광주시,"재활용 가능자원 분리배출",영농폐기물,농약용기류,0.0,0.0,0.0,0.0
경기,광주시,"재활용 가능자원 분리배출",영농폐기물,폐비닐,0.3,0.0,0.0,0.3
경기,광주시,"재활용 가능자원 분리배출",폐식용유,EMPTY,0.0,0.0,0.0,0.0
경기,광주시,"재활용 가능자원 분리배출",폐전기전자제품,EMPTY,0.3,0.0,0.0,0.3
경기,광주시,"재활용 가능자원 분리배출",폐가구류,EMPTY,0.0,0.0,0.0,0.0
경기,광주시,"재활용 가능자원 분리배출",기타,EMPTY,0.0,0.0,0.0,0.0
경기,광주시,"재활용 가능자원 분리배출",재활용 잔재물,EMPTY,14.5,0.0,0.0,14.5
경기,광주시,음식물류 폐기물 분리배출,EMPTY,EMPTY,44.3,0.0,0.0,44.3
경기,군포시,종량제방식 등 혼합배출,가연성,폐지류,32.0,0.0,32.0,0.0
경기,군포시,종량제방식 등 혼합배출,가연성,폐합성수지류,38.1,0.0,38.1,0.0
경기,군포시,종량제방식 등 혼합배출,가연성,폐고무류,3.1,0.0,3.1,0.0
경기,군포시,종량제방식 등 혼합배출,가연성,폐섬유류,4.9,0.0,4.9,0.0
경기,군포시,종량제방식 등 혼합배출,가연성,음식물류 폐기물,11.0,0.0,11.0,0.0
경기,군포시,종량제방식 등 혼합배출,가연성,폐목재류,12.5,0.0,12.5,0.0
경기,군포시,종량제방식 등 혼합배출,가연성,기타,9.6,0.0,9.6,0.0
경기,군포시,종량제방식 등 혼합배출,불연성,폐금속류,3.7,0.0,3.7,0.0
경기,군포시,종량제방식 등 혼합배출,불연성,폐유리류,9.0,0.0,9.0,0.0
경기,군포시,종량제방식 등 혼합배출,불연성,폐토사류,0.0,0.0,0.0,0.0
경기,군포시,종량제방식 등 혼합배출,불연성,폐타일 및 도자기류,0.0,0.0,0.0,0.0
경기,군포시,종량제방식 등 혼합배출,불연성,연탄재,0.0,0.0,0.0,0.0
경기,군포시,종량제방식 등 혼합배출,불연성,기타,0.0,0.0,0.0,0.0
경기,군포시,종량제방식 등 혼합배출,건설폐재류,EMPTY,0.0,0.0,0.0,0.0
경기,군포시,종량제방식 등 혼합배출,기타(배출불명등),EMPTY,0.0,0.0,0.0,0.0
경기,군포시,"재활용 가능자원 분리배출",폐지류,종이팩,0.0,0.0,0.0,0.0
경기,군포시,"재활용 가능자원 분리배출",폐지류,기타,0.4,0.0,0.0,0.4
경기,군포시,"재활용 가능자원 분리배출",고철류,EMPTY,0.2,0.0,0.0,0.2
경기,군포시,"재활용 가능자원 분리배출",금속캔,EMPTY,0.5,0.0,0.0,0.5
경기,군포시,"재활용 가능자원 분리배출",폐합성수지류,비닐류,1.7,0.0,0.0,1.7
경기,군포시,"재활용 가능자원 분리배출",폐합성수지류,발포수지류,0.5,0.0,0.0,0.5
경기,군포시,"재활용 가능자원 분리배출",폐합성수지류,PET병,10.5,0.0,0.0,10.5
경기,군포시,"재활용 가능자원 분리배출",폐합성수지류,기타,0.7,0.0,0.0,0.7
경기,군포시,"재활용 가능자원 분리배출",폐고무류,EMPTY,0.0,0.0,0.0,0.0
경기,군포시,"재활용 가능자원 분리배출",폐유리병류,EMPTY,0.7,0.0,0.0,0.7
경기,군포시,"재활용 가능자원 분리배출",폐의류,EMPTY,0.0,0.0,0.0,0.0
경기,군포시,"재활용 가능자원 분리배출",폐섬유류,EMPTY,0.0,0.0,0.0,0.0
경기,군포시,"재활용 가능자원 분리배출",폐형광등,EMPTY,0.0,0.0,0.0,0.0
경기,군포시,"재활용 가능자원 분리배출",폐전지류,EMPTY,0.0,0.0,0.0,0.0
경기,군포시,"재활용 가능자원 분리배출",영농폐기물,농약용기류,0.0,0.0,0.0,0.0
경기,군포시,"재활용 가능자원 분리배출",영농폐기물,폐비닐,0.0,0.0,0.0,0.0
경기,군포시,"재활용 가능자원 분리배출",폐식용유,EMPTY,0.0,0.0,0.0,0.0
경기,군포시,"재활용 가능자원 분리배출",폐전기전자제품,EMPTY,0.6,0.0,0.0,0.6
경기,군포시,"재활용 가능자원 분리배출",폐가구류,EMPTY,0.0,0.0,0.0,0.0
경기,군포시,"재활용 가능자원 분리배출",기타,EMPTY,4.0,0.0,0.0,4.0
경기,군포시,"재활용 가능자원 분리배출",재활용 잔재물,EMPTY,6.0,0.0,6.0,0.0
경기,군포시,음식물류 폐기물 분리배출,EMPTY,EMPTY,58.2,0.0,0.0,58.2
경기,오산시,종량제방식 등 혼합배출,가연성,폐지류,41.3,5.0,36.3,0.0
경기,오산시,종량제방식 등 혼합배출,가연성,폐합성수지류,19.5,0.6,18.9,0.0
경기,오산시,종량제방식 등 혼합배출,가연성,폐고무류,2.2,0.2,2.0,0.0
경기,오산시,종량제방식 등 혼합배출,가연성,폐섬유류,0.0,0.0,0.0,0.0
경기,오산시,종량제방식 등 혼합배출,가연성,음식물류 폐기물,0.0,0.0,0.0,0.0
경기,오산시,종량제방식 등 혼합배출,가연성,폐목재류,5.9,0.8,5.1,0.0
경기,오산시,종량제방식 등 혼합배출,가연성,기타,4.8,1.9,2.9,0.0
경기,오산시,종량제방식 등 혼합배출,불연성,폐금속류,0.0,0.0,0.0,0.0
경기,오산시,종량제방식 등 혼합배출,불연성,폐유리류,0.0,0.0,0.0,0.0
경기,오산시,종량제방식 등 혼합배출,불연성,폐토사류,0.0,0.0,0.0,0.0
경기,오산시,종량제방식 등 혼합배출,불연성,폐타일 및 도자기류,0.0,0.0,0.0,0.0
경기,오산시,종량제방식 등 혼합배출,불연성,연탄재,0.0,0.0,0.0,0.0
경기,오산시,종량제방식 등 혼합배출,불연성,기타,3.7,3.7,0.0,0.0
경기,오산시,종량제방식 등 혼합배출,건설폐재류,EMPTY,0.0,0.0,0.0,0.0
경기,오산시,종량제방식 등 혼합배출,기타(배출불명등),EMPTY,0.0,0.0,0.0,0.0
경기,오산시,"재활용 가능자원 분리배출",폐지류,종이팩,1.5,0.0,0.0,1.5
경기,오산시,"재활용 가능자원 분리배출",폐지류,기타,0.0,0.0,0.0,0.0
경기,오산시,"재활용 가능자원 분리배출",고철류,EMPTY,0.0,0.0,0.0,0.0
경기,오산시,"재활용 가능자원 분리배출",금속캔,EMPTY,1.3,0.0,0.0,1.3
경기,오산시,"재활용 가능자원 분리배출",폐합성수지류,비닐류,5.0,0.0,0.0,5.0
경기,오산시,"재활용 가능자원 분리배출",폐합성수지류,발포수지류,1.3,0.0,0.0,1.3
경기,오산시,"재활용 가능자원 분리배출",폐합성수지류,PET병,5.0,0.0,0.0,5.0
경기,오산시,"재활용 가능자원 분리배출",폐합성수지류,기타,1.5,0.0,0.0,1.5
경기,오산시,"재활용 가능자원 분리배출",폐고무류,EMPTY,0.0,0.0,0.0,0.0
경기,오산시,"재활용 가능자원 분리배출",폐유리병류,EMPTY,2.8,0.0,0.0,2.8
경기,오산시,"재활용 가능자원 분리배출",폐의류,EMPTY,0.0,0.0,0.0,0.0
경기,오산시,"재활용 가능자원 분리배출",폐섬유류,EMPTY,0.0,0.0,0.0,0.0
경기,오산시,"재활용 가능자원 분리배출",폐형광등,EMPTY,1.2,0.0,0.0,1.2
경기,오산시,"재활용 가능자원 분리배출",폐전지류,EMPTY,1.4,0.0,0.0,1.4
경기,오산시,"재활용 가능자원 분리배출",영농폐기물,농약용기류,0.0,0.0,0.0,0.0
경기,오산시,"재활용 가능자원 분리배출",영농폐기물,폐비닐,6.7,0.0,0.0,6.7
경기,오산시,"재활용 가능자원 분리배출",폐식용유,EMPTY,0.0,0.0,0.0,0.0
경기,오산시,"재활용 가능자원 분리배출",폐전기전자제품,EMPTY,6.2,0.0,0.0,6.2
경기,오산시,"재활용 가능자원 분리배출",폐가구류,EMPTY,6.9,0.0,0.0,6.9
경기,오산시,"재활용 가능자원 분리배출",기타,EMPTY,0.2,0.0,0.0,0.2
경기,오산시,"재활용 가능자원 분리배출",재활용 잔재물,EMPTY,0.0,0.0,0.0,0.0
경기,오산시,음식물류 폐기물 분리배출,EMPTY,EMPTY,57.7,0.0,0.0,57.7
경기,이천시,종량제방식 등 혼합배출,가연성,폐지류,18.5,1.5,16.5,0.5
경기,이천시,종량제방식 등 혼합배출,가연성,폐합성수지류,37.7,2.4,27.0,8.3
경기,이천시,종량제방식 등 혼합배출,가연성,폐고무류,0.0,0.0,0.0,0.0
경기,이천시,종량제방식 등 혼합배출,가연성,폐섬유류,5.4,0.4,4.9,0.1
경기,이천시,종량제방식 등 혼합배출,가연성,음식물류 폐기물,5.0,0.4,4.5,0.1
경기,이천시,종량제방식 등 혼합배출,가연성,폐목재류,5.6,0.4,5.0,0.2
경기,이천시,종량제방식 등 혼합배출,가연성,기타,6.6,0.5,5.9,0.2
경기,이천시,종량제방식 등 혼합배출,불연성,폐금속류,0.0,0.0,0.0,0.0
경기,이천시,종량제방식 등 혼합배출,불연성,폐유리류,0.0,0.0,0.0,0.0
경기,이천시,종량제방식 등 혼합배출,불연성,폐토사류,0.0,0.0,0.0,0.0
경기,이천시,종량제방식 등 혼합배출,불연성,폐타일 및 도자기류,4.4,4.4,0.0,0.0
경기,이천시,종량제방식 등 혼합배출,불연성,연탄재,0.0,0.0,0.0,0.0
경기,이천시,종량제방식 등 혼합배출,불연성,기타,0.0,0.0,0.0,0.0
경기,이천시,종량제방식 등 혼합배출,건설폐재류,EMPTY,0.0,0.0,0.0,0.0
경기,이천시,종량제방식 등 혼합배출,기타(배출불명등),EMPTY,0.0,0.0,0.0,0.0
경기,이천시,"재활용 가능자원 분리배출",폐지류,종이팩,0.0,0.0,0.0,0.0
경기,이천시,"재활용 가능자원 분리배출",폐지류,기타,0.5,0.0,0.0,0.5
경기,이천시,"재활용 가능자원 분리배출",고철류,EMPTY,0.0,0.0,0.0,0.0
경기,이천시,"재활용 가능자원 분리배출",금속캔,EMPTY,1.3,0.0,0.0,1.3
경기,이천시,"재활용 가능자원 분리배출",폐합성수지류,비닐류,0.0,0.0,0.0,0.0
경기,이천시,"재활용 가능자원 분리배출",폐합성수지류,발포수지류,0.0,0.0,0.0,0.0
경기,이천시,"재활용 가능자원 분리배출",폐합성수지류,PET병,0.0,0.0,0.0,0.0
경기,이천시,"재활용 가능자원 분리배출",폐합성수지류,기타,4.7,0.0,0.0,4.7
경기,이천시,"재활용 가능자원 분리배출",폐고무류,EMPTY,0.0,0.0,0.0,0.0
경기,이천시,"재활용 가능자원 분리배출",폐유리병류,EMPTY,3.4,0.0,0.0,3.4
경기,이천시,"재활용 가능자원 분리배출",폐의류,EMPTY,0.0,0.0,0.0,0.0
경기,이천시,"재활용 가능자원 분리배출",폐섬유류,EMPTY,0.0,0.0,0.0,0.0
경기,이천시,"재활용 가능자원 분리배출",폐형광등,EMPTY,0.1,0.0,0.0,0.1
경기,이천시,"재활용 가능자원 분리배출",폐전지류,EMPTY,0.0,0.0,0.0,0.0
경기,이천시,"재활용 가능자원 분리배출",영농폐기물,농약용기류,0.1,0.0,0.0,0.1
경기,이천시,"재활용 가능자원 분리배출",영농폐기물,폐비닐,7.9,0.0,0.0,7.9
경기,이천시,"재활용 가능자원 분리배출",폐식용유,EMPTY,0.0,0.0,0.0,0.0
경기,이천시,"재활용 가능자원 분리배출",폐전기전자제품,EMPTY,1.2,0.0,0.0,1.2
경기,이천시,"재활용 가능자원 분리배출",폐가구류,EMPTY,6.9,0.0,0.0,6.9
경기,이천시,"재활용 가능자원 분리배출",기타,EMPTY,0.6,0.0,0.0,0.6
경기,이천시,"재활용 가능자원 분리배출",재활용 잔재물,EMPTY,2.2,0.0,0.0,2.2
경기,이천시,음식물류 폐기물 분리배출,EMPTY,EMPTY,113.8,0.0,0.0,113.8
경기,양주시,종량제방식 등 혼합배출,가연성,폐지류,15.8,0.0,15.8,0.0
경기,양주시,종량제방식 등 혼합배출,가연성,폐합성수지류,21.5,0.0,21.5,0.0
경기,양주시,종량제방식 등 혼합배출,가연성,폐고무류,1.2,0.0,1.2,0.0
경기,양주시,종량제방식 등 혼합배출,가연성,폐섬유류,7.9,0.0,7.9,0.0
경기,양주시,종량제방식 등 혼합배출,가연성,음식물류 폐기물,7.3,0.0,7.3,0.0
경기,양주시,종량제방식 등 혼합배출,가연성,폐목재류,5.7,0.0,5.7,0.0
경기,양주시,종량제방식 등 혼합배출,가연성,기타,8.0,0.0,8.0,0.0
경기,양주시,종량제방식 등 혼합배출,불연성,폐금속류,3.8,0.0,2.1,1.7
경기,양주시,종량제방식 등 혼합배출,불연성,폐유리류,5.4,0.0,5.4,0.0
경기,양주시,종량제방식 등 혼합배출,불연성,폐토사류,0.1,0.0,0.1,0.0
경기,양주시,종량제방식 등 혼합배출,불연성,폐타일 및 도자기류,0.1,0.0,0.1,0.0
경기,양주시,종량제방식 등 혼합배출,불연성,연탄재,3.7,3.7,0.0,0.0
경기,양주시,종량제방식 등 혼합배출,불연성,기타,0.1,0.0,0.1,0.0
경기,양주시,종량제방식 등 혼합배출,건설폐재류,EMPTY,6.9,2.9,4.0,0.0
경기,양주시,종량제방식 등 혼합배출,기타(배출불명등),EMPTY,0.0,0.0,0.0,0.0
경기,양주시,"재활용 가능자원 분리배출",폐지류,종이팩,0.0,0.0,0.0,0.0
경기,양주시,"재활용 가능자원 분리배출",폐지류,기타,0.8,0.0,0.0,0.8
경기,양주시,"재활용 가능자원 분리배출",고철류,EMPTY,0.3,0.0,0.0,0.3
경기,양주시,"재활용 가능자원 분리배출",금속캔,EMPTY,0.5,0.0,0.0,0.5
경기,양주시,"재활용 가능자원 분리배출",폐합성수지류,비닐류,0.4,0.0,0.0,0.4
경기,양주시,"재활용 가능자원 분리배출",폐합성수지류,발포수지류,0.2,0.0,0.0,0.2
경기,양주시,"재활용 가능자원 분리배출",폐합성수지류,PET병,1.3,0.0,0.0,1.3
경기,양주시,"재활용 가능자원 분리배출",폐합성수지류,기타,0.7,0.0,0.0,0.7
경기,양주시,"재활용 가능자원 분리배출",폐고무류,EMPTY,0.0,0.0,0.0,0.0
경기,양주시,"재활용 가능자원 분리배출",폐유리병류,EMPTY,1.7,0.0,0.0,1.7
경기,양주시,"재활용 가능자원 분리배출",폐의류,EMPTY,0.0,0.0,0.0,0.0
경기,양주시,"재활용 가능자원 분리배출",폐섬유류,EMPTY,0.0,0.0,0.0,0.0
경기,양주시,"재활용 가능자원 분리배출",폐형광등,EMPTY,0.1,0.0,0.0,0.1
경기,양주시,"재활용 가능자원 분리배출",폐전지류,EMPTY,0.1,0.0,0.0,0.1
경기,양주시,"재활용 가능자원 분리배출",영농폐기물,농약용기류,0.0,0.0,0.0,0.0
경기,양주시,"재활용 가능자원 분리배출",영농폐기물,폐비닐,0.5,0.0,0.0,0.5
경기,양주시,"재활용 가능자원 분리배출",폐식용유,EMPTY,0.0,0.0,0.0,0.0
경기,양주시,"재활용 가능자원 분리배출",폐전기전자제품,EMPTY,1.1,0.0,0.0,1.1
경기,양주시,"재활용 가능자원 분리배출",폐가구류,EMPTY,0.0,0.0,0.0,0.0
경기,양주시,"재활용 가능자원 분리배출",기타,EMPTY,0.0,0.0,0.0,0.0
경기,양주시,"재활용 가능자원 분리배출",재활용 잔재물,EMPTY,5.6,0.8,4.8,0.0
경기,양주시,음식물류 폐기물 분리배출,EMPTY,EMPTY,57.2,0.0,0.0,57.2
경기,안성시,종량제방식 등 혼합배출,가연성,폐지류,17.2,0.9,16.3,0.0
경기,안성시,종량제방식 등 혼합배출,가연성,폐합성수지류,13.5,5.2,8.3,0.0
경기,안성시,종량제방식 등 혼합배출,가연성,폐고무류,3.9,1.1,2.8,0.0
경기,안성시,종량제방식 등 혼합배출,가연성,폐섬유류,0.0,0.0,0.0,0.0
경기,안성시,종량제방식 등 혼합배출,가연성,음식물류 폐기물,3.8,0.0,3.8,0.0
경기,안성시,종량제방식 등 혼합배출,가연성,폐목재류,1.5,0.5,1.0,0.0
경기,안성시,종량제방식 등 혼합배출,가연성,기타,16.2,16.2,0.0,0.0
경기,안성시,종량제방식 등 혼합배출,불연성,폐금속류,1.4,1.4,0.0,0.0
경기,안성시,종량제방식 등 혼합배출,불연성,폐유리류,3.4,3.4,0.0,0.0
경기,안성시,종량제방식 등 혼합배출,불연성,폐토사류,0.0,0.0,0.0,0.0
경기,안성시,종량제방식 등 혼합배출,불연성,폐타일 및 도자기류,0.0,0.0,0.0,0.0
경기,안성시,종량제방식 등 혼합배출,불연성,연탄재,0.0,0.0,0.0,0.0
경기,안성시,종량제방식 등 혼합배출,불연성,기타,5.8,4.0,1.8,0.0
경기,안성시,종량제방식 등 혼합배출,건설폐재류,EMPTY,0.0,0.0,0.0,0.0
경기,안성시,종량제방식 등 혼합배출,기타(배출불명등),EMPTY,0.9,0.0,0.9,0.0
경기,안성시,"재활용 가능자원 분리배출",폐지류,종이팩,0.0,0.0,0.0,0.0
경기,안성시,"재활용 가능자원 분리배출",폐지류,기타,1.1,0.0,0.0,1.1
경기,안성시,"재활용 가능자원 분리배출",고철류,EMPTY,0.6,0.0,0.0,0.6
경기,안성시,"재활용 가능자원 분리배출",금속캔,EMPTY,0.6,0.0,0.0,0.6
경기,안성시,"재활용 가능자원 분리배출",폐합성수지류,비닐류,1.5,0.0,0.0,1.5
경기,안성시,"재활용 가능자원 분리배출",폐합성수지류,발포수지류,0.4,0.0,0.0,0.4
경기,안성시,"재활용 가능자원 분리배출",폐합성수지류,PET병,1.6,0.0,0.0,1.6
경기,안성시,"재활용 가능자원 분리배출",폐합성수지류,기타,1.0,0.0,0.0,1.0
경기,안성시,"재활용 가능자원 분리배출",폐고무류,EMPTY,0.0,0.0,0.0,0.0
경기,안성시,"재활용 가능자원 분리배출",폐유리병류,EMPTY,1.9,0.0,0.0,1.9
경기,안성시,"재활용 가능자원 분리배출",폐의류,EMPTY,0.1,0.0,0.0,0.1
경기,안성시,"재활용 가능자원 분리배출",폐섬유류,EMPTY,0.0,0.0,0.0,0.0
경기,안성시,"재활용 가능자원 분리배출",폐형광등,EMPTY,0.0,0.0,0.0,0.0
경기,안성시,"재활용 가능자원 분리배출",폐전지류,EMPTY,0.0,0.0,0.0,0.0
경기,안성시,"재활용 가능자원 분리배출",영농폐기물,농약용기류,0.0,0.0,0.0,0.0
경기,안성시,"재활용 가능자원 분리배출",영농폐기물,폐비닐,0.0,0.0,0.0,0.0
경기,안성시,"재활용 가능자원 분리배출",폐식용유,EMPTY,0.0,0.0,0.0,0.0
경기,안성시,"재활용 가능자원 분리배출",폐전기전자제품,EMPTY,0.3,0.0,0.0,0.3
경기,안성시,"재활용 가능자원 분리배출",폐가구류,EMPTY,13.2,0.0,0.0,13.2
경기,안성시,"재활용 가능자원 분리배출",기타,EMPTY,0.4,0.0,0.0,0.4
경기,안성시,"재활용 가능자원 분리배출",재활용 잔재물,EMPTY,2.1,0.5,0.0,1.6
경기,안성시,음식물류 폐기물 분리배출,EMPTY,EMPTY,39.9,0.0,0.0,39.9
경기,구리시,종량제방식 등 혼합배출,가연성,폐지류,16.5,3.9,12.6,0.0
경기,구리시,종량제방식 등 혼합배출,가연성,폐합성수지류,21.3,4.6,16.7,0.0
경기,구리시,종량제방식 등 혼합배출,가연성,폐고무류,10.0,2.5,7.5,0.0
경기,구리시,종량제방식 등 혼합배출,가연성,폐섬유류,7.3,1.1,6.2,0.0
경기,구리시,종량제방식 등 혼합배출,가연성,음식물류 폐기물,6.5,1.6,4.9,0.0
경기,구리시,종량제방식 등 혼합배출,가연성,폐목재류,7.4,1.1,6.3,0.0
경기,구리시,종량제방식 등 혼합배출,가연성,기타,7.9,1.7,6.2,0.0
경기,구리시,종량제방식 등 혼합배출,불연성,폐금속류,1.5,0.2,1.3,0.0
경기,구리시,종량제방식 등 혼합배출,불연성,폐유리류,1.1,0.3,0.8,0.0
경기,구리시,종량제방식 등 혼합배출,불연성,폐토사류,0.9,0.3,0.4,0.2
경기,구리시,종량제방식 등 혼합배출,불연성,폐타일 및 도자기류,1.0,0.3,0.4,0.3
경기,구리시,종량제방식 등 혼합배출,불연성,연탄재,1.0,1.0,0.0,0.0
경기,구리시,종량제방식 등 혼합배출,불연성,기타,1.0,0.1,0.8,0.1
경기,구리시,종량제방식 등 혼합배출,건설폐재류,EMPTY,0.0,0.0,0.0,0.0
경기,구리시,종량제방식 등 혼합배출,기타(배출불명등),EMPTY,0.0,0.0,0.0,0.0
경기,구리시,"재활용 가능자원 분리배출",폐지류,종이팩,0.0,0.0,0.0,0.0
경기,구리시,"재활용 가능자원 분리배출",폐지류,기타,0.4,0.0,0.0,0.4
경기,구리시,"재활용 가능자원 분리배출",고철류,EMPTY,0.5,0.0,0.0,0.5
경기,구리시,"재활용 가능자원 분리배출",금속캔,EMPTY,0.5,0.0,0.0,0.5
경기,구리시,"재활용 가능자원 분리배출",폐합성수지류,비닐류,2.1,0.0,0.0,2.1
경기,구리시,"재활용 가능자원 분리배출",폐합성수지류,발포수지류,0.4,0.0,0.0,0.4
경기,구리시,"재활용 가능자원 분리배출",폐합성수지류,PET병,0.9,0.0,0.0,0.9
경기,구리시,"재활용 가능자원 분리배출",폐합성수지류,기타,1.0,0.0,0.0,1.0
경기,구리시,"재활용 가능자원 분리배출",폐고무류,EMPTY,0.0,0.0,0.0,0.0
경기,구리시,"재활용 가능자원 분리배출",폐유리병류,EMPTY,1.5,0.0,0.0,1.5
경기,구리시,"재활용 가능자원 분리배출",폐의류,EMPTY,0.0,0.0,0.0,0.0
경기,구리시,"재활용 가능자원 분리배출",폐섬유류,EMPTY,0.0,0.0,0.0,0.0
경기,구리시,"재활용 가능자원 분리배출",폐형광등,EMPTY,0.1,0.0,0.0,0.1
경기,구리시,"재활용 가능자원 분리배출",폐전지류,EMPTY,0.0,0.0,0.0,0.0
경기,구리시,"재활용 가능자원 분리배출",영농폐기물,농약용기류,0.0,0.0,0.0,0.0
경기,구리시,"재활용 가능자원 분리배출",영농폐기물,폐비닐,0.0,0.0,0.0,0.0
경기,구리시,"재활용 가능자원 분리배출",폐식용유,EMPTY,0.0,0.0,0.0,0.0
경기,구리시,"재활용 가능자원 분리배출",폐전기전자제품,EMPTY,0.2,0.0,0.0,0.2
경기,구리시,"재활용 가능자원 분리배출",폐가구류,EMPTY,0.0,0.0,0.0,0.0
경기,구리시,"재활용 가능자원 분리배출",기타,EMPTY,0.0,0.0,0.0,0.0
경기,구리시,"재활용 가능자원 분리배출",재활용 잔재물,EMPTY,4.9,0.0,4.9,0.0
경기,구리시,음식물류 폐기물 분리배출,EMPTY,EMPTY,52.4,0.0,0.0,52.4
경기,포천시,종량제방식 등 혼합배출,가연성,폐지류,19.4,0.7,18.7,0.0
경기,포천시,종량제방식 등 혼합배출,가연성,폐합성수지류,20.3,0.7,19.6,0.0
경기,포천시,종량제방식 등 혼합배출,가연성,폐고무류,5.7,0.2,5.5,0.0
경기,포천시,종량제방식 등 혼합배출,가연성,폐섬유류,0.0,0.0,0.0,0.0
경기,포천시,종량제방식 등 혼합배출,가연성,음식물류 폐기물,8.2,0.3,7.9,0.0
경기,포천시,종량제방식 등 혼합배출,가연성,폐목재류,5.5,0.2,5.3,0.0
경기,포천시,종량제방식 등 혼합배출,가연성,기타,10.1,0.4,9.7,0.0
경기,포천시,종량제방식 등 혼합배출,불연성,폐금속류,0.0,0.0,0.0,0.0
경기,포천시,종량제방식 등 혼합배출,불연성,폐유리류,0.0,0.0,0.0,0.0
경기,포천시,종량제방식 등 혼합배출,불연성,폐토사류,4.0,4.0,0.0,0.0
경기,포천시,종량제방식 등 혼합배출,불연성,폐타일 및 도자기류,0.0,0.0,0.0,0.0
경기,포천시,종량제방식 등 혼합배출,불연성,연탄재,7.0,7.0,0.0,0.0
경기,포천시,종량제방식 등 혼합배출,불연성,기타,0.0,0.0,0.0,0.0
경기,포천시,종량제방식 등 혼합배출,건설폐재류,EMPTY,0.0,0.0,0.0,0.0
경기,포천시,종량제방식 등 혼합배출,기타(배출불명등),EMPTY,0.0,0.0,0.0,0.0
경기,포천시,"재활용 가능자원 분리배출",폐지류,종이팩,0.0,0.0,0.0,0.0
경기,포천시,"재활용 가능자원 분리배출",폐지류,기타,0.1,0.0,0.0,0.1
경기,포천시,"재활용 가능자원 분리배출",고철류,EMPTY,0.4,0.0,0.0,0.4
경기,포천시,"재활용 가능자원 분리배출",금속캔,EMPTY,0.4,0.0,0.0,0.4
경기,포천시,"재활용 가능자원 분리배출",폐합성수지류,비닐류,0.3,0.0,0.0,0.3
경기,포천시,"재활용 가능자원 분리배출",폐합성수지류,발포수지류,0.1,0.0,0.0,0.1
경기,포천시,"재활용 가능자원 분리배출",폐합성수지류,PET병,0.6,0.0,0.0,0.6
경기,포천시,"재활용 가능자원 분리배출",폐합성수지류,기타,0.8,0.0,0.0,0.8
경기,포천시,"재활용 가능자원 분리배출",폐고무류,EMPTY,0.0,0.0,0.0,0.0
경기,포천시,"재활용 가능자원 분리배출",폐유리병류,EMPTY,2.0,0.0,0.0,2.0
경기,포천시,"재활용 가능자원 분리배출",폐의류,EMPTY,0.0,0.0,0.0,0.0
경기,포천시,"재활용 가능자원 분리배출",폐섬유류,EMPTY,0.0,0.0,0.0,0.0
경기,포천시,"재활용 가능자원 분리배출",폐형광등,EMPTY,0.0,0.0,0.0,0.0
경기,포천시,"재활용 가능자원 분리배출",폐전지류,EMPTY,0.1,0.0,0.0,0.1
경기,포천시,"재활용 가능자원 분리배출",영농폐기물,농약용기류,0.0,0.0,0.0,0.0
경기,포천시,"재활용 가능자원 분리배출",영농폐기물,폐비닐,2.6,0.0,0.0,2.6
경기,포천시,"재활용 가능자원 분리배출",폐식용유,EMPTY,0.0,0.0,0.0,0.0
경기,포천시,"재활용 가능자원 분리배출",폐전기전자제품,EMPTY,2.6,0.0,0.0,2.6
경기,포천시,"재활용 가능자원 분리배출",폐가구류,EMPTY,3.4,0.0,0.0,3.4
경기,포천시,"재활용 가능자원 분리배출",기타,EMPTY,0.5,0.0,0.0,0.5
경기,포천시,"재활용 가능자원 분리배출",재활용 잔재물,EMPTY,7.4,0.0,3.1,4.3
경기,포천시,음식물류 폐기물 분리배출,EMPTY,EMPTY,37.6,0.0,0.0,37.6
경기,의왕시,종량제방식 등 혼합배출,가연성,폐지류,15.2,3.6,11.6,0.0
경기,의왕시,종량제방식 등 혼합배출,가연성,폐합성수지류,11.8,2.8,9.0,0.0
경기,의왕시,종량제방식 등 혼합배출,가연성,폐고무류,0.5,0.1,0.4,0.0
경기,의왕시,종량제방식 등 혼합배출,가연성,폐섬유류,2.1,0.5,1.6,0.0
경기,의왕시,종량제방식 등 혼합배출,가연성,음식물류 폐기물,2.9,0.7,2.2,0.0
경기,의왕시,종량제방식 등 혼합배출,가연성,폐목재류,1.2,0.3,0.9,0.0
경기,의왕시,종량제방식 등 혼합배출,가연성,기타,14.8,3.5,11.3,0.0
경기,의왕시,종량제방식 등 혼합배출,불연성,폐금속류,1.0,0.2,0.8,0.0
경기,의왕시,종량제방식 등 혼합배출,불연성,폐유리류,1.7,0.4,1.3,0.0
경기,의왕시,종량제방식 등 혼합배출,불연성,폐토사류,0.1,0.0,0.1,0.0
경기,의왕시,종량제방식 등 혼합배출,불연성,폐타일 및 도자기류,0.0,0.0,0.0,0.0
경기,의왕시,종량제방식 등 혼합배출,불연성,연탄재,0.4,0.1,0.3,0.0
경기,의왕시,종량제방식 등 혼합배출,불연성,기타,0.4,0.1,0.3,0.0
경기,의왕시,종량제방식 등 혼합배출,건설폐재류,EMPTY,0.5,0.5,0.0,0.0
경기,의왕시,종량제방식 등 혼합배출,기타(배출불명등),EMPTY,0.0,0.0,0.0,0.0
경기,의왕시,"재활용 가능자원 분리배출",폐지류,종이팩,0.0,0.0,0.0,0.0
경기,의왕시,"재활용 가능자원 분리배출",폐지류,기타,0.7,0.0,0.0,0.7
경기,의왕시,"재활용 가능자원 분리배출",고철류,EMPTY,0.4,0.0,0.0,0.4
경기,의왕시,"재활용 가능자원 분리배출",금속캔,EMPTY,0.0,0.0,0.0,0.0
경기,의왕시,"재활용 가능자원 분리배출",폐합성수지류,비닐류,2.2,0.0,0.0,2.2
경기,의왕시,"재활용 가능자원 분리배출",폐합성수지류,발포수지류,0.3,0.0,0.0,0.3
경기,의왕시,"재활용 가능자원 분리배출",폐합성수지류,PET병,2.7,0.0,0.0,2.7
경기,의왕시,"재활용 가능자원 분리배출",폐합성수지류,기타,1.5,0.0,0.0,1.5
경기,의왕시,"재활용 가능자원 분리배출",폐고무류,EMPTY,0.0,0.0,0.0,0.0
경기,의왕시,"재활용 가능자원 분리배출",폐유리병류,EMPTY,0.6,0.0,0.0,0.6
경기,의왕시,"재활용 가능자원 분리배출",폐의류,EMPTY,0.0,0.0,0.0,0.0
경기,의왕시,"재활용 가능자원 분리배출",폐섬유류,EMPTY,0.0,0.0,0.0,0.0
경기,의왕시,"재활용 가능자원 분리배출",폐형광등,EMPTY,0.1,0.0,0.0,0.1
경기,의왕시,"재활용 가능자원 분리배출",폐전지류,EMPTY,0.1,0.0,0.0,0.1
경기,의왕시,"재활용 가능자원 분리배출",영농폐기물,농약용기류,0.0,0.0,0.0,0.0
경기,의왕시,"재활용 가능자원 분리배출",영농폐기물,폐비닐,0.0,0.0,0.0,0.0
경기,의왕시,"재활용 가능자원 분리배출",폐식용유,EMPTY,0.0,0.0,0.0,0.0
경기,의왕시,"재활용 가능자원 분리배출",폐전기전자제품,EMPTY,0.4,0.0,0.0,0.4
경기,의왕시,"재활용 가능자원 분리배출",폐가구류,EMPTY,0.7,0.0,0.0,0.7
경기,의왕시,"재활용 가능자원 분리배출",기타,EMPTY,0.0,0.0,0.0,0.0
경기,의왕시,"재활용 가능자원 분리배출",재활용 잔재물,EMPTY,6.3,0.0,6.3,0.0
경기,의왕시,음식물류 폐기물 분리배출,EMPTY,EMPTY,5.4,0.0,0.0,5.4
경기,하남시,종량제방식 등 혼합배출,가연성,폐지류,15.5,1.0,14.5,0.0
경기,하남시,종량제방식 등 혼합배출,가연성,폐합성수지류,16.8,1.0,15.8,0.0
경기,하남시,종량제방식 등 혼합배출,가연성,폐고무류,0.0,0.0,0.0,0.0
경기,하남시,종량제방식 등 혼합배출,가연성,폐섬유류,9.3,0.6,8.7,0.0
경기,하남시,종량제방식 등 혼합배출,가연성,음식물류 폐기물,10.3,0.6,9.7,0.0
경기,하남시,종량제방식 등 혼합배출,가연성,폐목재류,8.7,0.5,8.2,0.0
경기,하남시,종량제방식 등 혼합배출,가연성,기타,6.1,0.4,5.7,0.0
경기,하남시,종량제방식 등 혼합배출,불연성,폐금속류,0.0,0.0,0.0,0.0
경기,하남시,종량제방식 등 혼합배출,불연성,폐유리류,0.0,0.0,0.0,0.0
경기,하남시,종량제방식 등 혼합배출,불연성,폐토사류,0.0,0.0,0.0,0.0
경기,하남시,종량제방식 등 혼합배출,불연성,폐타일 및 도자기류,0.0,0.0,0.0,0.0
경기,하남시,종량제방식 등 혼합배출,불연성,연탄재,0.0,0.0,0.0,0.0
경기,하남시,종량제방식 등 혼합배출,불연성,기타,9.2,0.6,8.6,0.0
경기,하남시,종량제방식 등 혼합배출,건설폐재류,EMPTY,0.0,0.0,0.0,0.0
경기,하남시,종량제방식 등 혼합배출,기타(배출불명등),EMPTY,0.0,0.0,0.0,0.0
경기,하남시,"재활용 가능자원 분리배출",폐지류,종이팩,0.0,0.0,0.0,0.0
경기,하남시,"재활용 가능자원 분리배출",폐지류,기타,0.5,0.0,0.0,0.5
경기,하남시,"재활용 가능자원 분리배출",고철류,EMPTY,0.3,0.0,0.0,0.3
경기,하남시,"재활용 가능자원 분리배출",금속캔,EMPTY,0.3,0.0,0.0,0.3
경기,하남시,"재활용 가능자원 분리배출",폐합성수지류,비닐류,4.2,0.0,0.0,4.2
경기,하남시,"재활용 가능자원 분리배출",폐합성수지류,발포수지류,0.5,0.0,0.0,0.5
경기,하남시,"재활용 가능자원 분리배출",폐합성수지류,PET병,1.9,0.0,0.0,1.9
경기,하남시,"재활용 가능자원 분리배출",폐합성수지류,기타,0.1,0.0,0.0,0.1
경기,하남시,"재활용 가능자원 분리배출",폐고무류,EMPTY,0.0,0.0,0.0,0.0
경기,하남시,"재활용 가능자원 분리배출",폐유리병류,EMPTY,1.3,0.0,0.0,1.3
경기,하남시,"재활용 가능자원 분리배출",폐의류,EMPTY,0.0,0.0,0.0,0.0
경기,하남시,"재활용 가능자원 분리배출",폐섬유류,EMPTY,0.0,0.0,0.0,0.0
경기,하남시,"재활용 가능자원 분리배출",폐형광등,EMPTY,0.1,0.0,0.0,0.1
경기,하남시,"재활용 가능자원 분리배출",폐전지류,EMPTY,0.1,0.0,0.0,0.1
경기,하남시,"재활용 가능자원 분리배출",영농폐기물,농약용기류,0.0,0.0,0.0,0.0
경기,하남시,"재활용 가능자원 분리배출",영농폐기물,폐비닐,0.0,0.0,0.0,0.0
경기,하남시,"재활용 가능자원 분리배출",폐식용유,EMPTY,0.0,0.0,0.0,0.0
경기,하남시,"재활용 가능자원 분리배출",폐전기전자제품,EMPTY,0.6,0.0,0.0,0.6
경기,하남시,"재활용 가능자원 분리배출",폐가구류,EMPTY,6.1,0.0,0.0,6.1
경기,하남시,"재활용 가능자원 분리배출",기타,EMPTY,3.2,0.0,0.0,3.2
경기,하남시,"재활용 가능자원 분리배출",재활용 잔재물,EMPTY,1.6,0.0,1.6,0.0
경기,하남시,음식물류 폐기물 분리배출,EMPTY,EMPTY,59.7,0.0,0.0,59.7
경기,여주시,종량제방식 등 혼합배출,가연성,폐지류,6.4,0.0,6.4,0.0
경기,여주시,종량제방식 등 혼합배출,가연성,폐합성수지류,6.6,0.0,6.6,0.0
경기,여주시,종량제방식 등 혼합배출,가연성,폐고무류,1.9,0.0,1.9,0.0
경기,여주시,종량제방식 등 혼합배출,가연성,폐섬유류,0.0,0.0,0.0,0.0
경기,여주시,종량제방식 등 혼합배출,가연성,음식물류 폐기물,2.4,0.0,2.4,0.0
경기,여주시,종량제방식 등 혼합배출,가연성,폐목재류,2.5,0.0,2.5,0.0
경기,여주시,종량제방식 등 혼합배출,가연성,기타,14.7,6.5,7.4,0.8
경기,여주시,종량제방식 등 혼합배출,불연성,폐금속류,1.3,1.3,0.0,0.0
경기,여주시,종량제방식 등 혼합배출,불연성,폐유리류,0.5,0.5,0.0,0.0
경기,여주시,종량제방식 등 혼합배출,불연성,폐토사류,4.0,4.0,0.0,0.0
경기,여주시,종량제방식 등 혼합배출,불연성,폐타일 및 도자기류,1.1,1.1,0.0,0.0
경기,여주시,종량제방식 등 혼합배출,불연성,연탄재,0.0,0.0,0.0,0.0
경기,여주시,종량제방식 등 혼합배출,불연성,기타,7.7,7.7,0.0,0.0
경기,여주시,종량제방식 등 혼합배출,건설폐재류,EMPTY,0.0,0.0,0.0,0.0
경기,여주시,종량제방식 등 혼합배출,기타(배출불명등),EMPTY,0.0,0.0,0.0,0.0
경기,여주시,"재활용 가능자원 분리배출",폐지류,종이팩,0.0,0.0,0.0,0.0
경기,여주시,"재활용 가능자원 분리배출",폐지류,기타,0.0,0.0,0.0,0.0
경기,여주시,"재활용 가능자원 분리배출",고철류,EMPTY,0.0,0.0,0.0,0.0
경기,여주시,"재활용 가능자원 분리배출",금속캔,EMPTY,0.0,0.0,0.0,0.0
경기,여주시,"재활용 가능자원 분리배출",폐합성수지류,비닐류,0.0,0.0,0.0,0.0
경기,여주시,"재활용 가능자원 분리배출",폐합성수지류,발포수지류,0.0,0.0,0.0,0.0
경기,여주시,"재활용 가능자원 분리배출",폐합성수지류,PET병,0.0,0.0,0.0,0.0
경기,여주시,"재활용 가능자원 분리배출",폐합성수지류,기타,0.0,0.0,0.0,0.0
경기,여주시,"재활용 가능자원 분리배출",폐고무류,EMPTY,0.0,0.0,0.0,0.0
경기,여주시,"재활용 가능자원 분리배출",폐유리병류,EMPTY,0.0,0.0,0.0,0.0
경기,여주시,"재활용 가능자원 분리배출",폐의류,EMPTY,0.0,0.0,0.0,0.0
경기,여주시,"재활용 가능자원 분리배출",폐섬유류,EMPTY,0.0,0.0,0.0,0.0
경기,여주시,"재활용 가능자원 분리배출",폐형광등,EMPTY,0.0,0.0,0.0,0.0
경기,여주시,"재활용 가능자원 분리배출",폐전지류,EMPTY,0.0,0.0,0.0,0.0
경기,여주시,"재활용 가능자원 분리배출",영농폐기물,농약용기류,0.0,0.0,0.0,0.0
경기,여주시,"재활용 가능자원 분리배출",영농폐기물,폐비닐,15.4,0.0,0.0,15.4
경기,여주시,"재활용 가능자원 분리배출",폐식용유,EMPTY,0.0,0.0,0.0,0.0
경기,여주시,"재활용 가능자원 분리배출",폐전기전자제품,EMPTY,0.0,0.0,0.0,0.0
경기,여주시,"재활용 가능자원 분리배출",폐가구류,EMPTY,0.0,0.0,0.0,0.0
경기,여주시,"재활용 가능자원 분리배출",기타,EMPTY,0.0,0.0,0.0,0.0
경기,여주시,"재활용 가능자원 분리배출",재활용 잔재물,EMPTY,1.3,1.3,0.0,0.0
경기,여주시,음식물류 폐기물 분리배출,EMPTY,EMPTY,31.0,0.0,0.0,31.0
경기,양평군,종량제방식 등 혼합배출,가연성,폐지류,13.5,0.0,13.5,0.0
경기,양평군,종량제방식 등 혼합배출,가연성,폐합성수지류,8.3,0.0,8.3,0.0
경기,양평군,종량제방식 등 혼합배출,가연성,폐고무류,0.2,0.0,0.2,0.0
경기,양평군,종량제방식 등 혼합배출,가연성,폐섬유류,1.2,0.0,1.2,0.0
경기,양평군,종량제방식 등 혼합배출,가연성,음식물류 폐기물,5.5,0.0,5.5,0.0
경기,양평군,종량제방식 등 혼합배출,가연성,폐목재류,0.7,0.0,0.7,0.0
경기,양평군,종량제방식 등 혼합배출,가연성,기타,3.2,0.0,3.2,0.0
경기,양평군,종량제방식 등 혼합배출,불연성,폐금속류,0.9,0.9,0.0,0.0
경기,양평군,종량제방식 등 혼합배출,불연성,폐유리류,1.2,1.2,0.0,0.0
경기,양평군,종량제방식 등 혼합배출,불연성,폐토사류,0.0,0.0,0.0,0.0
경기,양평군,종량제방식 등 혼합배출,불연성,폐타일 및 도자기류,0.1,0.1,0.0,0.0
경기,양평군,종량제방식 등 혼합배출,불연성,연탄재,0.0,0.0,0.0,0.0
경기,양평군,종량제방식 등 혼합배출,불연성,기타,0.5,0.5,0.0,0.0
경기,양평군,종량제방식 등 혼합배출,건설폐재류,EMPTY,0.0,0.0,0.0,0.0
경기,양평군,종량제방식 등 혼합배출,기타(배출불명등),EMPTY,0.0,0.0,0.0,0.0
경기,양평군,"재활용 가능자원 분리배출",폐지류,종이팩,0.0,0.0,0.0,0.0
경기,양평군,"재활용 가능자원 분리배출",폐지류,기타,0.7,0.0,0.0,0.7
경기,양평군,"재활용 가능자원 분리배출",고철류,EMPTY,0.2,0.0,0.0,0.2
경기,양평군,"재활용 가능자원 분리배출",금속캔,EMPTY,0.4,0.0,0.0,0.4
경기,양평군,"재활용 가능자원 분리배출",폐합성수지류,비닐류,0.0,0.0,0.0,0.0
경기,양평군,"재활용 가능자원 분리배출",폐합성수지류,발포수지류,0.1,0.0,0.0,0.1
경기,양평군,"재활용 가능자원 분리배출",폐합성수지류,PET병,1.4,0.0,0.0,1.4
경기,양평군,"재활용 가능자원 분리배출",폐합성수지류,기타,0.8,0.0,0.0,0.8
경기,양평군,"재활용 가능자원 분리배출",폐고무류,EMPTY,0.0,0.0,0.0,0.0
경기,양평군,"재활용 가능자원 분리배출",폐유리병류,EMPTY,2.7,0.0,0.0,2.7
경기,양평군,"재활용 가능자원 분리배출",폐의류,EMPTY,0.0,0.0,0.0,0.0
경기,양평군,"재활용 가능자원 분리배출",폐섬유류,EMPTY,0.0,0.0,0.0,0.0
경기,양평군,"재활용 가능자원 분리배출",폐형광등,EMPTY,0.0,0.0,0.0,0.0
경기,양평군,"재활용 가능자원 분리배출",폐전지류,EMPTY,0.0,0.0,0.0,0.0
경기,양평군,"재활용 가능자원 분리배출",영농폐기물,농약용기류,0.0,0.0,0.0,0.0
경기,양평군,"재활용 가능자원 분리배출",영농폐기물,폐비닐,0.0,0.0,0.0,0.0
경기,양평군,"재활용 가능자원 분리배출",폐식용유,EMPTY,0.0,0.0,0.0,0.0
경기,양평군,"재활용 가능자원 분리배출",폐전기전자제품,EMPTY,0.2,0.0,0.0,0.2
경기,양평군,"재활용 가능자원 분리배출",폐가구류,EMPTY,0.0,0.0,0.0,0.0
경기,양평군,"재활용 가능자원 분리배출",기타,EMPTY,0.0,0.0,0.0,0.0
경기,양평군,"재활용 가능자원 분리배출",재활용 잔재물,EMPTY,5.6,0.0,4.9,0.7
경기,양평군,음식물류 폐기물 분리배출,EMPTY,EMPTY,17.4,0.0,0.0,17.4
경기,동두천시,종량제방식 등 혼합배출,가연성,폐지류,9.6,0.0,9.6,0.0
경기,동두천시,종량제방식 등 혼합배출,가연성,폐합성수지류,13.0,0.0,13.0,0.0
경기,동두천시,종량제방식 등 혼합배출,가연성,폐고무류,0.8,0.0,0.8,0.0
경기,동두천시,종량제방식 등 혼합배출,가연성,폐섬유류,4.8,0.0,4.8,0.0
경기,동두천시,종량제방식 등 혼합배출,가연성,음식물류 폐기물,4.5,0.0,4.5,0.0
경기,동두천시,종량제방식 등 혼합배출,가연성,폐목재류,0.1,0.0,0.1,0.0
경기,동두천시,종량제방식 등 혼합배출,가연성,기타,4.3,0.0,4.3,0.0
경기,동두천시,종량제방식 등 혼합배출,불연성,폐금속류,2.3,0.0,2.3,0.0
경기,동두천시,종량제방식 등 혼합배출,불연성,폐유리류,3.3,0.0,3.3,0.0
경기,동두천시,종량제방식 등 혼합배출,불연성,폐토사류,0.0,0.0,0.0,0.0
경기,동두천시,종량제방식 등 혼합배출,불연성,폐타일 및 도자기류,0.0,0.0,0.0,0.0
경기,동두천시,종량제방식 등 혼합배출,불연성,연탄재,0.0,0.0,0.0,0.0
경기,동두천시,종량제방식 등 혼합배출,불연성,기타,0.0,0.0,0.0,0.0
경기,동두천시,종량제방식 등 혼합배출,건설폐재류,EMPTY,0.0,0.0,0.0,0.0
경기,동두천시,종량제방식 등 혼합배출,기타(배출불명등),EMPTY,0.0,0.0,0.0,0.0
경기,동두천시,"재활용 가능자원 분리배출",폐지류,종이팩,0.0,0.0,0.0,0.0
경기,동두천시,"재활용 가능자원 분리배출",폐지류,기타,0.2,0.0,0.0,0.2
경기,동두천시,"재활용 가능자원 분리배출",고철류,EMPTY,0.1,0.0,0.0,0.1
경기,동두천시,"재활용 가능자원 분리배출",금속캔,EMPTY,0.1,0.0,0.0,0.1
경기,동두천시,"재활용 가능자원 분리배출",폐합성수지류,비닐류,0.0,0.0,0.0,0.0
경기,동두천시,"재활용 가능자원 분리배출",폐합성수지류,발포수지류,0.0,0.0,0.0,0.0
경기,동두천시,"재활용 가능자원 분리배출",폐합성수지류,PET병,0.2,0.0,0.0,0.2
경기,동두천시,"재활용 가능자원 분리배출",폐합성수지류,기타,0.1,0.0,0.0,0.1
경기,동두천시,"재활용 가능자원 분리배출",폐고무류,EMPTY,0.0,0.0,0.0,0.0
경기,동두천시,"재활용 가능자원 분리배출",폐유리병류,EMPTY,0.5,0.0,0.0,0.5
경기,동두천시,"재활용 가능자원 분리배출",폐의류,EMPTY,0.0,0.0,0.0,0.0
경기,동두천시,"재활용 가능자원 분리배출",폐섬유류,EMPTY,0.0,0.0,0.0,0.0
경기,동두천시,"재활용 가능자원 분리배출",폐형광등,EMPTY,0.0,0.0,0.0,0.0
경기,동두천시,"재활용 가능자원 분리배출",폐전지류,EMPTY,0.0,0.0,0.0,0.0
경기,동두천시,"재활용 가능자원 분리배출",영농폐기물,농약용기류,0.0,0.0,0.0,0.0
경기,동두천시,"재활용 가능자원 분리배출",영농폐기물,폐비닐,0.0,0.0,0.0,0.0
경기,동두천시,"재활용 가능자원 분리배출",폐식용유,EMPTY,0.0,0.0,0.0,0.0
경기,동두천시,"재활용 가능자원 분리배출",폐전기전자제품,EMPTY,0.0,0.0,0.0,0.0
경기,동두천시,"재활용 가능자원 분리배출",폐가구류,EMPTY,0.0,0.0,0.0,0.0
경기,동두천시,"재활용 가능자원 분리배출",기타,EMPTY,0.0,0.0,0.0,0.0
경기,동두천시,"재활용 가능자원 분리배출",재활용 잔재물,EMPTY,7.2,0.0,7.2,0.0
경기,동두천시,음식물류 폐기물 분리배출,EMPTY,EMPTY,25.8,0.0,0.0,25.8
경기,과천시,종량제방식 등 혼합배출,가연성,폐지류,5.5,0.0,5.5,0.0
경기,과천시,종량제방식 등 혼합배출,가연성,폐합성수지류,0.7,0.0,0.7,0.0
경기,과천시,종량제방식 등 혼합배출,가연성,폐고무류,0.0,0.0,0.0,0.0
경기,과천시,종량제방식 등 혼합배출,가연성,폐섬유류,6.5,0.0,6.5,0.0
경기,과천시,종량제방식 등 혼합배출,가연성,음식물류 폐기물,5.2,0.0,5.2,0.0
경기,과천시,종량제방식 등 혼합배출,가연성,폐목재류,6.3,0.0,6.3,0.0
경기,과천시,종량제방식 등 혼합배출,가연성,기타,3.1,0.0,3.1,0.0
경기,과천시,종량제방식 등 혼합배출,불연성,폐금속류,1.8,0.0,1.8,0.0
경기,과천시,종량제방식 등 혼합배출,불연성,폐유리류,2.2,0.0,2.2,0.0
경기,과천시,종량제방식 등 혼합배출,불연성,폐토사류,0.3,0.0,0.3,0.0
경기,과천시,종량제방식 등 혼합배출,불연성,폐타일 및 도자기류,0.1,0.1,0.0,0.0
경기,과천시,종량제방식 등 혼합배출,불연성,연탄재,1.0,1.0,0.0,0.0
경기,과천시,종량제방식 등 혼합배출,불연성,기타,0.9,0.0,0.9,0.0
경기,과천시,종량제방식 등 혼합배출,건설폐재류,EMPTY,0.0,0.0,0.0,0.0
경기,과천시,종량제방식 등 혼합배출,기타(배출불명등),EMPTY,4.7,0.0,4.7,0.0
경기,과천시,"재활용 가능자원 분리배출",폐지류,종이팩,0.0,0.0,0.0,0.0
경기,과천시,"재활용 가능자원 분리배출",폐지류,기타,3.9,0.0,0.0,3.9
경기,과천시,"재활용 가능자원 분리배출",고철류,EMPTY,0.3,0.0,0.0,0.3
경기,과천시,"재활용 가능자원 분리배출",금속캔,EMPTY,0.1,0.0,0.0,0.1
경기,과천시,"재활용 가능자원 분리배출",폐합성수지류,비닐류,0.0,0.0,0.0,0.0
경기,과천시,"재활용 가능자원 분리배출",폐합성수지류,발포수지류,0.1,0.0,0.0,0.1
경기,과천시,"재활용 가능자원 분리배출",폐합성수지류,PET병,0.0,0.0,0.0,0.0
경기,과천시,"재활용 가능자원 분리배출",폐합성수지류,기타,2.6,0.0,0.0,2.6
경기,과천시,"재활용 가능자원 분리배출",폐고무류,EMPTY,0.0,0.0,0.0,0.0
경기,과천시,"재활용 가능자원 분리배출",폐유리병류,EMPTY,1.0,0.0,0.0,1.0
경기,과천시,"재활용 가능자원 분리배출",폐의류,EMPTY,0.3,0.0,0.0,0.3
경기,과천시,"재활용 가능자원 분리배출",폐섬유류,EMPTY,0.0,0.0,0.0,0.0
경기,과천시,"재활용 가능자원 분리배출",폐형광등,EMPTY,0.0,0.0,0.0,0.0
경기,과천시,"재활용 가능자원 분리배출",폐전지류,EMPTY,0.0,0.0,0.0,0.0
경기,과천시,"재활용 가능자원 분리배출",영농폐기물,농약용기류,0.0,0.0,0.0,0.0
경기,과천시,"재활용 가능자원 분리배출",영농폐기물,폐비닐,0.0,0.0,0.0,0.0
경기,과천시,"재활용 가능자원 분리배출",폐식용유,EMPTY,0.0,0.0,0.0,0.0
경기,과천시,"재활용 가능자원 분리배출",폐전기전자제품,EMPTY,0.3,0.0,0.0,0.3
경기,과천시,"재활용 가능자원 분리배출",폐가구류,EMPTY,0.1,0.0,0.0,0.1
경기,과천시,"재활용 가능자원 분리배출",기타,EMPTY,0.0,0.0,0.0,0.0
경기,과천시,"재활용 가능자원 분리배출",재활용 잔재물,EMPTY,1.5,0.0,1.5,0.0
경기,과천시,음식물류 폐기물 분리배출,EMPTY,EMPTY,12.2,0.0,1.2,11.0
경기,가평군,종량제방식 등 혼합배출,가연성,폐지류,9.8,0.0,9.8,0.0
경기,가평군,종량제방식 등 혼합배출,가연성,폐합성수지류,8.1,0.0,8.1,0.0
경기,가평군,종량제방식 등 혼합배출,가연성,폐고무류,0.0,0.0,0.0,0.0
경기,가평군,종량제방식 등 혼합배출,가연성,폐섬유류,1.4,0.0,1.4,0.0
경기,가평군,종량제방식 등 혼합배출,가연성,음식물류 폐기물,0.0,0.0,0.0,0.0
경기,가평군,종량제방식 등 혼합배출,가연성,폐목재류,1.0,0.0,1.0,0.0
경기,가평군,종량제방식 등 혼합배출,가연성,기타,12.3,0.0,12.3,0.0
경기,가평군,종량제방식 등 혼합배출,불연성,폐금속류,0.1,0.1,0.0,0.0
경기,가평군,종량제방식 등 혼합배출,불연성,폐유리류,0.2,0.2,0.0,0.0
경기,가평군,종량제방식 등 혼합배출,불연성,폐토사류,0.0,0.0,0.0,0.0
경기,가평군,종량제방식 등 혼합배출,불연성,폐타일 및 도자기류,0.0,0.0,0.0,0.0
경기,가평군,종량제방식 등 혼합배출,불연성,연탄재,0.0,0.0,0.0,0.0
경기,가평군,종량제방식 등 혼합배출,불연성,기타,0.3,0.3,0.0,0.0
경기,가평군,종량제방식 등 혼합배출,건설폐재류,EMPTY,0.0,0.0,0.0,0.0
경기,가평군,종량제방식 등 혼합배출,기타(배출불명등),EMPTY,4.6,4.6,0.0,0.0
경기,가평군,"재활용 가능자원 분리배출",폐지류,종이팩,0.0,0.0,0.0,0.0
경기,가평군,"재활용 가능자원 분리배출",폐지류,기타,0.8,0.0,0.0,0.8
경기,가평군,"재활용 가능자원 분리배출",고철류,EMPTY,0.5,0.0,0.0,0.5
경기,가평군,"재활용 가능자원 분리배출",금속캔,EMPTY,0.4,0.0,0.0,0.4
경기,가평군,"재활용 가능자원 분리배출",폐합성수지류,비닐류,0.0,0.0,0.0,0.0
경기,가평군,"재활용 가능자원 분리배출",폐합성수지류,발포수지류,0.1,0.0,0.0,0.1
경기,가평군,"재활용 가능자원 분리배출",폐합성수지류,PET병,0.8,0.0,0.0,0.8
경기,가평군,"재활용 가능자원 분리배출",폐합성수지류,기타,1.1,0.0,0.0,1.1
경기,가평군,"재활용 가능자원 분리배출",폐고무류,EMPTY,0.0,0.0,0.0,0.0
경기,가평군,"재활용 가능자원 분리배출",폐유리병류,EMPTY,0.0,0.0,0.0,0.0
경기,가평군,"재활용 가능자원 분리배출",폐의류,EMPTY,0.0,0.0,0.0,0.0
경기,가평군,"재활용 가능자원 분리배출",폐섬유류,EMPTY,0.0,0.0,0.0,0.0
경기,가평군,"재활용 가능자원 분리배출",폐형광등,EMPTY,0.0,0.0,0.0,0.0
경기,가평군,"재활용 가능자원 분리배출",폐전지류,EMPTY,0.0,0.0,0.0,0.0
경기,가평군,"재활용 가능자원 분리배출",영농폐기물,농약용기류,0.0,0.0,0.0,0.0
경기,가평군,"재활용 가능자원 분리배출",영농폐기물,폐비닐,0.0,0.0,0.0,0.0
경기,가평군,"재활용 가능자원 분리배출",폐식용유,EMPTY,0.0,0.0,0.0,0.0
경기,가평군,"재활용 가능자원 분리배출",폐전기전자제품,EMPTY,0.6,0.0,0.0,0.6
경기,가평군,"재활용 가능자원 분리배출",폐가구류,EMPTY,0.0,0.0,0.0,0.0
경기,가평군,"재활용 가능자원 분리배출",기타,EMPTY,2.0,0.0,0.0,2.0
경기,가평군,"재활용 가능자원 분리배출",재활용 잔재물,EMPTY,3.0,1.8,1.2,0.0
경기,가평군,음식물류 폐기물 분리배출,EMPTY,EMPTY,37.0,3.3,0.0,33.7
경기,연천군,종량제방식 등 혼합배출,가연성,폐지류,0.1,0.1,0.0,0.0
경기,연천군,종량제방식 등 혼합배출,가연성,폐합성수지류,0.1,0.1,0.0,0.0
경기,연천군,종량제방식 등 혼합배출,가연성,폐고무류,0.0,0.0,0.0,0.0
경기,연천군,종량제방식 등 혼합배출,가연성,폐섬유류,0.0,0.0,0.0,0.0
경기,연천군,종량제방식 등 혼합배출,가연성,음식물류 폐기물,7.2,0.0,0.0,7.2
경기,연천군,종량제방식 등 혼합배출,가연성,폐목재류,0.2,0.2,0.0,0.0
경기,연천군,종량제방식 등 혼합배출,가연성,기타,4.0,4.0,0.0,0.0
경기,연천군,종량제방식 등 혼합배출,불연성,폐금속류,0.0,0.0,0.0,0.0
경기,연천군,종량제방식 등 혼합배출,불연성,폐유리류,0.0,0.0,0.0,0.0
경기,연천군,종량제방식 등 혼합배출,불연성,폐토사류,5.5,5.5,0.0,0.0
경기,연천군,종량제방식 등 혼합배출,불연성,폐타일 및 도자기류,0.0,0.0,0.0,0.0
경기,연천군,종량제방식 등 혼합배출,불연성,연탄재,0.0,0.0,0.0,0.0
경기,연천군,종량제방식 등 혼합배출,불연성,기타,5.5,5.5,0.0,0.0
경기,연천군,종량제방식 등 혼합배출,건설폐재류,EMPTY,0.0,0.0,0.0,0.0
경기,연천군,종량제방식 등 혼합배출,기타(배출불명등),EMPTY,0.0,0.0,0.0,0.0
경기,연천군,"재활용 가능자원 분리배출",폐지류,종이팩,0.0,0.0,0.0,0.0
경기,연천군,"재활용 가능자원 분리배출",폐지류,기타,0.5,0.0,0.0,0.5
경기,연천군,"재활용 가능자원 분리배출",고철류,EMPTY,0.1,0.0,0.0,0.1
경기,연천군,"재활용 가능자원 분리배출",금속캔,EMPTY,0.5,0.0,0.0,0.5
경기,연천군,"재활용 가능자원 분리배출",폐합성수지류,비닐류,0.0,0.0,0.0,0.0
경기,연천군,"재활용 가능자원 분리배출",폐합성수지류,발포수지류,0.1,0.0,0.0,0.1
경기,연천군,"재활용 가능자원 분리배출",폐합성수지류,PET병,0.4,0.0,0.0,0.4
경기,연천군,"재활용 가능자원 분리배출",폐합성수지류,기타,0.0,0.0,0.0,0.0
경기,연천군,"재활용 가능자원 분리배출",폐고무류,EMPTY,0.0,0.0,0.0,0.0
경기,연천군,"재활용 가능자원 분리배출",폐유리병류,EMPTY,0.3,0.0,0.0,0.3
경기,연천군,"재활용 가능자원 분리배출",폐의류,EMPTY,0.0,0.0,0.0,0.0
경기,연천군,"재활용 가능자원 분리배출",폐섬유류,EMPTY,0.0,0.0,0.0,0.0
경기,연천군,"재활용 가능자원 분리배출",폐형광등,EMPTY,0.0,0.0,0.0,0.0
경기,연천군,"재활용 가능자원 분리배출",폐전지류,EMPTY,0.0,0.0,0.0,0.0
경기,연천군,"재활용 가능자원 분리배출",영농폐기물,농약용기류,0.0,0.0,0.0,0.0
경기,연천군,"재활용 가능자원 분리배출",영농폐기물,폐비닐,0.0,0.0,0.0,0.0
경기,연천군,"재활용 가능자원 분리배출",폐식용유,EMPTY,0.0,0.0,0.0,0.0
경기,연천군,"재활용 가능자원 분리배출",폐전기전자제품,EMPTY,0.0,0.0,0.0,0.0
경기,연천군,"재활용 가능자원 분리배출",폐가구류,EMPTY,0.0,0.0,0.0,0.0
경기,연천군,"재활용 가능자원 분리배출",기타,EMPTY,0.0,0.0,0.0,0.0
경기,연천군,"재활용 가능자원 분리배출",재활용 잔재물,EMPTY,2.5,0.0,2.5,0.0
경기,연천군,음식물류 폐기물 분리배출,EMPTY,EMPTY,0.0,0.0,0.0,0.0
충북,청주시,종량제방식 등 혼합배출,가연성,폐지류,110.8,2.2,108.6,0.0
충북,청주시,종량제방식 등 혼합배출,가연성,폐합성수지류,87.5,3.2,84.3,0.0
충북,청주시,종량제방식 등 혼합배출,가연성,폐고무류,3.9,0.1,3.8,0.0
충북,청주시,종량제방식 등 혼합배출,가연성,폐섬유류,15.6,0.1,15.5,0.0
충북,청주시,종량제방식 등 혼합배출,가연성,음식물류 폐기물,20.7,0.0,20.7,0.0
충북,청주시,종량제방식 등 혼합배출,가연성,폐목재류,8.1,0.1,8.0,0.0
충북,청주시,종량제방식 등 혼합배출,가연성,기타,105.2,0.0,105.2,0.0
충북,청주시,종량제방식 등 혼합배출,불연성,폐금속류,8.2,0.7,7.5,0.0
충북,청주시,종량제방식 등 혼합배출,불연성,폐유리류,14.7,2.5,12.2,0.0
충북,청주시,종량제방식 등 혼합배출,불연성,폐토사류,5.9,5.2,0.7,0.0
충북,청주시,종량제방식 등 혼합배출,불연성,폐타일 및 도자기류,52.5,52.0,0.5,0.0
충북,청주시,종량제방식 등 혼합배출,불연성,연탄재,2.5,0.0,2.5,0.0
충북,청주시,종량제방식 등 혼합배출,불연성,기타,3.2,0.0,3.2,0.0
충북,청주시,종량제방식 등 혼합배출,건설폐재류,EMPTY,0.0,0.0,0.0,0.0
충북,청주시,종량제방식 등 혼합배출,기타(배출불명등),EMPTY,0.0,0.0,0.0,0.0
충북,청주시,"재활용 가능자원 분리배출",폐지류,종이팩,0.1,0.0,0.0,0.1
충북,청주시,"재활용 가능자원 분리배출",폐지류,기타,102.5,0.0,0.0,102.5
충북,청주시,"재활용 가능자원 분리배출",고철류,EMPTY,80.3,0.0,0.0,80.3
충북,청주시,"재활용 가능자원 분리배출",금속캔,EMPTY,6.9,0.0,0.0,6.9
충북,청주시,"재활용 가능자원 분리배출",폐합성수지류,비닐류,32.9,0.0,0.0,32.9
충북,청주시,"재활용 가능자원 분리배출",폐합성수지류,발포수지류,2.7,0.0,0.0,2.7
충북,청주시,"재활용 가능자원 분리배출",폐합성수지류,PET병,6.1,0.0,0.0,6.1
충북,청주시,"재활용 가능자원 분리배출",폐합성수지류,기타,2.3,0.0,0.0,2.3
충북,청주시,"재활용 가능자원 분리배출",폐고무류,EMPTY,0.0,0.0,0.0,0.0
충북,청주시,"재활용 가능자원 분리배출",폐유리병류,EMPTY,5.6,0.0,0.0,5.6
충북,청주시,"재활용 가능자원 분리배출",폐의류,EMPTY,9.2,0.0,0.0,9.2
충북,청주시,"재활용 가능자원 분리배출",폐섬유류,EMPTY,0.0,0.0,0.0,0.0
충북,청주시,"재활용 가능자원 분리배출",폐형광등,EMPTY,0.5,0.0,0.0,0.5
충북,청주시,"재활용 가능자원 분리배출",폐전지류,EMPTY,0.1,0.0,0.0,0.1
충북,청주시,"재활용 가능자원 분리배출",영농폐기물,농약용기류,1.8,0.0,0.0,1.8
충북,청주시,"재활용 가능자원 분리배출",영농폐기물,폐비닐,25.6,0.0,0.0,25.6
충북,청주시,"재활용 가능자원 분리배출",폐식용유,EMPTY,2.8,0.0,0.0,2.8
충북,청주시,"재활용 가능자원 분리배출",폐전기전자제품,EMPTY,0.0,0.0,0.0,0.0
충북,청주시,"재활용 가능자원 분리배출",폐가구류,EMPTY,0.1,0.0,0.0,0.1
충북,청주시,"재활용 가능자원 분리배출",기타,EMPTY,2.6,0.0,0.0,2.6
충북,청주시,"재활용 가능자원 분리배출",재활용 잔재물,EMPTY,16.5,0.0,0.0,16.5
충북,청주시,음식물류 폐기물 분리배출,EMPTY,EMPTY,248.6,0.0,0.0,248.6
충북,충주시,종량제방식 등 혼합배출,가연성,폐지류,28.3,0.0,28.3,0.0
충북,충주시,종량제방식 등 혼합배출,가연성,폐합성수지류,40.4,0.0,30.0,10.4
충북,충주시,종량제방식 등 혼합배출,가연성,폐고무류,0.4,0.0,0.4,0.0
충북,충주시,종량제방식 등 혼합배출,가연성,폐섬유류,0.0,0.0,0.0,0.0
충북,충주시,종량제방식 등 혼합배출,가연성,음식물류 폐기물,12.0,0.0,12.0,0.0
충북,충주시,종량제방식 등 혼합배출,가연성,폐목재류,11.9,0.0,1.9,10.0
충북,충주시,종량제방식 등 혼합배출,가연성,기타,17.5,0.0,17.5,0.0
충북,충주시,종량제방식 등 혼합배출,불연성,폐금속류,0.0,0.0,0.0,0.0
충북,충주시,종량제방식 등 혼합배출,불연성,폐유리류,0.0,0.0,0.0,0.0
충북,충주시,종량제방식 등 혼합배출,불연성,폐토사류,0.0,0.0,0.0,0.0
충북,충주시,종량제방식 등 혼합배출,불연성,폐타일 및 도자기류,0.0,0.0,0.0,0.0
충북,충주시,종량제방식 등 혼합배출,불연성,연탄재,0.0,0.0,0.0,0.0
충북,충주시,종량제방식 등 혼합배출,불연성,기타,47.1,47.1,0.0,0.0
충북,충주시,종량제방식 등 혼합배출,건설폐재류,EMPTY,0.0,0.0,0.0,0.0
충북,충주시,종량제방식 등 혼합배출,기타(배출불명등),EMPTY,67.2,67.2,0.0,0.0
충북,충주시,"재활용 가능자원 분리배출",폐지류,종이팩,0.0,0.0,0.0,0.0
충북,충주시,"재활용 가능자원 분리배출",폐지류,기타,43.3,0.0,0.0,43.3
충북,충주시,"재활용 가능자원 분리배출",고철류,EMPTY,0.1,0.0,0.0,0.1
충북,충주시,"재활용 가능자원 분리배출",금속캔,EMPTY,0.8,0.0,0.0,0.8
충북,충주시,"재활용 가능자원 분리배출",폐합성수지류,비닐류,3.7,0.0,0.0,3.7
충북,충주시,"재활용 가능자원 분리배출",폐합성수지류,발포수지류,0.3,0.0,0.0,0.3
충북,충주시,"재활용 가능자원 분리배출",폐합성수지류,PET병,2.8,0.0,0.0,2.8
충북,충주시,"재활용 가능자원 분리배출",폐합성수지류,기타,0.8,0.0,0.0,0.8
충북,충주시,"재활용 가능자원 분리배출",폐고무류,EMPTY,0.0,0.0,0.0,0.0
충북,충주시,"재활용 가능자원 분리배출",폐유리병류,EMPTY,1.7,0.0,0.0,1.7
충북,충주시,"재활용 가능자원 분리배출",폐의류,EMPTY,0.5,0.0,0.0,0.5
충북,충주시,"재활용 가능자원 분리배출",폐섬유류,EMPTY,0.0,0.0,0.0,0.0
충북,충주시,"재활용 가능자원 분리배출",폐형광등,EMPTY,0.1,0.0,0.0,0.1
충북,충주시,"재활용 가능자원 분리배출",폐전지류,EMPTY,0.0,0.0,0.0,0.0
충북,충주시,"재활용 가능자원 분리배출",영농폐기물,농약용기류,0.2,0.0,0.0,0.2
충북,충주시,"재활용 가능자원 분리배출",영농폐기물,폐비닐,7.2,0.0,0.0,7.2
충북,충주시,"재활용 가능자원 분리배출",폐식용유,EMPTY,0.0,0.0,0.0,0.0
충북,충주시,"재활용 가능자원 분리배출",폐전기전자제품,EMPTY,1.4,0.0,0.0,1.4
충북,충주시,"재활용 가능자원 분리배출",폐가구류,EMPTY,0.0,0.0,0.0,0.0
충북,충주시,"재활용 가능자원 분리배출",기타,EMPTY,0.5,0.0,0.0,0.5
충북,충주시,"재활용 가능자원 분리배출",재활용 잔재물,EMPTY,8.7,0.0,8.7,0.0
충북,충주시,음식물류 폐기물 분리배출,EMPTY,EMPTY,55.9,0.0,0.0,55.9
충북,제천시,종량제방식 등 혼합배출,가연성,폐지류,15.8,11.4,4.4,0.0
충북,제천시,종량제방식 등 혼합배출,가연성,폐합성수지류,19.7,10.9,8.8,0.0
충북,제천시,종량제방식 등 혼합배출,가연성,폐고무류,0.5,0.4,0.1,0.0
충북,제천시,종량제방식 등 혼합배출,가연성,폐섬유류,9.9,8.2,1.7,0.0
충북,제천시,종량제방식 등 혼합배출,가연성,음식물류 폐기물,13.0,5.8,7.2,0.0
충북,제천시,종량제방식 등 혼합배출,가연성,폐목재류,1.8,1.5,0.3,0.0
충북,제천시,종량제방식 등 혼합배출,가연성,기타,7.1,5.5,1.6,0.0
충북,제천시,종량제방식 등 혼합배출,불연성,폐금속류,1.2,0.5,0.7,0.0
충북,제천시,종량제방식 등 혼합배출,불연성,폐유리류,4.0,1.7,2.3,0.0
충북,제천시,종량제방식 등 혼합배출,불연성,폐토사류,0.0,0.0,0.0,0.0
충북,제천시,종량제방식 등 혼합배출,불연성,폐타일 및 도자기류,0.0,0.0,0.0,0.0
충북,제천시,종량제방식 등 혼합배출,불연성,연탄재,12.9,0.4,0.0,12.5
충북,제천시,종량제방식 등 혼합배출,불연성,기타,6.6,5.2,1.4,0.0
충북,제천시,종량제방식 등 혼합배출,건설폐재류,EMPTY,0.0,0.0,0.0,0.0
충북,제천시,종량제방식 등 혼합배출,기타(배출불명등),EMPTY,0.0,0.0,0.0,0.0
충북,제천시,"재활용 가능자원 분리배출",폐지류,종이팩,0.0,0.0,0.0,0.0
충북,제천시,"재활용 가능자원 분리배출",폐지류,기타,0.9,0.0,0.0,0.9
충북,제천시,"재활용 가능자원 분리배출",고철류,EMPTY,0.1,0.0,0.0,0.1
충북,제천시,"재활용 가능자원 분리배출",금속캔,EMPTY,0.1,0.0,0.0,0.1
충북,제천시,"재활용 가능자원 분리배출",폐합성수지류,비닐류,0.5,0.0,0.0,0.5
충북,제천시,"재활용 가능자원 분리배출",폐합성수지류,발포수지류,0.3,0.0,0.0,0.3
충북,제천시,"재활용 가능자원 분리배출",폐합성수지류,PET병,1.1,0.0,0.0,1.1
충북,제천시,"재활용 가능자원 분리배출",폐합성수지류,기타,0.7,0.0,0.0,0.7
충북,제천시,"재활용 가능자원 분리배출",폐고무류,EMPTY,0.0,0.0,0.0,0.0
충북,제천시,"재활용 가능자원 분리배출",폐유리병류,EMPTY,0.0,0.0,0.0,0.0
충북,제천시,"재활용 가능자원 분리배출",폐의류,EMPTY,0.0,0.0,0.0,0.0
충북,제천시,"재활용 가능자원 분리배출",폐섬유류,EMPTY,0.0,0.0,0.0,0.0
충북,제천시,"재활용 가능자원 분리배출",폐형광등,EMPTY,0.1,0.0,0.0,0.1
충북,제천시,"재활용 가능자원 분리배출",폐전지류,EMPTY,0.0,0.0,0.0,0.0
충북,제천시,"재활용 가능자원 분리배출",영농폐기물,농약용기류,0.1,0.0,0.0,0.1
충북,제천시,"재활용 가능자원 분리배출",영농폐기물,폐비닐,5.6,0.0,0.0,5.6
충북,제천시,"재활용 가능자원 분리배출",폐식용유,EMPTY,0.0,0.0,0.0,0.0
충북,제천시,"재활용 가능자원 분리배출",폐전기전자제품,EMPTY,0.6,0.0,0.0,0.6
충북,제천시,"재활용 가능자원 분리배출",폐가구류,EMPTY,0.0,0.0,0.0,0.0
충북,제천시,"재활용 가능자원 분리배출",기타,EMPTY,0.0,0.0,0.0,0.0
충북,제천시,"재활용 가능자원 분리배출",재활용 잔재물,EMPTY,6.4,5.1,1.3,0.0
충북,제천시,음식물류 폐기물 분리배출,EMPTY,EMPTY,26.3,0.0,0.0,26.3
충북,보은군,종량제방식 등 혼합배출,가연성,폐지류,1.9,0.0,1.9,0.0
충북,보은군,종량제방식 등 혼합배출,가연성,폐합성수지류,5.7,0.0,5.7,0.0
충북,보은군,종량제방식 등 혼합배출,가연성,폐고무류,0.4,0.0,0.4,0.0
충북,보은군,종량제방식 등 혼합배출,가연성,폐섬유류,0.2,0.0,0.2,0.0
충북,보은군,종량제방식 등 혼합배출,가연성,음식물류 폐기물,4.7,0.0,4.7,0.0
충북,보은군,종량제방식 등 혼합배출,가연성,폐목재류,0.6,0.0,0.6,0.0
충북,보은군,종량제방식 등 혼합배출,가연성,기타,5.7,0.0,5.7,0.0
충북,보은군,종량제방식 등 혼합배출,불연성,폐금속류,0.4,0.4,0.0,0.0
충북,보은군,종량제방식 등 혼합배출,불연성,폐유리류,0.9,0.9,0.0,0.0
충북,보은군,종량제방식 등 혼합배출,불연성,폐토사류,0.8,0.8,0.0,0.0
충북,보은군,종량제방식 등 혼합배출,불연성,폐타일 및 도자기류,0.2,0.2,0.0,0.0
충북,보은군,종량제방식 등 혼합배출,불연성,연탄재,0.0,0.0,0.0,0.0
충북,보은군,종량제방식 등 혼합배출,불연성,기타,4.4,4.4,0.0,0.0
충북,보은군,종량제방식 등 혼합배출,건설폐재류,EMPTY,0.0,0.0,0.0,0.0
충북,보은군,종량제방식 등 혼합배출,기타(배출불명등),EMPTY,0.0,0.0,0.0,0.0
충북,보은군,"재활용 가능자원 분리배출",폐지류,종이팩,0.0,0.0,0.0,0.0
충북,보은군,"재활용 가능자원 분리배출",폐지류,기타,1.1,0.0,0.0,1.1
충북,보은군,"재활용 가능자원 분리배출",고철류,EMPTY,0.2,0.0,0.0,0.2
충북,보은군,"재활용 가능자원 분리배출",금속캔,EMPTY,0.1,0.0,0.0,0.1
충북,보은군,"재활용 가능자원 분리배출",폐합성수지류,비닐류,0.1,0.0,0.0,0.1
충북,보은군,"재활용 가능자원 분리배출",폐합성수지류,발포수지류,0.0,0.0,0.0,0.0
충북,보은군,"재활용 가능자원 분리배출",폐합성수지류,PET병,0.2,0.0,0.0,0.2
충북,보은군,"재활용 가능자원 분리배출",폐합성수지류,기타,0.1,0.0,0.0,0.1
충북,보은군,"재활용 가능자원 분리배출",폐고무류,EMPTY,0.0,0.0,0.0,0.0
충북,보은군,"재활용 가능자원 분리배출",폐유리병류,EMPTY,0.5,0.0,0.0,0.5
충북,보은군,"재활용 가능자원 분리배출",폐의류,EMPTY,0.0,0.0,0.0,0.0
충북,보은군,"재활용 가능자원 분리배출",폐섬유류,EMPTY,0.0,0.0,0.0,0.0
충북,보은군,"재활용 가능자원 분리배출",폐형광등,EMPTY,0.0,0.0,0.0,0.0
충북,보은군,"재활용 가능자원 분리배출",폐전지류,EMPTY,0.0,0.0,0.0,0.0
충북,보은군,"재활용 가능자원 분리배출",영농폐기물,농약용기류,0.1,0.0,0.0,0.1
충북,보은군,"재활용 가능자원 분리배출",영농폐기물,폐비닐,3.6,0.0,0.0,3.6
충북,보은군,"재활용 가능자원 분리배출",폐식용유,EMPTY,0.0,0.0,0.0,0.0
충북,보은군,"재활용 가능자원 분리배출",폐전기전자제품,EMPTY,0.4,0.0,0.0,0.4
충북,보은군,"재활용 가능자원 분리배출",폐가구류,EMPTY,0.0,0.0,0.0,0.0
충북,보은군,"재활용 가능자원 분리배출",기타,EMPTY,0.1,0.0,0.0,0.1
충북,보은군,"재활용 가능자원 분리배출",재활용 잔재물,EMPTY,0.6,0.0,0.6,0.0
충북,보은군,음식물류 폐기물 분리배출,EMPTY,EMPTY,0.9,0.0,0.0,0.9
충북,옥천군,종량제방식 등 혼합배출,가연성,폐지류,9.2,0.0,9.2,0.0
충북,옥천군,종량제방식 등 혼합배출,가연성,폐합성수지류,1.3,0.0,1.3,0.0
충북,옥천군,종량제방식 등 혼합배출,가연성,폐고무류,0.6,0.0,0.6,0.0
충북,옥천군,종량제방식 등 혼합배출,가연성,폐섬유류,0.0,0.0,0.0,0.0
충북,옥천군,종량제방식 등 혼합배출,가연성,음식물류 폐기물,6.5,0.0,6.5,0.0
충북,옥천군,종량제방식 등 혼합배출,가연성,폐목재류,0.1,0.0,0.1,0.0
충북,옥천군,종량제방식 등 혼합배출,가연성,기타,10.4,0.0,10.4,0.0
충북,옥천군,종량제방식 등 혼합배출,불연성,폐금속류,0.2,0.0,0.2,0.0
충북,옥천군,종량제방식 등 혼합배출,불연성,폐유리류,0.5,0.0,0.5,0.0
충북,옥천군,종량제방식 등 혼합배출,불연성,폐토사류,0.1,0.0,0.1,0.0
충북,옥천군,종량제방식 등 혼합배출,불연성,폐타일 및 도자기류,0.0,0.0,0.0,0.0
충북,옥천군,종량제방식 등 혼합배출,불연성,연탄재,0.0,0.0,0.0,0.0
충북,옥천군,종량제방식 등 혼합배출,불연성,기타,0.6,0.0,0.6,0.0
충북,옥천군,종량제방식 등 혼합배출,건설폐재류,EMPTY,0.0,0.0,0.0,0.0
충북,옥천군,종량제방식 등 혼합배출,기타(배출불명등),EMPTY,0.0,0.0,0.0,0.0
충북,옥천군,"재활용 가능자원 분리배출",폐지류,종이팩,4.1,0.0,0.0,4.1
충북,옥천군,"재활용 가능자원 분리배출",폐지류,기타,0.3,0.0,0.0,0.3
충북,옥천군,"재활용 가능자원 분리배출",고철류,EMPTY,3.6,0.0,0.0,3.6
충북,옥천군,"재활용 가능자원 분리배출",금속캔,EMPTY,0.9,0.0,0.0,0.9
충북,옥천군,"재활용 가능자원 분리배출",폐합성수지류,비닐류,0.1,0.0,0.0,0.1
충북,옥천군,"재활용 가능자원 분리배출",폐합성수지류,발포수지류,0.0,0.0,0.0,0.0
충북,옥천군,"재활용 가능자원 분리배출",폐합성수지류,PET병,1.2,0.0,0.0,1.2
충북,옥천군,"재활용 가능자원 분리배출",폐합성수지류,기타,0.2,0.0,0.0,0.2
충북,옥천군,"재활용 가능자원 분리배출",폐고무류,EMPTY,0.0,0.0,0.0,0.0
충북,옥천군,"재활용 가능자원 분리배출",폐유리병류,EMPTY,2.8,0.0,0.0,2.8
충북,옥천군,"재활용 가능자원 분리배출",폐의류,EMPTY,1.0,0.0,0.0,1.0
충북,옥천군,"재활용 가능자원 분리배출",폐섬유류,EMPTY,0.0,0.0,0.0,0.0
충북,옥천군,"재활용 가능자원 분리배출",폐형광등,EMPTY,0.0,0.0,0.0,0.0
충북,옥천군,"재활용 가능자원 분리배출",폐전지류,EMPTY,0.0,0.0,0.0,0.0
충북,옥천군,"재활용 가능자원 분리배출",영농폐기물,농약용기류,1.1,0.0,0.0,1.1
충북,옥천군,"재활용 가능자원 분리배출",영농폐기물,폐비닐,4.1,0.0,0.0,4.1
충북,옥천군,"재활용 가능자원 분리배출",폐식용유,EMPTY,0.0,0.0,0.0,0.0
충북,옥천군,"재활용 가능자원 분리배출",폐전기전자제품,EMPTY,0.1,0.0,0.0,0.1
충북,옥천군,"재활용 가능자원 분리배출",폐가구류,EMPTY,0.5,0.0,0.0,0.5
충북,옥천군,"재활용 가능자원 분리배출",기타,EMPTY,2.9,0.0,0.0,2.9
충북,옥천군,"재활용 가능자원 분리배출",재활용 잔재물,EMPTY,1.7,0.0,0.0,1.7
충북,옥천군,음식물류 폐기물 분리배출,EMPTY,EMPTY,2.0,0.0,0.0,2.0
충북,영동군,종량제방식 등 혼합배출,가연성,폐지류,4.1,1.0,3.1,0.0
충북,영동군,종량제방식 등 혼합배출,가연성,폐합성수지류,4.9,1.2,3.7,0.0
충북,영동군,종량제방식 등 혼합배출,가연성,폐고무류,1.2,0.3,0.9,0.0
충북,영동군,종량제방식 등 혼합배출,가연성,폐섬유류,0.0,0.0,0.0,0.0
충북,영동군,종량제방식 등 혼합배출,가연성,음식물류 폐기물,7.1,1.7,5.4,0.0
충북,영동군,종량제방식 등 혼합배출,가연성,폐목재류,1.8,0.0,0.8,1.0
충북,영동군,종량제방식 등 혼합배출,가연성,기타,6.2,1.5,4.7,0.0
충북,영동군,종량제방식 등 혼합배출,불연성,폐금속류,0.0,0.0,0.0,0.0
충북,영동군,종량제방식 등 혼합배출,불연성,폐유리류,0.0,0.0,0.0,0.0
충북,영동군,종량제방식 등 혼합배출,불연성,폐토사류,0.0,0.0,0.0,0.0
충북,영동군,종량제방식 등 혼합배출,불연성,폐타일 및 도자기류,0.0,0.0,0.0,0.0
충북,영동군,종량제방식 등 혼합배출,불연성,연탄재,2.0,2.0,0.0,0.0
충북,영동군,종량제방식 등 혼합배출,불연성,기타,0.5,0.5,0.0,0.0
충북,영동군,종량제방식 등 혼합배출,건설폐재류,EMPTY,0.0,0.0,0.0,0.0
충북,영동군,종량제방식 등 혼합배출,기타(배출불명등),EMPTY,0.0,0.0,0.0,0.0
충북,영동군,"재활용 가능자원 분리배출",폐지류,종이팩,0.0,0.0,0.0,0.0
충북,영동군,"재활용 가능자원 분리배출",폐지류,기타,4.4,0.0,0.0,4.4
충북,영동군,"재활용 가능자원 분리배출",고철류,EMPTY,0.6,0.0,0.0,0.6
충북,영동군,"재활용 가능자원 분리배출",금속캔,EMPTY,0.8,0.0,0.0,0.8
충북,영동군,"재활용 가능자원 분리배출",폐합성수지류,비닐류,0.1,0.0,0.0,0.1
충북,영동군,"재활용 가능자원 분리배출",폐합성수지류,발포수지류,0.1,0.0,0.0,0.1
충북,영동군,"재활용 가능자원 분리배출",폐합성수지류,PET병,1.6,0.0,0.0,1.6
충북,영동군,"재활용 가능자원 분리배출",폐합성수지류,기타,0.6,0.0,0.0,0.6
충북,영동군,"재활용 가능자원 분리배출",폐고무류,EMPTY,0.0,0.0,0.0,0.0
충북,영동군,"재활용 가능자원 분리배출",폐유리병류,EMPTY,2.9,0.0,0.0,2.9
충북,영동군,"재활용 가능자원 분리배출",폐의류,EMPTY,0.0,0.0,0.0,0.0
충북,영동군,"재활용 가능자원 분리배출",폐섬유류,EMPTY,0.0,0.0,0.0,0.0
충북,영동군,"재활용 가능자원 분리배출",폐형광등,EMPTY,0.0,0.0,0.0,0.0
충북,영동군,"재활용 가능자원 분리배출",폐전지류,EMPTY,0.0,0.0,0.0,0.0
충북,영동군,"재활용 가능자원 분리배출",영농폐기물,농약용기류,0.1,0.0,0.0,0.1
충북,영동군,"재활용 가능자원 분리배출",영농폐기물,폐비닐,1.9,0.0,0.0,1.9
충북,영동군,"재활용 가능자원 분리배출",폐식용유,EMPTY,0.0,0.0,0.0,0.0
충북,영동군,"재활용 가능자원 분리배출",폐전기전자제품,EMPTY,0.0,0.0,0.0,0.0
충북,영동군,"재활용 가능자원 분리배출",폐가구류,EMPTY,0.0,0.0,0.0,0.0
충북,영동군,"재활용 가능자원 분리배출",기타,EMPTY,0.8,0.0,0.0,0.8
충북,영동군,"재활용 가능자원 분리배출",재활용 잔재물,EMPTY,0.7,0.0,0.7,0.0
충북,영동군,음식물류 폐기물 분리배출,EMPTY,EMPTY,0.6,0.0,0.0,0.6
충북,증평군,종량제방식 등 혼합배출,가연성,폐지류,0.0,0.0,0.0,0.0
충북,증평군,종량제방식 등 혼합배출,가연성,폐합성수지류,0.0,0.0,0.0,0.0
충북,증평군,종량제방식 등 혼합배출,가연성,폐고무류,0.0,0.0,0.0,0.0
충북,증평군,종량제방식 등 혼합배출,가연성,폐섬유류,0.0,0.0,0.0,0.0
충북,증평군,종량제방식 등 혼합배출,가연성,음식물류 폐기물,2.6,0.0,2.6,0.0
충북,증평군,종량제방식 등 혼합배출,가연성,폐목재류,2.4,0.0,2.4,0.0
충북,증평군,종량제방식 등 혼합배출,가연성,기타,17.3,0.0,17.3,0.0
충북,증평군,종량제방식 등 혼합배출,불연성,폐금속류,0.0,0.0,0.0,0.0
충북,증평군,종량제방식 등 혼합배출,불연성,폐유리류,0.0,0.0,0.0,0.0
충북,증평군,종량제방식 등 혼합배출,불연성,폐토사류,0.0,0.0,0.0,0.0
충북,증평군,종량제방식 등 혼합배출,불연성,폐타일 및 도자기류,0.0,0.0,0.0,0.0
충북,증평군,종량제방식 등 혼합배출,불연성,연탄재,1.0,1.0,0.0,0.0
충북,증평군,종량제방식 등 혼합배출,불연성,기타,0.0,0.0,0.0,0.0
충북,증평군,종량제방식 등 혼합배출,건설폐재류,EMPTY,0.0,0.0,0.0,0.0
충북,증평군,종량제방식 등 혼합배출,기타(배출불명등),EMPTY,0.0,0.0,0.0,0.0
충북,증평군,"재활용 가능자원 분리배출",폐지류,종이팩,0.0,0.0,0.0,0.0
충북,증평군,"재활용 가능자원 분리배출",폐지류,기타,1.1,0.0,0.0,1.1
충북,증평군,"재활용 가능자원 분리배출",고철류,EMPTY,0.0,0.0,0.0,0.0
충북,증평군,"재활용 가능자원 분리배출",금속캔,EMPTY,0.0,0.0,0.0,0.0
충북,증평군,"재활용 가능자원 분리배출",폐합성수지류,비닐류,0.0,0.0,0.0,0.0
충북,증평군,"재활용 가능자원 분리배출",폐합성수지류,발포수지류,0.0,0.0,0.0,0.0
충북,증평군,"재활용 가능자원 분리배출",폐합성수지류,PET병,0.0,0.0,0.0,0.0
충북,증평군,"재활용 가능자원 분리배출",폐합성수지류,기타,0.4,0.0,0.0,0.4
충북,증평군,"재활용 가능자원 분리배출",폐고무류,EMPTY,0.0,0.0,0.0,0.0
충북,증평군,"재활용 가능자원 분리배출",폐유리병류,EMPTY,0.0,0.0,0.0,0.0
충북,증평군,"재활용 가능자원 분리배출",폐의류,EMPTY,0.2,0.0,0.0,0.2
충북,증평군,"재활용 가능자원 분리배출",폐섬유류,EMPTY,0.0,0.0,0.0,0.0
충북,증평군,"재활용 가능자원 분리배출",폐형광등,EMPTY,0.0,0.0,0.0,0.0
충북,증평군,"재활용 가능자원 분리배출",폐전지류,EMPTY,0.0,0.0,0.0,0.0
충북,증평군,"재활용 가능자원 분리배출",영농폐기물,농약용기류,0.0,0.0,0.0,0.0
충북,증평군,"재활용 가능자원 분리배출",영농폐기물,폐비닐,0.9,0.0,0.0,0.9
충북,증평군,"재활용 가능자원 분리배출",폐식용유,EMPTY,0.0,0.0,0.0,0.0
충북,증평군,"재활용 가능자원 분리배출",폐전기전자제품,EMPTY,0.0,0.0,0.0,0.0
충북,증평군,"재활용 가능자원 분리배출",폐가구류,EMPTY,0.3,0.0,0.0,0.3
충북,증평군,"재활용 가능자원 분리배출",기타,EMPTY,0.3,0.0,0.0,0.3
충북,증평군,"재활용 가능자원 분리배출",재활용 잔재물,EMPTY,0.7,0.0,0.7,0.0
충북,증평군,음식물류 폐기물 분리배출,EMPTY,EMPTY,5.0,0.0,0.0,5.0
충북,진천군,종량제방식 등 혼합배출,가연성,폐지류,7.4,0.0,0.0,7.4
충북,진천군,종량제방식 등 혼합배출,가연성,폐합성수지류,5.7,0.0,0.0,5.7
충북,진천군,종량제방식 등 혼합배출,가연성,폐고무류,0.3,0.0,0.0,0.3
충북,진천군,종량제방식 등 혼합배출,가연성,폐섬유류,1.1,0.0,0.0,1.1
충북,진천군,종량제방식 등 혼합배출,가연성,음식물류 폐기물,10.1,0.0,0.0,10.1
충북,진천군,종량제방식 등 혼합배출,가연성,폐목재류,0.5,0.0,0.0,0.5
충북,진천군,종량제방식 등 혼합배출,가연성,기타,7.0,0.0,0.0,7.0
충북,진천군,종량제방식 등 혼합배출,불연성,폐금속류,0.4,0.0,0.0,0.4
충북,진천군,종량제방식 등 혼합배출,불연성,폐유리류,0.7,0.0,0.0,0.7
충북,진천군,종량제방식 등 혼합배출,불연성,폐토사류,0.0,0.0,0.0,0.0
충북,진천군,종량제방식 등 혼합배출,불연성,폐타일 및 도자기류,0.0,0.0,0.0,0.0
충북,진천군,종량제방식 등 혼합배출,불연성,연탄재,0.1,0.0,0.0,0.1
충북,진천군,종량제방식 등 혼합배출,불연성,기타,0.2,0.0,0.0,0.2
충북,진천군,종량제방식 등 혼합배출,건설폐재류,EMPTY,0.0,0.0,0.0,0.0
충북,진천군,종량제방식 등 혼합배출,기타(배출불명등),EMPTY,0.0,0.0,0.0,0.0
충북,진천군,"재활용 가능자원 분리배출",폐지류,종이팩,0.0,0.0,0.0,0.0
충북,진천군,"재활용 가능자원 분리배출",폐지류,기타,0.8,0.0,0.0,0.8
충북,진천군,"재활용 가능자원 분리배출",고철류,EMPTY,0.3,0.0,0.0,0.3
충북,진천군,"재활용 가능자원 분리배출",금속캔,EMPTY,0.1,0.0,0.0,0.1
충북,진천군,"재활용 가능자원 분리배출",폐합성수지류,비닐류,0.4,0.0,0.0,0.4
충북,진천군,"재활용 가능자원 분리배출",폐합성수지류,발포수지류,0.1,0.0,0.0,0.1
충북,진천군,"재활용 가능자원 분리배출",폐합성수지류,PET병,0.7,0.0,0.0,0.7
충북,진천군,"재활용 가능자원 분리배출",폐합성수지류,기타,0.4,0.0,0.0,0.4
충북,진천군,"재활용 가능자원 분리배출",폐고무류,EMPTY,0.0,0.0,0.0,0.0
충북,진천군,"재활용 가능자원 분리배출",폐유리병류,EMPTY,1.2,0.0,0.0,1.2
충북,진천군,"재활용 가능자원 분리배출",폐의류,EMPTY,0.0,0.0,0.0,0.0
충북,진천군,"재활용 가능자원 분리배출",폐섬유류,EMPTY,0.0,0.0,0.0,0.0
충북,진천군,"재활용 가능자원 분리배출",폐형광등,EMPTY,0.0,0.0,0.0,0.0
충북,진천군,"재활용 가능자원 분리배출",폐전지류,EMPTY,0.0,0.0,0.0,0.0
충북,진천군,"재활용 가능자원 분리배출",영농폐기물,농약용기류,0.0,0.0,0.0,0.0
충북,진천군,"재활용 가능자원 분리배출",영농폐기물,폐비닐,0.0,0.0,0.0,0.0
충북,진천군,"재활용 가능자원 분리배출",폐식용유,EMPTY,2.6,0.0,0.0,2.6
충북,진천군,"재활용 가능자원 분리배출",폐전기전자제품,EMPTY,0.0,0.0,0.0,0.0
충북,진천군,"재활용 가능자원 분리배출",폐가구류,EMPTY,0.0,0.0,0.0,0.0
충북,진천군,"재활용 가능자원 분리배출",기타,EMPTY,1.7,0.0,0.0,1.7
충북,진천군,"재활용 가능자원 분리배출",재활용 잔재물,EMPTY,1.4,1.3,0.0,0.0
충북,진천군,음식물류 폐기물 분리배출,EMPTY,EMPTY,33.4,12.1,4.8,16.5
충북,괴산군,종량제방식 등 혼합배출,가연성,폐지류,5.7,0.0,5.7,0.0
충북,괴산군,종량제방식 등 혼합배출,가연성,폐합성수지류,4.2,0.0,4.2,0.0
충북,괴산군,종량제방식 등 혼합배출,가연성,폐고무류,0.2,0.0,0.2,0.0
충북,괴산군,종량제방식 등 혼합배출,가연성,폐섬유류,0.6,0.0,0.6,0.0
충북,괴산군,종량제방식 등 혼합배출,가연성,음식물류 폐기물,1.0,0.0,1.0,0.0
충북,괴산군,종량제방식 등 혼합배출,가연성,폐목재류,0.4,0.0,0.4,0.0
충북,괴산군,종량제방식 등 혼합배출,가연성,기타,6.5,0.0,6.5,0.0
충북,괴산군,종량제방식 등 혼합배출,불연성,폐금속류,2.8,2.8,0.0,0.0
충북,괴산군,종량제방식 등 혼합배출,불연성,폐유리류,4.6,4.6,0.0,0.0
충북,괴산군,종량제방식 등 혼합배출,불연성,폐토사류,0.7,0.7,0.0,0.0
충북,괴산군,종량제방식 등 혼합배출,불연성,폐타일 및 도자기류,0.5,0.5,0.0,0.0
충북,괴산군,종량제방식 등 혼합배출,불연성,연탄재,0.5,0.5,0.0,0.0
충북,괴산군,종량제방식 등 혼합배출,불연성,기타,3.4,3.4,0.0,0.0
충북,괴산군,종량제방식 등 혼합배출,건설폐재류,EMPTY,0.0,0.0,0.0,0.0
충북,괴산군,종량제방식 등 혼합배출,기타(배출불명등),EMPTY,0.0,0.0,0.0,0.0
충북,괴산군,"재활용 가능자원 분리배출",폐지류,종이팩,0.0,0.0,0.0,0.0
충북,괴산군,"재활용 가능자원 분리배출",폐지류,기타,0.0,0.0,0.0,0.0
충북,괴산군,"재활용 가능자원 분리배출",고철류,EMPTY,0.0,0.0,0.0,0.0
충북,괴산군,"재활용 가능자원 분리배출",금속캔,EMPTY,0.0,0.0,0.0,0.0
충북,괴산군,"재활용 가능자원 분리배출",폐합성수지류,비닐류,0.0,0.0,0.0,0.0
충북,괴산군,"재활용 가능자원 분리배출",폐합성수지류,발포수지류,0.0,0.0,0.0,0.0
충북,괴산군,"재활용 가능자원 분리배출",폐합성수지류,PET병,0.0,0.0,0.0,0.0
충북,괴산군,"재활용 가능자원 분리배출",폐합성수지류,기타,0.0,0.0,0.0,0.0
충북,괴산군,"재활용 가능자원 분리배출",폐고무류,EMPTY,0.0,0.0,0.0,0.0
충북,괴산군,"재활용 가능자원 분리배출",폐유리병류,EMPTY,0.0,0.0,0.0,0.0
충북,괴산군,"재활용 가능자원 분리배출",폐의류,EMPTY,0.0,0.0,0.0,0.0
충북,괴산군,"재활용 가능자원 분리배출",폐섬유류,EMPTY,0.0,0.0,0.0,0.0
충북,괴산군,"재활용 가능자원 분리배출",폐형광등,EMPTY,0.0,0.0,0.0,0.0
충북,괴산군,"재활용 가능자원 분리배출",폐전지류,EMPTY,0.0,0.0,0.0,0.0
충북,괴산군,"재활용 가능자원 분리배출",영농폐기물,농약용기류,0.0,0.0,0.0,0.0
충북,괴산군,"재활용 가능자원 분리배출",영농폐기물,폐비닐,0.0,0.0,0.0,0.0
충북,괴산군,"재활용 가능자원 분리배출",폐식용유,EMPTY,0.0,0.0,0.0,0.0
충북,괴산군,"재활용 가능자원 분리배출",폐전기전자제품,EMPTY,0.0,0.0,0.0,0.0
충북,괴산군,"재활용 가능자원 분리배출",폐가구류,EMPTY,0.0,0.0,0.0,0.0
충북,괴산군,"재활용 가능자원 분리배출",기타,EMPTY,0.0,0.0,0.0,0.0
충북,괴산군,"재활용 가능자원 분리배출",재활용 잔재물,EMPTY,0.0,0.0,0.0,0.0
충북,괴산군,음식물류 폐기물 분리배출,EMPTY,EMPTY,8.8,0.0,0.0,8.8
충북,음성군,종량제방식 등 혼합배출,가연성,폐지류,9.8,3.4,6.4,0.0
충북,음성군,종량제방식 등 혼합배출,가연성,폐합성수지류,8.1,2.8,5.3,0.0
충북,음성군,종량제방식 등 혼합배출,가연성,폐고무류,0.3,0.1,0.2,0.0
충북,음성군,종량제방식 등 혼합배출,가연성,폐섬유류,1.4,0.5,0.9,0.0
충북,음성군,종량제방식 등 혼합배출,가연성,음식물류 폐기물,2.1,0.7,1.4,0.0
충북,음성군,종량제방식 등 혼합배출,가연성,폐목재류,3.5,0.3,3.0,0.2
충북,음성군,종량제방식 등 혼합배출,가연성,기타,7.1,2.2,4.9,0.0
충북,음성군,종량제방식 등 혼합배출,불연성,폐금속류,3.1,3.1,0.0,0.0
충북,음성군,종량제방식 등 혼합배출,불연성,폐유리류,4.7,4.7,0.0,0.0
충북,음성군,종량제방식 등 혼합배출,불연성,폐토사류,1.4,1.4,0.0,0.0
충북,음성군,종량제방식 등 혼합배출,불연성,폐타일 및 도자기류,0.5,0.5,0.0,0.0
충북,음성군,종량제방식 등 혼합배출,불연성,연탄재,0.5,0.5,0.0,0.0
충북,음성군,종량제방식 등 혼합배출,불연성,기타,2.3,2.3,0.0,0.0
충북,음성군,종량제방식 등 혼합배출,건설폐재류,EMPTY,3.9,3.4,0.0,0.5
충북,음성군,종량제방식 등 혼합배출,기타(배출불명등),EMPTY,0.0,0.0,0.0,0.0
충북,음성군,"재활용 가능자원 분리배출",폐지류,종이팩,0.0,0.0,0.0,0.0
충북,음성군,"재활용 가능자원 분리배출",폐지류,기타,4.2,0.0,0.0,4.2
충북,음성군,"재활용 가능자원 분리배출",고철류,EMPTY,0.6,0.0,0.0,0.6
충북,음성군,"재활용 가능자원 분리배출",금속캔,EMPTY,0.2,0.0,0.0,0.2
충북,음성군,"재활용 가능자원 분리배출",폐합성수지류,비닐류,0.4,0.0,0.0,0.4
충북,음성군,"재활용 가능자원 분리배출",폐합성수지류,발포수지류,0.1,0.0,0.0,0.1
충북,음성군,"재활용 가능자원 분리배출",폐합성수지류,PET병,1.4,0.0,0.0,1.4
충북,음성군,"재활용 가능자원 분리배출",폐합성수지류,기타,0.7,0.0,0.0,0.7
충북,음성군,"재활용 가능자원 분리배출",폐고무류,EMPTY,0.0,0.0,0.0,0.0
충북,음성군,"재활용 가능자원 분리배출",폐유리병류,EMPTY,1.9,0.0,0.0,1.9
충북,음성군,"재활용 가능자원 분리배출",폐의류,EMPTY,0.5,0.0,0.0,0.5
충북,음성군,"재활용 가능자원 분리배출",폐섬유류,EMPTY,0.0,0.0,0.0,0.0
충북,음성군,"재활용 가능자원 분리배출",폐형광등,EMPTY,0.0,0.0,0.0,0.0
충북,음성군,"재활용 가능자원 분리배출",폐전지류,EMPTY,0.0,0.0,0.0,0.0
충북,음성군,"재활용 가능자원 분리배출",영농폐기물,농약용기류,0.0,0.0,0.0,0.0
충북,음성군,"재활용 가능자원 분리배출",영농폐기물,폐비닐,4.2,0.0,0.0,4.2
충북,음성군,"재활용 가능자원 분리배출",폐식용유,EMPTY,0.0,0.0,0.0,0.0
충북,음성군,"재활용 가능자원 분리배출",폐전기전자제품,EMPTY,0.5,0.0,0.0,0.5
충북,음성군,"재활용 가능자원 분리배출",폐가구류,EMPTY,0.0,0.0,0.0,0.0
충북,음성군,"재활용 가능자원 분리배출",기타,EMPTY,0.9,0.0,0.0,0.9
충북,음성군,"재활용 가능자원 분리배출",재활용 잔재물,EMPTY,1.7,1.5,0.2,0.0
충북,음성군,음식물류 폐기물 분리배출,EMPTY,EMPTY,30.8,13.7,9.9,7.2
충북,단양군,종량제방식 등 혼합배출,가연성,폐지류,14.7,0.0,14.7,0.0
충북,단양군,종량제방식 등 혼합배출,가연성,폐합성수지류,9.0,0.0,9.0,0.0
충북,단양군,종량제방식 등 혼합배출,가연성,폐고무류,0.2,0.0,0.2,0.0
충북,단양군,종량제방식 등 혼합배출,가연성,폐섬유류,1.3,0.0,1.3,0.0
충북,단양군,종량제방식 등 혼합배출,가연성,음식물류 폐기물,6.0,0.0,6.0,0.0
충북,단양군,종량제방식 등 혼합배출,가연성,폐목재류,0.8,0.0,0.8,0.0
충북,단양군,종량제방식 등 혼합배출,가연성,기타,3.5,1.6,1.9,0.0
충북,단양군,종량제방식 등 혼합배출,불연성,폐금속류,1.0,1.0,0.0,0.0
충북,단양군,종량제방식 등 혼합배출,불연성,폐유리류,1.3,1.3,0.0,0.0
충북,단양군,종량제방식 등 혼합배출,불연성,폐토사류,0.0,0.0,0.0,0.0
충북,단양군,종량제방식 등 혼합배출,불연성,폐타일 및 도자기류,0.1,0.1,0.0,0.0
충북,단양군,종량제방식 등 혼합배출,불연성,연탄재,0.0,0.0,0.0,0.0
충북,단양군,종량제방식 등 혼합배출,불연성,기타,0.5,0.5,0.0,0.0
충북,단양군,종량제방식 등 혼합배출,건설폐재류,EMPTY,0.0,0.0,0.0,0.0
충북,단양군,종량제방식 등 혼합배출,기타(배출불명등),EMPTY,0.0,0.0,0.0,0.0
충북,단양군,"재활용 가능자원 분리배출",폐지류,종이팩,0.0,0.0,0.0,0.0
충북,단양군,"재활용 가능자원 분리배출",폐지류,기타,0.1,0.0,0.0,0.1
충북,단양군,"재활용 가능자원 분리배출",고철류,EMPTY,0.0,0.0,0.0,0.0
충북,단양군,"재활용 가능자원 분리배출",금속캔,EMPTY,0.0,0.0,0.0,0.0
충북,단양군,"재활용 가능자원 분리배출",폐합성수지류,비닐류,0.1,0.0,0.0,0.1
충북,단양군,"재활용 가능자원 분리배출",폐합성수지류,발포수지류,0.0,0.0,0.0,0.0
충북,단양군,"재활용 가능자원 분리배출",폐합성수지류,PET병,0.1,0.0,0.0,0.1
충북,단양군,"재활용 가능자원 분리배출",폐합성수지류,기타,0.1,0.0,0.0,0.1
충북,단양군,"재활용 가능자원 분리배출",폐고무류,EMPTY,0.0,0.0,0.0,0.0
충북,단양군,"재활용 가능자원 분리배출",폐유리병류,EMPTY,0.3,0.0,0.0,0.3
충북,단양군,"재활용 가능자원 분리배출",폐의류,EMPTY,0.0,0.0,0.0,0.0
충북,단양군,"재활용 가능자원 분리배출",폐섬유류,EMPTY,0.0,0.0,0.0,0.0
충북,단양군,"재활용 가능자원 분리배출",폐형광등,EMPTY,0.0,0.0,0.0,0.0
충북,단양군,"재활용 가능자원 분리배출",폐전지류,EMPTY,0.0,0.0,0.0,0.0
충북,단양군,"재활용 가능자원 분리배출",영농폐기물,농약용기류,0.0,0.0,0.0,0.0
충북,단양군,"재활용 가능자원 분리배출",영농폐기물,폐비닐,4.6,0.0,0.0,4.6
충북,단양군,"재활용 가능자원 분리배출",폐식용유,EMPTY,0.0,0.0,0.0,0.0
충북,단양군,"재활용 가능자원 분리배출",폐전기전자제품,EMPTY,0.0,0.0,0.0,0.0
충북,단양군,"재활용 가능자원 분리배출",폐가구류,EMPTY,0.0,0.0,0.0,0.0
충북,단양군,"재활용 가능자원 분리배출",기타,EMPTY,0.6,0.0,0.0,0.6
충북,단양군,"재활용 가능자원 분리배출",재활용 잔재물,EMPTY,0.0,0.0,0.0,0.0
충북,단양군,음식물류 폐기물 분리배출,EMPTY,EMPTY,9.2,4.6,0.0,4.6
충남,천안시,종량제방식 등 혼합배출,가연성,폐지류,87.5,5.6,81.9,0.0
충남,천안시,종량제방식 등 혼합배출,가연성,폐합성수지류,68.6,4.0,64.6,0.0
충남,천안시,종량제방식 등 혼합배출,가연성,폐고무류,14.4,1.1,13.3,0.0
충남,천안시,종량제방식 등 혼합배출,가연성,폐섬유류,30.5,3.0,27.5,0.0
충남,천안시,종량제방식 등 혼합배출,가연성,음식물류 폐기물,40.5,1.1,39.4,0.0
충남,천안시,종량제방식 등 혼합배출,가연성,폐목재류,71.4,1.3,70.1,0.0
충남,천안시,종량제방식 등 혼합배출,가연성,기타,3.0,3.0,0.0,0.0
충남,천안시,종량제방식 등 혼합배출,불연성,폐금속류,12.1,0.6,11.5,0.0
충남,천안시,종량제방식 등 혼합배출,불연성,폐유리류,13.5,1.1,12.4,0.0
충남,천안시,종량제방식 등 혼합배출,불연성,폐토사류,0.4,0.4,0.0,0.0
충남,천안시,종량제방식 등 혼합배출,불연성,폐타일 및 도자기류,0.0,0.0,0.0,0.0
충남,천안시,종량제방식 등 혼합배출,불연성,연탄재,0.0,0.0,0.0,0.0
충남,천안시,종량제방식 등 혼합배출,불연성,기타,0.0,0.0,0.0,0.0
충남,천안시,종량제방식 등 혼합배출,건설폐재류,EMPTY,0.0,0.0,0.0,0.0
충남,천안시,종량제방식 등 혼합배출,기타(배출불명등),EMPTY,0.0,0.0,0.0,0.0
충남,천안시,"재활용 가능자원 분리배출",폐지류,종이팩,0.2,0.0,0.0,0.2
충남,천안시,"재활용 가능자원 분리배출",폐지류,기타,19.1,0.0,0.0,19.1
충남,천안시,"재활용 가능자원 분리배출",고철류,EMPTY,1.5,0.0,0.0,1.5
충남,천안시,"재활용 가능자원 분리배출",금속캔,EMPTY,1.8,0.0,0.0,1.8
충남,천안시,"재활용 가능자원 분리배출",폐합성수지류,비닐류,3.9,0.0,0.0,3.9
충남,천안시,"재활용 가능자원 분리배출",폐합성수지류,발포수지류,1.8,0.0,0.0,1.8
충남,천안시,"재활용 가능자원 분리배출",폐합성수지류,PET병,1.4,0.0,0.0,1.4
충남,천안시,"재활용 가능자원 분리배출",폐합성수지류,기타,18.4,0.0,0.0,18.4
충남,천안시,"재활용 가능자원 분리배출",폐고무류,EMPTY,0.0,0.0,0.0,0.0
충남,천안시,"재활용 가능자원 분리배출",폐유리병류,EMPTY,5.1,0.0,0.0,5.1
충남,천안시,"재활용 가능자원 분리배출",폐의류,EMPTY,3.6,0.0,0.0,3.6
충남,천안시,"재활용 가능자원 분리배출",폐섬유류,EMPTY,0.0,0.0,0.0,0.0
충남,천안시,"재활용 가능자원 분리배출",폐형광등,EMPTY,0.2,0.0,0.0,0.2
충남,천안시,"재활용 가능자원 분리배출",폐전지류,EMPTY,0.1,0.0,0.0,0.1
충남,천안시,"재활용 가능자원 분리배출",영농폐기물,농약용기류,30.9,0.0,0.0,30.9
충남,천안시,"재활용 가능자원 분리배출",영농폐기물,폐비닐,1.1,0.0,0.0,1.1
충남,천안시,"재활용 가능자원 분리배출",폐식용유,EMPTY,0.0,0.0,0.0,0.0
충남,천안시,"재활용 가능자원 분리배출",폐전기전자제품,EMPTY,42.2,0.0,0.0,42.2
충남,천안시,"재활용 가능자원 분리배출",폐가구류,EMPTY,0.0,0.0,0.0,0.0
충남,천안시,"재활용 가능자원 분리배출",기타,EMPTY,0.0,0.0,0.0,0.0
충남,천안시,"재활용 가능자원 분리배출",재활용 잔재물,EMPTY,25.2,0.0,0.0,25.2
충남,천안시,음식물류 폐기물 분리배출,EMPTY,EMPTY,183.2,0.0,0.0,183.2
충남,공주시,종량제방식 등 혼합배출,가연성,폐지류,11.0,0.0,11.0,0.0
충남,공주시,종량제방식 등 혼합배출,가연성,폐합성수지류,9.1,0.0,9.1,0.0
충남,공주시,종량제방식 등 혼합배출,가연성,폐고무류,3.3,0.0,3.3,0.0
충남,공주시,종량제방식 등 혼합배출,가연성,폐섬유류,4.8,0.0,4.8,0.0
충남,공주시,종량제방식 등 혼합배출,가연성,음식물류 폐기물,5.0,0.0,5.0,0.0
충남,공주시,종량제방식 등 혼합배출,가연성,폐목재류,4.9,0.0,4.9,0.0
충남,공주시,종량제방식 등 혼합배출,가연성,기타,4.9,0.0,4.9,0.0
충남,공주시,종량제방식 등 혼합배출,불연성,폐금속류,1.7,0.0,1.7,0.0
충남,공주시,종량제방식 등 혼합배출,불연성,폐유리류,1.1,0.0,1.1,0.0
충남,공주시,종량제방식 등 혼합배출,불연성,폐토사류,1.4,1.4,0.0,0.0
충남,공주시,종량제방식 등 혼합배출,불연성,폐타일 및 도자기류,0.0,0.0,0.0,0.0
충남,공주시,종량제방식 등 혼합배출,불연성,연탄재,5.3,5.3,0.0,0.0
충남,공주시,종량제방식 등 혼합배출,불연성,기타,0.4,0.0,0.4,0.0
충남,공주시,종량제방식 등 혼합배출,건설폐재류,EMPTY,0.5,0.0,0.5,0.0
충남,공주시,종량제방식 등 혼합배출,기타(배출불명등),EMPTY,0.0,0.0,0.0,0.0
충남,공주시,"재활용 가능자원 분리배출",폐지류,종이팩,0.0,0.0,0.0,0.0
충남,공주시,"재활용 가능자원 분리배출",폐지류,기타,8.6,0.0,0.0,8.6
충남,공주시,"재활용 가능자원 분리배출",고철류,EMPTY,18.5,0.0,0.0,18.5
충남,공주시,"재활용 가능자원 분리배출",금속캔,EMPTY,1.5,0.0,0.0,1.5
충남,공주시,"재활용 가능자원 분리배출",폐합성수지류,비닐류,3.4,0.0,0.0,3.4
충남,공주시,"재활용 가능자원 분리배출",폐합성수지류,발포수지류,0.1,0.0,0.0,0.1
충남,공주시,"재활용 가능자원 분리배출",폐합성수지류,PET병,2.6,0.0,0.0,2.6
충남,공주시,"재활용 가능자원 분리배출",폐합성수지류,기타,1.1,0.0,0.0,1.1
충남,공주시,"재활용 가능자원 분리배출",폐고무류,EMPTY,0.0,0.0,0.0,0.0
충남,공주시,"재활용 가능자원 분리배출",폐유리병류,EMPTY,3.3,0.0,0.0,3.3
충남,공주시,"재활용 가능자원 분리배출",폐의류,EMPTY,2.2,0.0,0.0,2.2
충남,공주시,"재활용 가능자원 분리배출",폐섬유류,EMPTY,0.0,0.0,0.0,0.0
충남,공주시,"재활용 가능자원 분리배출",폐형광등,EMPTY,0.0,0.0,0.0,0.0
충남,공주시,"재활용 가능자원 분리배출",폐전지류,EMPTY,0.0,0.0,0.0,0.0
충남,공주시,"재활용 가능자원 분리배출",영농폐기물,농약용기류,0.0,0.0,0.0,0.0
충남,공주시,"재활용 가능자원 분리배출",영농폐기물,폐비닐,3.5,0.0,0.0,3.5
충남,공주시,"재활용 가능자원 분리배출",폐식용유,EMPTY,0.0,0.0,0.0,0.0
충남,공주시,"재활용 가능자원 분리배출",폐전기전자제품,EMPTY,0.3,0.0,0.0,0.3
충남,공주시,"재활용 가능자원 분리배출",폐가구류,EMPTY,0.0,0.0,0.0,0.0
충남,공주시,"재활용 가능자원 분리배출",기타,EMPTY,2.0,0.0,0.0,2.0
충남,공주시,"재활용 가능자원 분리배출",재활용 잔재물,EMPTY,0.5,0.0,0.0,0.5
충남,공주시,음식물류 폐기물 분리배출,EMPTY,EMPTY,23.7,0.0,0.0,23.7
충남,보령시,종량제방식 등 혼합배출,가연성,폐지류,20.6,6.3,14.3,0.0
충남,보령시,종량제방식 등 혼합배출,가연성,폐합성수지류,17.0,5.2,11.8,0.0
충남,보령시,종량제방식 등 혼합배출,가연성,폐고무류,0.7,0.2,0.5,0.0
충남,보령시,종량제방식 등 혼합배출,가연성,폐섬유류,2.9,0.9,2.0,0.0
충남,보령시,종량제방식 등 혼합배출,가연성,음식물류 폐기물,4.5,1.4,3.1,0.0
충남,보령시,종량제방식 등 혼합배출,가연성,폐목재류,2.1,0.6,1.5,0.0
충남,보령시,종량제방식 등 혼합배출,가연성,기타,13.3,4.1,9.2,0.0
충남,보령시,종량제방식 등 혼합배출,불연성,폐금속류,1.7,0.5,1.2,0.0
충남,보령시,종량제방식 등 혼합배출,불연성,폐유리류,2.5,0.8,1.7,0.0
충남,보령시,종량제방식 등 혼합배출,불연성,폐토사류,0.7,0.2,0.5,0.0
충남,보령시,종량제방식 등 혼합배출,불연성,폐타일 및 도자기류,0.3,0.1,0.2,0.0
충남,보령시,종량제방식 등 혼합배출,불연성,연탄재,0.3,0.1,0.2,0.0
충남,보령시,종량제방식 등 혼합배출,불연성,기타,1.2,0.4,0.8,0.0
충남,보령시,종량제방식 등 혼합배출,건설폐재류,EMPTY,0.0,0.0,0.0,0.0
충남,보령시,종량제방식 등 혼합배출,기타(배출불명등),EMPTY,0.0,0.0,0.0,0.0
충남,보령시,"재활용 가능자원 분리배출",폐지류,종이팩,1.1,0.0,0.0,1.1
충남,보령시,"재활용 가능자원 분리배출",폐지류,기타,0.0,0.0,0.0,0.0
충남,보령시,"재활용 가능자원 분리배출",고철류,EMPTY,13.7,0.0,0.0,13.7
충남,보령시,"재활용 가능자원 분리배출",금속캔,EMPTY,0.8,0.0,0.0,0.8
충남,보령시,"재활용 가능자원 분리배출",폐합성수지류,비닐류,0.6,0.0,0.0,0.6
충남,보령시,"재활용 가능자원 분리배출",폐합성수지류,발포수지류,0.4,0.0,0.0,0.4
충남,보령시,"재활용 가능자원 분리배출",폐합성수지류,PET병,1.4,0.0,0.0,1.4
충남,보령시,"재활용 가능자원 분리배출",폐합성수지류,기타,0.5,0.0,0.0,0.5
충남,보령시,"재활용 가능자원 분리배출",폐고무류,EMPTY,0.0,0.0,0.0,0.0
충남,보령시,"재활용 가능자원 분리배출",폐유리병류,EMPTY,2.3,0.0,0.0,2.3
충남,보령시,"재활용 가능자원 분리배출",폐의류,EMPTY,0.0,0.0,0.0,0.0
충남,보령시,"재활용 가능자원 분리배출",폐섬유류,EMPTY,0.0,0.0,0.0,0.0
충남,보령시,"재활용 가능자원 분리배출",폐형광등,EMPTY,0.0,0.0,0.0,0.0
충남,보령시,"재활용 가능자원 분리배출",폐전지류,EMPTY,0.0,0.0,0.0,0.0
충남,보령시,"재활용 가능자원 분리배출",영농폐기물,농약용기류,0.1,0.0,0.0,0.1
충남,보령시,"재활용 가능자원 분리배출",영농폐기물,폐비닐,1.2,0.0,0.0,1.2
충남,보령시,"재활용 가능자원 분리배출",폐식용유,EMPTY,0.0,0.0,0.0,0.0
충남,보령시,"재활용 가능자원 분리배출",폐전기전자제품,EMPTY,3.7,0.0,0.0,3.7
충남,보령시,"재활용 가능자원 분리배출",폐가구류,EMPTY,0.0,0.0,0.0,0.0
충남,보령시,"재활용 가능자원 분리배출",기타,EMPTY,0.2,0.0,0.0,0.2
충남,보령시,"재활용 가능자원 분리배출",재활용 잔재물,EMPTY,1.7,0.0,0.0,1.7
충남,보령시,음식물류 폐기물 분리배출,EMPTY,EMPTY,26.4,0.0,0.0,26.4
충남,아산시,종량제방식 등 혼합배출,가연성,폐지류,32.9,0.0,32.9,0.0
충남,아산시,종량제방식 등 혼합배출,가연성,폐합성수지류,24.4,0.0,24.4,0.0
충남,아산시,종량제방식 등 혼합배출,가연성,폐고무류,5.4,0.0,5.4,0.0
충남,아산시,종량제방식 등 혼합배출,가연성,폐섬유류,20.0,0.0,20.0,0.0
충남,아산시,종량제방식 등 혼합배출,가연성,음식물류 폐기물,17.5,0.0,17.5,0.0
충남,아산시,종량제방식 등 혼합배출,가연성,폐목재류,13.2,0.0,13.2,0.0
충남,아산시,종량제방식 등 혼합배출,가연성,기타,22.6,0.0,22.6,0.0
충남,아산시,종량제방식 등 혼합배출,불연성,폐금속류,0.0,0.0,0.0,0.0
충남,아산시,종량제방식 등 혼합배출,불연성,폐유리류,0.0,0.0,0.0,0.0
충남,아산시,종량제방식 등 혼합배출,불연성,폐토사류,2.7,0.0,0.0,2.7
충남,아산시,종량제방식 등 혼합배출,불연성,폐타일 및 도자기류,1.2,1.2,0.0,0.0
충남,아산시,종량제방식 등 혼합배출,불연성,연탄재,1.1,0.0,0.0,1.1
충남,아산시,종량제방식 등 혼합배출,불연성,기타,9.4,0.0,9.4,0.0
충남,아산시,종량제방식 등 혼합배출,건설폐재류,EMPTY,0.0,0.0,0.0,0.0
충남,아산시,종량제방식 등 혼합배출,기타(배출불명등),EMPTY,0.0,0.0,0.0,0.0
충남,아산시,"재활용 가능자원 분리배출",폐지류,종이팩,0.0,0.0,0.0,0.0
충남,아산시,"재활용 가능자원 분리배출",폐지류,기타,92.6,0.0,0.0,92.6
충남,아산시,"재활용 가능자원 분리배출",고철류,EMPTY,130.4,0.0,0.0,130.4
충남,아산시,"재활용 가능자원 분리배출",금속캔,EMPTY,1.3,0.0,0.0,1.3
충남,아산시,"재활용 가능자원 분리배출",폐합성수지류,비닐류,1.3,0.0,0.0,1.3
충남,아산시,"재활용 가능자원 분리배출",폐합성수지류,발포수지류,0.3,0.0,0.0,0.3
충남,아산시,"재활용 가능자원 분리배출",폐합성수지류,PET병,0.3,0.0,0.0,0.3
충남,아산시,"재활용 가능자원 분리배출",폐합성수지류,기타,7.9,0.0,0.0,7.9
충남,아산시,"재활용 가능자원 분리배출",폐고무류,EMPTY,0.0,0.0,0.0,0.0
충남,아산시,"재활용 가능자원 분리배출",폐유리병류,EMPTY,1.2,0.0,0.0,1.2
충남,아산시,"재활용 가능자원 분리배출",폐의류,EMPTY,1.9,0.0,0.0,1.9
충남,아산시,"재활용 가능자원 분리배출",폐섬유류,EMPTY,0.0,0.0,0.0,0.0
충남,아산시,"재활용 가능자원 분리배출",폐형광등,EMPTY,0.2,0.0,0.0,0.2
충남,아산시,"재활용 가능자원 분리배출",폐전지류,EMPTY,0.1,0.0,0.0,0.1
충남,아산시,"재활용 가능자원 분리배출",영농폐기물,농약용기류,0.1,0.0,0.0,0.1
충남,아산시,"재활용 가능자원 분리배출",영농폐기물,폐비닐,1.4,0.0,0.0,1.4
충남,아산시,"재활용 가능자원 분리배출",폐식용유,EMPTY,0.0,0.0,0.0,0.0
충남,아산시,"재활용 가능자원 분리배출",폐전기전자제품,EMPTY,0.1,0.0,0.0,0.1
충남,아산시,"재활용 가능자원 분리배출",폐가구류,EMPTY,0.0,0.0,0.0,0.0
충남,아산시,"재활용 가능자원 분리배출",기타,EMPTY,0.2,0.0,0.0,0.2
충남,아산시,"재활용 가능자원 분리배출",재활용 잔재물,EMPTY,4.3,0.0,0.0,4.3
충남,아산시,음식물류 폐기물 분리배출,EMPTY,EMPTY,111.4,0.0,0.0,111.4
충남,서산시,종량제방식 등 혼합배출,가연성,폐지류,27.1,0.0,27.1,0.0
충남,서산시,종량제방식 등 혼합배출,가연성,폐합성수지류,21.1,0.0,21.1,0.0
충남,서산시,종량제방식 등 혼합배출,가연성,폐고무류,1.0,0.0,1.0,0.0
충남,서산시,종량제방식 등 혼합배출,가연성,폐섬유류,3.9,0.0,3.9,0.0
충남,서산시,종량제방식 등 혼합배출,가연성,음식물류 폐기물,4.7,0.0,4.7,0.0
충남,서산시,종량제방식 등 혼합배출,가연성,폐목재류,2.0,0.0,2.0,0.0
충남,서산시,종량제방식 등 혼합배출,가연성,기타,21.5,0.0,21.5,0.0
충남,서산시,종량제방식 등 혼합배출,불연성,폐금속류,1.9,0.0,1.9,0.0
충남,서산시,종량제방식 등 혼합배출,불연성,폐유리류,3.0,0.0,3.0,0.0
충남,서산시,종량제방식 등 혼합배출,불연성,폐토사류,0.2,0.0,0.2,0.0
충남,서산시,종량제방식 등 혼합배출,불연성,폐타일 및 도자기류,0.1,0.0,0.1,0.0
충남,서산시,종량제방식 등 혼합배출,불연성,연탄재,0.2,0.0,0.2,0.0
충남,서산시,종량제방식 등 혼합배출,불연성,기타,0.6,0.0,0.6,0.0
충남,서산시,종량제방식 등 혼합배출,건설폐재류,EMPTY,0.0,0.0,0.0,0.0
충남,서산시,종량제방식 등 혼합배출,기타(배출불명등),EMPTY,0.6,0.0,0.6,0.0
충남,서산시,"재활용 가능자원 분리배출",폐지류,종이팩,0.1,0.0,0.0,0.1
충남,서산시,"재활용 가능자원 분리배출",폐지류,기타,0.8,0.0,0.0,0.8
충남,서산시,"재활용 가능자원 분리배출",고철류,EMPTY,0.1,0.0,0.0,0.1
충남,서산시,"재활용 가능자원 분리배출",금속캔,EMPTY,0.3,0.0,0.0,0.3
충남,서산시,"재활용 가능자원 분리배출",폐합성수지류,비닐류,0.7,0.0,0.0,0.7
충남,서산시,"재활용 가능자원 분리배출",폐합성수지류,발포수지류,0.1,0.0,0.0,0.1
충남,서산시,"재활용 가능자원 분리배출",폐합성수지류,PET병,1.4,0.0,0.0,1.4
충남,서산시,"재활용 가능자원 분리배출",폐합성수지류,기타,0.7,0.0,0.0,0.7
충남,서산시,"재활용 가능자원 분리배출",폐고무류,EMPTY,0.0,0.0,0.0,0.0
충남,서산시,"재활용 가능자원 분리배출",폐유리병류,EMPTY,1.7,0.0,0.0,1.7
충남,서산시,"재활용 가능자원 분리배출",폐의류,EMPTY,0.0,0.0,0.0,0.0
충남,서산시,"재활용 가능자원 분리배출",폐섬유류,EMPTY,0.0,0.0,0.0,0.0
충남,서산시,"재활용 가능자원 분리배출",폐형광등,EMPTY,0.0,0.0,0.0,0.0
충남,서산시,"재활용 가능자원 분리배출",폐전지류,EMPTY,0.0,0.0,0.0,0.0
충남,서산시,"재활용 가능자원 분리배출",영농폐기물,농약용기류,0.0,0.0,0.0,0.0
충남,서산시,"재활용 가능자원 분리배출",영농폐기물,폐비닐,0.0,0.0,0.0,0.0
충남,서산시,"재활용 가능자원 분리배출",폐식용유,EMPTY,0.0,0.0,0.0,0.0
충남,서산시,"재활용 가능자원 분리배출",폐전기전자제품,EMPTY,0.0,0.0,0.0,0.0
충남,서산시,"재활용 가능자원 분리배출",폐가구류,EMPTY,0.0,0.0,0.0,0.0
충남,서산시,"재활용 가능자원 분리배출",기타,EMPTY,0.6,0.0,0.0,0.6
충남,서산시,"재활용 가능자원 분리배출",재활용 잔재물,EMPTY,5.6,0.0,0.0,5.6
충남,서산시,음식물류 폐기물 분리배출,EMPTY,EMPTY,48.6,0.0,0.0,48.6
충남,논산시,종량제방식 등 혼합배출,가연성,폐지류,8.1,0.0,7.1,1.0
충남,논산시,종량제방식 등 혼합배출,가연성,폐합성수지류,11.6,0.0,11.6,0.0
충남,논산시,종량제방식 등 혼합배출,가연성,폐고무류,6.7,0.0,6.7,0.0
충남,논산시,종량제방식 등 혼합배출,가연성,폐섬유류,2.1,0.0,2.1,0.0
충남,논산시,종량제방식 등 혼합배출,가연성,음식물류 폐기물,17.5,0.0,0.0,0.0
충남,논산시,종량제방식 등 혼합배출,가연성,폐목재류,2.4,0.0,2.4,0.0
충남,논산시,종량제방식 등 혼합배출,가연성,기타,2.8,0.0,2.8,0.0
충남,논산시,종량제방식 등 혼합배출,불연성,폐금속류,2.5,2.3,0.0,0.2
충남,논산시,종량제방식 등 혼합배출,불연성,폐유리류,9.2,9.2,0.0,0.0
충남,논산시,종량제방식 등 혼합배출,불연성,폐토사류,17.4,17.4,0.0,0.0
충남,논산시,종량제방식 등 혼합배출,불연성,폐타일 및 도자기류,4.1,4.1,0.0,0.0
충남,논산시,종량제방식 등 혼합배출,불연성,연탄재,5.0,5.0,0.0,0.0
충남,논산시,종량제방식 등 혼합배출,불연성,기타,8.5,8.5,0.0,0.0
충남,논산시,종량제방식 등 혼합배출,건설폐재류,EMPTY,4.8,0.3,2.4,2.1
충남,논산시,종량제방식 등 혼합배출,기타(배출불명등),EMPTY,0.0,0.0,0.0,0.0
충남,논산시,"재활용 가능자원 분리배출",폐지류,종이팩,0.1,0.0,0.0,0.1
충남,논산시,"재활용 가능자원 분리배출",폐지류,기타,5.7,0.0,0.0,5.7
충남,논산시,"재활용 가능자원 분리배출",고철류,EMPTY,0.4,0.0,0.0,0.4
충남,논산시,"재활용 가능자원 분리배출",금속캔,EMPTY,0.2,0.0,0.0,0.2
충남,논산시,"재활용 가능자원 분리배출",폐합성수지류,비닐류,0.1,0.0,0.0,0.1
충남,논산시,"재활용 가능자원 분리배출",폐합성수지류,발포수지류,0.2,0.0,0.0,0.2
충남,논산시,"재활용 가능자원 분리배출",폐합성수지류,PET병,1.7,0.0,0.0,1.7
충남,논산시,"재활용 가능자원 분리배출",폐합성수지류,기타,0.3,0.0,0.0,0.3
충남,논산시,"재활용 가능자원 분리배출",폐고무류,EMPTY,0.0,0.0,0.0,0.0
충남,논산시,"재활용 가능자원 분리배출",폐유리병류,EMPTY,1.1,0.0,0.0,1.1
충남,논산시,"재활용 가능자원 분리배출",폐의류,EMPTY,0.9,0.0,0.0,0.9
충남,논산시,"재활용 가능자원 분리배출",폐섬유류,EMPTY,0.0,0.0,0.0,0.0
충남,논산시,"재활용 가능자원 분리배출",폐형광등,EMPTY,0.0,0.0,0.0,0.0
충남,논산시,"재활용 가능자원 분리배출",폐전지류,EMPTY,0.0,0.0,0.0,0.0
충남,논산시,"재활용 가능자원 분리배출",영농폐기물,농약용기류,0.1,0.0,0.0,0.1
충남,논산시,"재활용 가능자원 분리배출",영농폐기물,폐비닐,10.1,0.0,0.0,10.1
충남,논산시,"재활용 가능자원 분리배출",폐식용유,EMPTY,0.0,0.0,0.0,0.0
충남,논산시,"재활용 가능자원 분리배출",폐전기전자제품,EMPTY,0.2,0.0,0.0,0.2
충남,논산시,"재활용 가능자원 분리배출",폐가구류,EMPTY,4.4,0.0,0.0,4.4
충남,논산시,"재활용 가능자원 분리배출",기타,EMPTY,0.0,0.0,0.0,0.0
충남,논산시,"재활용 가능자원 분리배출",재활용 잔재물,EMPTY,2.9,2.9,0.0,0.0
충남,논산시,음식물류 폐기물 분리배출,EMPTY,EMPTY,13.7,0.0,0.0,13.7
충남,계룡시,종량제방식 등 혼합배출,가연성,폐지류,5.1,0.0,5.1,0.0
충남,계룡시,종량제방식 등 혼합배출,가연성,폐합성수지류,1.4,0.0,1.4,0.0
충남,계룡시,종량제방식 등 혼합배출,가연성,폐고무류,0.2,0.0,0.2,0.0
충남,계룡시,종량제방식 등 혼합배출,가연성,폐섬유류,0.6,0.0,0.6,0.0
충남,계룡시,종량제방식 등 혼합배출,가연성,음식물류 폐기물,1.6,0.0,1.6,0.0
충남,계룡시,종량제방식 등 혼합배출,가연성,폐목재류,2.7,0.0,2.7,0.0
충남,계룡시,종량제방식 등 혼합배출,가연성,기타,4.1,0.0,4.1,0.0
충남,계룡시,종량제방식 등 혼합배출,불연성,폐금속류,0.0,0.0,0.0,0.0
충남,계룡시,종량제방식 등 혼합배출,불연성,폐유리류,0.0,0.0,0.0,0.0
충남,계룡시,종량제방식 등 혼합배출,불연성,폐토사류,0.0,0.0,0.0,0.0
충남,계룡시,종량제방식 등 혼합배출,불연성,폐타일 및 도자기류,0.0,0.0,0.0,0.0
충남,계룡시,종량제방식 등 혼합배출,불연성,연탄재,0.0,0.0,0.0,0.0
충남,계룡시,종량제방식 등 혼합배출,불연성,기타,0.0,0.0,0.0,0.0
충남,계룡시,종량제방식 등 혼합배출,건설폐재류,EMPTY,0.0,0.0,0.0,0.0
충남,계룡시,종량제방식 등 혼합배출,기타(배출불명등),EMPTY,0.0,0.0,0.0,0.0
충남,계룡시,"재활용 가능자원 분리배출",폐지류,종이팩,0.0,0.0,0.0,0.0
충남,계룡시,"재활용 가능자원 분리배출",폐지류,기타,3.3,0.0,0.0,3.3
충남,계룡시,"재활용 가능자원 분리배출",고철류,EMPTY,0.2,0.0,0.0,0.2
충남,계룡시,"재활용 가능자원 분리배출",금속캔,EMPTY,0.2,0.0,0.0,0.2
충남,계룡시,"재활용 가능자원 분리배출",폐합성수지류,비닐류,0.5,0.0,0.0,0.5
충남,계룡시,"재활용 가능자원 분리배출",폐합성수지류,발포수지류,0.2,0.0,0.0,0.2
충남,계룡시,"재활용 가능자원 분리배출",폐합성수지류,PET병,1.3,0.0,0.0,1.3
충남,계룡시,"재활용 가능자원 분리배출",폐합성수지류,기타,0.0,0.0,0.0,0.0
충남,계룡시,"재활용 가능자원 분리배출",폐고무류,EMPTY,0.0,0.0,0.0,0.0
충남,계룡시,"재활용 가능자원 분리배출",폐유리병류,EMPTY,0.6,0.0,0.0,0.6
충남,계룡시,"재활용 가능자원 분리배출",폐의류,EMPTY,0.3,0.0,0.0,0.3
충남,계룡시,"재활용 가능자원 분리배출",폐섬유류,EMPTY,0.0,0.0,0.0,0.0
충남,계룡시,"재활용 가능자원 분리배출",폐형광등,EMPTY,0.0,0.0,0.0,0.0
충남,계룡시,"재활용 가능자원 분리배출",폐전지류,EMPTY,0.0,0.0,0.0,0.0
충남,계룡시,"재활용 가능자원 분리배출",영농폐기물,농약용기류,0.0,0.0,0.0,0.0
충남,계룡시,"재활용 가능자원 분리배출",영농폐기물,폐비닐,0.0,0.0,0.0,0.0
충남,계룡시,"재활용 가능자원 분리배출",폐식용유,EMPTY,0.0,0.0,0.0,0.0
충남,계룡시,"재활용 가능자원 분리배출",폐전기전자제품,EMPTY,0.7,0.0,0.0,0.7
충남,계룡시,"재활용 가능자원 분리배출",폐가구류,EMPTY,0.0,0.0,0.0,0.0
충남,계룡시,"재활용 가능자원 분리배출",기타,EMPTY,0.0,0.0,0.0,0.0
충남,계룡시,"재활용 가능자원 분리배출",재활용 잔재물,EMPTY,0.0,0.0,0.0,0.0
충남,계룡시,음식물류 폐기물 분리배출,EMPTY,EMPTY,12.8,0.0,0.0,12.8
충남,당진시,종량제방식 등 혼합배출,가연성,폐지류,25.4,0.0,25.4,0.0
충남,당진시,종량제방식 등 혼합배출,가연성,폐합성수지류,20.1,0.0,20.1,0.0
충남,당진시,종량제방식 등 혼합배출,가연성,폐고무류,4.3,0.0,4.3,0.0
충남,당진시,종량제방식 등 혼합배출,가연성,폐섬유류,0.0,0.0,0.0,0.0
충남,당진시,종량제방식 등 혼합배출,가연성,음식물류 폐기물,4.3,0.0,4.3,0.0
충남,당진시,종량제방식 등 혼합배출,가연성,폐목재류,1.5,0.0,1.5,0.0
충남,당진시,종량제방식 등 혼합배출,가연성,기타,23.1,0.0,23.1,0.0
충남,당진시,종량제방식 등 혼합배출,불연성,폐금속류,1.6,0.0,1.6,0.0
충남,당진시,종량제방식 등 혼합배출,불연성,폐유리류,2.8,0.0,2.8,0.0
충남,당진시,종량제방식 등 혼합배출,불연성,폐토사류,0.3,0.0,0.3,0.0
충남,당진시,종량제방식 등 혼합배출,불연성,폐타일 및 도자기류,0.0,0.0,0.0,0.0
충남,당진시,종량제방식 등 혼합배출,불연성,연탄재,0.0,0.0,0.0,0.0
충남,당진시,종량제방식 등 혼합배출,불연성,기타,0.8,0.0,0.8,0.0
충남,당진시,종량제방식 등 혼합배출,건설폐재류,EMPTY,0.2,0.0,0.2,0.0
충남,당진시,종량제방식 등 혼합배출,기타(배출불명등),EMPTY,0.4,0.0,0.4,0.0
충남,당진시,"재활용 가능자원 분리배출",폐지류,종이팩,0.0,0.0,0.0,0.0
충남,당진시,"재활용 가능자원 분리배출",폐지류,기타,0.5,0.0,0.0,0.5
충남,당진시,"재활용 가능자원 분리배출",고철류,EMPTY,0.3,0.0,0.0,0.3
충남,당진시,"재활용 가능자원 분리배출",금속캔,EMPTY,0.0,0.0,0.0,0.0
충남,당진시,"재활용 가능자원 분리배출",폐합성수지류,비닐류,0.0,0.0,0.0,0.0
충남,당진시,"재활용 가능자원 분리배출",폐합성수지류,발포수지류,0.1,0.0,0.0,0.1
충남,당진시,"재활용 가능자원 분리배출",폐합성수지류,PET병,0.5,0.0,0.0,0.5
충남,당진시,"재활용 가능자원 분리배출",폐합성수지류,기타,0.4,0.0,0.0,0.4
충남,당진시,"재활용 가능자원 분리배출",폐고무류,EMPTY,0.0,0.0,0.0,0.0
충남,당진시,"재활용 가능자원 분리배출",폐유리병류,EMPTY,1.1,0.0,0.0,1.1
충남,당진시,"재활용 가능자원 분리배출",폐의류,EMPTY,0.0,0.0,0.0,0.0
충남,당진시,"재활용 가능자원 분리배출",폐섬유류,EMPTY,0.0,0.0,0.0,0.0
충남,당진시,"재활용 가능자원 분리배출",폐형광등,EMPTY,0.1,0.0,0.0,0.1
충남,당진시,"재활용 가능자원 분리배출",폐전지류,EMPTY,0.0,0.0,0.0,0.0
충남,당진시,"재활용 가능자원 분리배출",영농폐기물,농약용기류,0.1,0.0,0.0,0.1
충남,당진시,"재활용 가능자원 분리배출",영농폐기물,폐비닐,6.9,0.0,0.0,6.9
충남,당진시,"재활용 가능자원 분리배출",폐식용유,EMPTY,0.0,0.0,0.0,0.0
충남,당진시,"재활용 가능자원 분리배출",폐전기전자제품,EMPTY,0.0,0.0,0.0,0.0
충남,당진시,"재활용 가능자원 분리배출",폐가구류,EMPTY,1.5,0.0,0.0,1.5
충남,당진시,"재활용 가능자원 분리배출",기타,EMPTY,0.0,0.0,0.0,0.0
충남,당진시,"재활용 가능자원 분리배출",재활용 잔재물,EMPTY,3.6,0.0,3.6,0.0
충남,당진시,음식물류 폐기물 분리배출,EMPTY,EMPTY,42.4,0.0,4.3,38.1
충남,금산군,종량제방식 등 혼합배출,가연성,폐지류,8.1,0.0,8.1,0.0
충남,금산군,종량제방식 등 혼합배출,가연성,폐합성수지류,6.3,0.0,6.3,0.0
충남,금산군,종량제방식 등 혼합배출,가연성,폐고무류,0.2,0.0,0.2,0.0
충남,금산군,종량제방식 등 혼합배출,가연성,폐섬유류,1.0,0.0,1.0,0.0
충남,금산군,종량제방식 등 혼합배출,가연성,음식물류 폐기물,5.2,0.0,5.2,0.0
충남,금산군,종량제방식 등 혼합배출,가연성,폐목재류,0.3,0.0,0.3,0.0
충남,금산군,종량제방식 등 혼합배출,가연성,기타,1.8,0.0,1.8,0.0
충남,금산군,종량제방식 등 혼합배출,불연성,폐금속류,0.5,0.0,0.5,0.0
충남,금산군,종량제방식 등 혼합배출,불연성,폐유리류,0.8,0.0,0.8,0.0
충남,금산군,종량제방식 등 혼합배출,불연성,폐토사류,0.0,0.0,0.0,0.0
충남,금산군,종량제방식 등 혼합배출,불연성,폐타일 및 도자기류,0.0,0.0,0.0,0.0
충남,금산군,종량제방식 등 혼합배출,불연성,연탄재,0.0,0.0,0.0,0.0
충남,금산군,종량제방식 등 혼합배출,불연성,기타,0.0,0.0,0.0,0.0
충남,금산군,종량제방식 등 혼합배출,건설폐재류,EMPTY,0.0,0.0,0.0,0.0
충남,금산군,종량제방식 등 혼합배출,기타(배출불명등),EMPTY,0.0,0.0,0.0,0.0
충남,금산군,"재활용 가능자원 분리배출",폐지류,종이팩,0.0,0.0,0.0,0.0
충남,금산군,"재활용 가능자원 분리배출",폐지류,기타,0.2,0.0,0.0,0.2
충남,금산군,"재활용 가능자원 분리배출",고철류,EMPTY,0.1,0.0,0.0,0.1
충남,금산군,"재활용 가능자원 분리배출",금속캔,EMPTY,0.2,0.0,0.0,0.2
충남,금산군,"재활용 가능자원 분리배출",폐합성수지류,비닐류,0.0,0.0,0.0,0.0
충남,금산군,"재활용 가능자원 분리배출",폐합성수지류,발포수지류,0.0,0.0,0.0,0.0
충남,금산군,"재활용 가능자원 분리배출",폐합성수지류,PET병,0.2,0.0,0.0,0.2
충남,금산군,"재활용 가능자원 분리배출",폐합성수지류,기타,0.1,0.0,0.0,0.1
충남,금산군,"재활용 가능자원 분리배출",폐고무류,EMPTY,0.0,0.0,0.0,0.0
충남,금산군,"재활용 가능자원 분리배출",폐유리병류,EMPTY,0.2,0.0,0.0,0.2
충남,금산군,"재활용 가능자원 분리배출",폐의류,EMPTY,0.0,0.0,0.0,0.0
충남,금산군,"재활용 가능자원 분리배출",폐섬유류,EMPTY,0.0,0.0,0.0,0.0
충남,금산군,"재활용 가능자원 분리배출",폐형광등,EMPTY,0.0,0.0,0.0,0.0
충남,금산군,"재활용 가능자원 분리배출",폐전지류,EMPTY,0.0,0.0,0.0,0.0
충남,금산군,"재활용 가능자원 분리배출",영농폐기물,농약용기류,0.0,0.0,0.0,0.0
충남,금산군,"재활용 가능자원 분리배출",영농폐기물,폐비닐,0.0,0.0,0.0,0.0
충남,금산군,"재활용 가능자원 분리배출",폐식용유,EMPTY,0.0,0.0,0.0,0.0
충남,금산군,"재활용 가능자원 분리배출",폐전기전자제품,EMPTY,0.0,0.0,0.0,0.0
충남,금산군,"재활용 가능자원 분리배출",폐가구류,EMPTY,0.0,0.0,0.0,0.0
충남,금산군,"재활용 가능자원 분리배출",기타,EMPTY,0.7,0.0,0.0,0.7
충남,금산군,"재활용 가능자원 분리배출",재활용 잔재물,EMPTY,1.3,0.0,0.0,1.3
충남,금산군,음식물류 폐기물 분리배출,EMPTY,EMPTY,10.4,0.0,0.0,10.4
충남,부여군,종량제방식 등 혼합배출,가연성,폐지류,9.0,9.0,0.0,0.0
충남,부여군,종량제방식 등 혼합배출,가연성,폐합성수지류,6.3,6.3,0.0,0.0
충남,부여군,종량제방식 등 혼합배출,가연성,폐고무류,0.3,0.3,0.0,0.0
충남,부여군,종량제방식 등 혼합배출,가연성,폐섬유류,0.4,0.4,0.0,0.0
충남,부여군,종량제방식 등 혼합배출,가연성,음식물류 폐기물,6.3,6.3,0.0,0.0
충남,부여군,종량제방식 등 혼합배출,가연성,폐목재류,0.2,0.2,0.0,0.0
충남,부여군,종량제방식 등 혼합배출,가연성,기타,0.2,0.2,0.0,0.0
충남,부여군,종량제방식 등 혼합배출,불연성,폐금속류,0.3,0.3,0.0,0.0
충남,부여군,종량제방식 등 혼합배출,불연성,폐유리류,0.5,0.5,0.0,0.0
충남,부여군,종량제방식 등 혼합배출,불연성,폐토사류,0.2,0.2,0.0,0.0
충남,부여군,종량제방식 등 혼합배출,불연성,폐타일 및 도자기류,0.0,0.0,0.0,0.0
충남,부여군,종량제방식 등 혼합배출,불연성,연탄재,0.0,0.0,0.0,0.0
충남,부여군,종량제방식 등 혼합배출,불연성,기타,0.2,0.2,0.0,0.0
충남,부여군,종량제방식 등 혼합배출,건설폐재류,EMPTY,0.0,0.0,0.0,0.0
충남,부여군,종량제방식 등 혼합배출,기타(배출불명등),EMPTY,0.0,0.0,0.0,0.0
충남,부여군,"재활용 가능자원 분리배출",폐지류,종이팩,0.0,0.0,0.0,0.0
충남,부여군,"재활용 가능자원 분리배출",폐지류,기타,1.3,0.0,0.0,1.3
충남,부여군,"재활용 가능자원 분리배출",고철류,EMPTY,0.1,0.0,0.0,0.1
충남,부여군,"재활용 가능자원 분리배출",금속캔,EMPTY,0.1,0.0,0.0,0.1
충남,부여군,"재활용 가능자원 분리배출",폐합성수지류,비닐류,0.6,0.0,0.0,0.6
충남,부여군,"재활용 가능자원 분리배출",폐합성수지류,발포수지류,0.0,0.0,0.0,0.0
충남,부여군,"재활용 가능자원 분리배출",폐합성수지류,PET병,0.3,0.0,0.0,0.3
충남,부여군,"재활용 가능자원 분리배출",폐합성수지류,기타,0.3,0.0,0.0,0.3
충남,부여군,"재활용 가능자원 분리배출",폐고무류,EMPTY,0.1,0.0,0.0,0.1
충남,부여군,"재활용 가능자원 분리배출",폐유리병류,EMPTY,0.9,0.0,0.0,0.9
충남,부여군,"재활용 가능자원 분리배출",폐의류,EMPTY,0.0,0.0,0.0,0.0
충남,부여군,"재활용 가능자원 분리배출",폐섬유류,EMPTY,0.0,0.0,0.0,0.0
충남,부여군,"재활용 가능자원 분리배출",폐형광등,EMPTY,0.0,0.0,0.0,0.0
충남,부여군,"재활용 가능자원 분리배출",폐전지류,EMPTY,0.0,0.0,0.0,0.0
충남,부여군,"재활용 가능자원 분리배출",영농폐기물,농약용기류,0.0,0.0,0.0,0.0
충남,부여군,"재활용 가능자원 분리배출",영농폐기물,폐비닐,4.2,0.0,0.0,4.2
충남,부여군,"재활용 가능자원 분리배출",폐식용유,EMPTY,0.0,0.0,0.0,0.0
충남,부여군,"재활용 가능자원 분리배출",폐전기전자제품,EMPTY,0.2,0.0,0.0,0.2
충남,부여군,"재활용 가능자원 분리배출",폐가구류,EMPTY,0.3,0.0,0.0,0.3
충남,부여군,"재활용 가능자원 분리배출",기타,EMPTY,0.3,0.0,0.0,0.3
충남,부여군,"재활용 가능자원 분리배출",재활용 잔재물,EMPTY,14.2,0.0,14.2,0.0
충남,부여군,음식물류 폐기물 분리배출,EMPTY,EMPTY,0.1,0.0,0.0,0.1
충남,서천군,종량제방식 등 혼합배출,가연성,폐지류,2.0,0.0,2.0,0.0
충남,서천군,종량제방식 등 혼합배출,가연성,폐합성수지류,3.9,0.0,3.5,0.4
충남,서천군,종량제방식 등 혼합배출,가연성,폐고무류,4.0,0.0,4.0,0.0
충남,서천군,종량제방식 등 혼합배출,가연성,폐섬유류,0.0,0.0,0.0,0.0
충남,서천군,종량제방식 등 혼합배출,가연성,음식물류 폐기물,8.2,0.0,8.2,0.0
충남,서천군,종량제방식 등 혼합배출,가연성,폐목재류,1.4,0.0,1.0,0.4
충남,서천군,종량제방식 등 혼합배출,가연성,기타,5.8,0.0,5.8,0.0
충남,서천군,종량제방식 등 혼합배출,불연성,폐금속류,1.6,0.0,1.3,0.3
충남,서천군,종량제방식 등 혼합배출,불연성,폐유리류,1.7,0.0,1.1,0.6
충남,서천군,종량제방식 등 혼합배출,불연성,폐토사류,3.5,2.5,1.0,0.0
충남,서천군,종량제방식 등 혼합배출,불연성,폐타일 및 도자기류,0.5,0.5,0.0,0.0
충남,서천군,종량제방식 등 혼합배출,불연성,연탄재,1.5,1.5,0.0,0.0
충남,서천군,종량제방식 등 혼합배출,불연성,기타,1.2,0.1,0.6,0.5
충남,서천군,종량제방식 등 혼합배출,건설폐재류,EMPTY,1.4,0.0,1.4,0.0
충남,서천군,종량제방식 등 혼합배출,기타(배출불명등),EMPTY,0.0,0.0,0.0,0.0
충남,서천군,"재활용 가능자원 분리배출",폐지류,종이팩,1.4,0.0,0.0,1.4
충남,서천군,"재활용 가능자원 분리배출",폐지류,기타,0.0,0.0,0.0,0.0
충남,서천군,"재활용 가능자원 분리배출",고철류,EMPTY,1.6,0.0,0.0,1.6
충남,서천군,"재활용 가능자원 분리배출",금속캔,EMPTY,1.1,0.0,0.0,1.1
충남,서천군,"재활용 가능자원 분리배출",폐합성수지류,비닐류,0.2,0.0,0.0,0.2
충남,서천군,"재활용 가능자원 분리배출",폐합성수지류,발포수지류,0.2,0.0,0.0,0.2
충남,서천군,"재활용 가능자원 분리배출",폐합성수지류,PET병,0.2,0.0,0.0,0.2
충남,서천군,"재활용 가능자원 분리배출",폐합성수지류,기타,0.0,0.0,0.0,0.0
충남,서천군,"재활용 가능자원 분리배출",폐고무류,EMPTY,0.1,0.0,0.0,0.1
충남,서천군,"재활용 가능자원 분리배출",폐유리병류,EMPTY,0.2,0.0,0.0,0.2
충남,서천군,"재활용 가능자원 분리배출",폐의류,EMPTY,0.2,0.0,0.0,0.2
충남,서천군,"재활용 가능자원 분리배출",폐섬유류,EMPTY,0.2,0.0,0.0,0.2
충남,서천군,"재활용 가능자원 분리배출",폐형광등,EMPTY,0.2,0.0,0.0,0.2
충남,서천군,"재활용 가능자원 분리배출",폐전지류,EMPTY,0.2,0.0,0.0,0.2
충남,서천군,"재활용 가능자원 분리배출",영농폐기물,농약용기류,0.2,0.0,0.0,0.2
충남,서천군,"재활용 가능자원 분리배출",영농폐기물,폐비닐,0.2,0.0,0.0,0.2
충남,서천군,"재활용 가능자원 분리배출",폐식용유,EMPTY,0.1,0.0,0.0,0.1
충남,서천군,"재활용 가능자원 분리배출",폐전기전자제품,EMPTY,0.2,0.0,0.0,0.2
충남,서천군,"재활용 가능자원 분리배출",폐가구류,EMPTY,0.2,0.0,0.0,0.2
충남,서천군,"재활용 가능자원 분리배출",기타,EMPTY,0.1,0.0,0.0,0.1
충남,서천군,"재활용 가능자원 분리배출",재활용 잔재물,EMPTY,0.1,0.0,0.0,0.1
충남,서천군,음식물류 폐기물 분리배출,EMPTY,EMPTY,12.2,0.0,9.4,2.8
충남,청양군,종량제방식 등 혼합배출,가연성,폐지류,5.1,0.0,5.1,0.0
충남,청양군,종량제방식 등 혼합배출,가연성,폐합성수지류,2.9,0.0,2.9,0.0
충남,청양군,종량제방식 등 혼합배출,가연성,폐고무류,0.2,0.0,0.2,0.0
충남,청양군,종량제방식 등 혼합배출,가연성,폐섬유류,0.7,0.0,0.7,0.0
충남,청양군,종량제방식 등 혼합배출,가연성,음식물류 폐기물,0.0,0.0,0.0,0.0
충남,청양군,종량제방식 등 혼합배출,가연성,폐목재류,0.5,0.0,0.5,0.0
충남,청양군,종량제방식 등 혼합배출,가연성,기타,0.0,0.0,0.0,0.0
충남,청양군,종량제방식 등 혼합배출,불연성,폐금속류,0.0,0.0,0.0,0.0
충남,청양군,종량제방식 등 혼합배출,불연성,폐유리류,0.0,0.0,0.0,0.0
충남,청양군,종량제방식 등 혼합배출,불연성,폐토사류,0.0,0.0,0.0,0.0
충남,청양군,종량제방식 등 혼합배출,불연성,폐타일 및 도자기류,0.0,0.0,0.0,0.0
충남,청양군,종량제방식 등 혼합배출,불연성,연탄재,0.0,0.0,0.0,0.0
충남,청양군,종량제방식 등 혼합배출,불연성,기타,0.0,0.0,0.0,0.0
충남,청양군,종량제방식 등 혼합배출,건설폐재류,EMPTY,0.0,0.0,0.0,0.0
충남,청양군,종량제방식 등 혼합배출,기타(배출불명등),EMPTY,0.0,0.0,0.0,0.0
충남,청양군,"재활용 가능자원 분리배출",폐지류,종이팩,0.0,0.0,0.0,0.0
충남,청양군,"재활용 가능자원 분리배출",폐지류,기타,8.9,0.0,0.0,8.9
충남,청양군,"재활용 가능자원 분리배출",고철류,EMPTY,0.2,0.0,0.0,0.2
충남,청양군,"재활용 가능자원 분리배출",금속캔,EMPTY,0.1,0.0,0.0,0.1
충남,청양군,"재활용 가능자원 분리배출",폐합성수지류,비닐류,0.0,0.0,0.0,0.0
충남,청양군,"재활용 가능자원 분리배출",폐합성수지류,발포수지류,0.0,0.0,0.0,0.0
충남,청양군,"재활용 가능자원 분리배출",폐합성수지류,PET병,0.4,0.0,0.0,0.4
충남,청양군,"재활용 가능자원 분리배출",폐합성수지류,기타,0.2,0.0,0.0,0.2
충남,청양군,"재활용 가능자원 분리배출",폐고무류,EMPTY,0.0,0.0,0.0,0.0
충남,청양군,"재활용 가능자원 분리배출",폐유리병류,EMPTY,1.1,0.0,0.0,1.1
충남,청양군,"재활용 가능자원 분리배출",폐의류,EMPTY,0.0,0.0,0.0,0.0
충남,청양군,"재활용 가능자원 분리배출",폐섬유류,EMPTY,0.0,0.0,0.0,0.0
충남,청양군,"재활용 가능자원 분리배출",폐형광등,EMPTY,0.0,0.0,0.0,0.0
충남,청양군,"재활용 가능자원 분리배출",폐전지류,EMPTY,0.0,0.0,0.0,0.0
충남,청양군,"재활용 가능자원 분리배출",영농폐기물,농약용기류,0.0,0.0,0.0,0.0
충남,청양군,"재활용 가능자원 분리배출",영농폐기물,폐비닐,0.4,0.0,0.0,0.4
충남,청양군,"재활용 가능자원 분리배출",폐식용유,EMPTY,0.0,0.0,0.0,0.0
충남,청양군,"재활용 가능자원 분리배출",폐전기전자제품,EMPTY,0.0,0.0,0.0,0.0
충남,청양군,"재활용 가능자원 분리배출",폐가구류,EMPTY,0.0,0.0,0.0,0.0
충남,청양군,"재활용 가능자원 분리배출",기타,EMPTY,0.0,0.0,0.0,0.0
충남,청양군,"재활용 가능자원 분리배출",재활용 잔재물,EMPTY,0.5,0.5,0.0,0.0
충남,청양군,음식물류 폐기물 분리배출,EMPTY,EMPTY,11.5,0.0,0.0,7.6
충남,홍성군,종량제방식 등 혼합배출,가연성,폐지류,13.5,0.0,13.5,0.0
충남,홍성군,종량제방식 등 혼합배출,가연성,폐합성수지류,11.2,0.0,11.2,0.0
충남,홍성군,종량제방식 등 혼합배출,가연성,폐고무류,0.4,0.0,0.4,0.0
충남,홍성군,종량제방식 등 혼합배출,가연성,폐섬유류,0.4,0.0,0.4,0.0
충남,홍성군,종량제방식 등 혼합배출,가연성,음식물류 폐기물,3.0,0.0,3.0,0.0
충남,홍성군,종량제방식 등 혼합배출,가연성,폐목재류,1.2,0.0,1.2,0.0
충남,홍성군,종량제방식 등 혼합배출,가연성,기타,12.4,0.3,12.1,0.0
충남,홍성군,종량제방식 등 혼합배출,불연성,폐금속류,0.0,0.0,0.0,0.0
충남,홍성군,종량제방식 등 혼합배출,불연성,폐유리류,0.0,0.0,0.0,0.0
충남,홍성군,종량제방식 등 혼합배출,불연성,폐토사류,0.0,0.0,0.0,0.0
충남,홍성군,종량제방식 등 혼합배출,불연성,폐타일 및 도자기류,0.0,0.0,0.0,0.0
충남,홍성군,종량제방식 등 혼합배출,불연성,연탄재,0.0,0.0,0.0,0.0
충남,홍성군,종량제방식 등 혼합배출,불연성,기타,0.0,0.0,0.0,0.0
충남,홍성군,종량제방식 등 혼합배출,건설폐재류,EMPTY,0.0,0.0,0.0,0.0
충남,홍성군,종량제방식 등 혼합배출,기타(배출불명등),EMPTY,0.0,0.0,0.0,0.0
충남,홍성군,"재활용 가능자원 분리배출",폐지류,종이팩,0.1,0.0,0.0,0.1
충남,홍성군,"재활용 가능자원 분리배출",폐지류,기타,3.6,0.0,0.0,3.6
충남,홍성군,"재활용 가능자원 분리배출",고철류,EMPTY,0.6,0.0,0.0,0.6
충남,홍성군,"재활용 가능자원 분리배출",금속캔,EMPTY,0.3,0.0,0.0,0.3
충남,홍성군,"재활용 가능자원 분리배출",폐합성수지류,비닐류,0.0,0.0,0.0,0.0
충남,홍성군,"재활용 가능자원 분리배출",폐합성수지류,발포수지류,0.3,0.0,0.0,0.3
충남,홍성군,"재활용 가능자원 분리배출",폐합성수지류,PET병,0.4,0.0,0.0,0.4
충남,홍성군,"재활용 가능자원 분리배출",폐합성수지류,기타,0.6,0.0,0.0,0.6
충남,홍성군,"재활용 가능자원 분리배출",폐고무류,EMPTY,0.0,0.0,0.0,0.0
충남,홍성군,"재활용 가능자원 분리배출",폐유리병류,EMPTY,2.1,0.0,0.0,2.1
충남,홍성군,"재활용 가능자원 분리배출",폐의류,EMPTY,0.6,0.0,0.0,0.6
충남,홍성군,"재활용 가능자원 분리배출",폐섬유류,EMPTY,0.0,0.0,0.0,0.0
충남,홍성군,"재활용 가능자원 분리배출",폐형광등,EMPTY,0.0,0.0,0.0,0.0
충남,홍성군,"재활용 가능자원 분리배출",폐전지류,EMPTY,0.0,0.0,0.0,0.0
충남,홍성군,"재활용 가능자원 분리배출",영농폐기물,농약용기류,0.1,0.0,0.0,0.1
충남,홍성군,"재활용 가능자원 분리배출",영농폐기물,폐비닐,3.6,0.0,0.0,3.6
충남,홍성군,"재활용 가능자원 분리배출",폐식용유,EMPTY,0.0,0.0,0.0,0.0
충남,홍성군,"재활용 가능자원 분리배출",폐전기전자제품,EMPTY,0.4,0.0,0.0,0.4
충남,홍성군,"재활용 가능자원 분리배출",폐가구류,EMPTY,0.0,0.0,0.0,0.0
충남,홍성군,"재활용 가능자원 분리배출",기타,EMPTY,0.0,0.0,0.0,0.0
충남,홍성군,"재활용 가능자원 분리배출",재활용 잔재물,EMPTY,3.3,0.0,3.3,0.0
충남,홍성군,음식물류 폐기물 분리배출,EMPTY,EMPTY,27.4,0.0,0.0,27.4
충남,예산군,종량제방식 등 혼합배출,가연성,폐지류,14.7,0.0,14.7,0.0
충남,예산군,종량제방식 등 혼합배출,가연성,폐합성수지류,8.4,0.0,8.4,0.0
충남,예산군,종량제방식 등 혼합배출,가연성,폐고무류,0.8,0.0,0.8,0.0
충남,예산군,종량제방식 등 혼합배출,가연성,폐섬유류,1.0,0.0,1.0,0.0
충남,예산군,종량제방식 등 혼합배출,가연성,음식물류 폐기물,6.2,0.0,6.2,0.0
충남,예산군,종량제방식 등 혼합배출,가연성,폐목재류,0.3,0.0,0.3,0.0
충남,예산군,종량제방식 등 혼합배출,가연성,기타,2.0,0.0,2.0,0.0
충남,예산군,종량제방식 등 혼합배출,불연성,폐금속류,0.4,0.0,0.0,0.4
충남,예산군,종량제방식 등 혼합배출,불연성,폐유리류,0.4,0.0,0.0,0.4
충남,예산군,종량제방식 등 혼합배출,불연성,폐토사류,0.4,0.0,0.0,0.4
충남,예산군,종량제방식 등 혼합배출,불연성,폐타일 및 도자기류,0.1,0.0,0.0,0.1
충남,예산군,종량제방식 등 혼합배출,불연성,연탄재,0.1,0.0,0.0,0.1
충남,예산군,종량제방식 등 혼합배출,불연성,기타,0.3,0.0,0.0,0.3
충남,예산군,종량제방식 등 혼합배출,건설폐재류,EMPTY,0.1,0.0,0.0,0.1
충남,예산군,종량제방식 등 혼합배출,기타(배출불명등),EMPTY,0.1,0.0,0.0,0.1
충남,예산군,"재활용 가능자원 분리배출",폐지류,종이팩,1.9,0.0,0.0,1.9
충남,예산군,"재활용 가능자원 분리배출",폐지류,기타,0.1,0.0,0.0,0.1
충남,예산군,"재활용 가능자원 분리배출",고철류,EMPTY,1.7,0.0,0.0,1.7
충남,예산군,"재활용 가능자원 분리배출",금속캔,EMPTY,1.0,0.0,0.0,1.0
충남,예산군,"재활용 가능자원 분리배출",폐합성수지류,비닐류,0.1,0.0,0.0,0.1
충남,예산군,"재활용 가능자원 분리배출",폐합성수지류,발포수지류,0.2,0.0,0.0,0.2
충남,예산군,"재활용 가능자원 분리배출",폐합성수지류,PET병,0.8,0.0,0.0,0.8
충남,예산군,"재활용 가능자원 분리배출",폐합성수지류,기타,0.3,0.0,0.0,0.3
충남,예산군,"재활용 가능자원 분리배출",폐고무류,EMPTY,0.2,0.0,0.0,0.2
충남,예산군,"재활용 가능자원 분리배출",폐유리병류,EMPTY,2.5,0.0,0.0,2.5
충남,예산군,"재활용 가능자원 분리배출",폐의류,EMPTY,0.0,0.0,0.0,0.0
충남,예산군,"재활용 가능자원 분리배출",폐섬유류,EMPTY,0.0,0.0,0.0,0.0
충남,예산군,"재활용 가능자원 분리배출",폐형광등,EMPTY,0.0,0.0,0.0,0.0
충남,예산군,"재활용 가능자원 분리배출",폐전지류,EMPTY,0.0,0.0,0.0,0.0
충남,예산군,"재활용 가능자원 분리배출",영농폐기물,농약용기류,0.0,0.0,0.0,0.0
충남,예산군,"재활용 가능자원 분리배출",영농폐기물,폐비닐,4.1,0.0,0.0,4.1
충남,예산군,"재활용 가능자원 분리배출",폐식용유,EMPTY,0.0,0.0,0.0,0.0
충남,예산군,"재활용 가능자원 분리배출",폐전기전자제품,EMPTY,0.5,0.0,0.0,0.5
충남,예산군,"재활용 가능자원 분리배출",폐가구류,EMPTY,0.0,0.0,0.0,0.0
충남,예산군,"재활용 가능자원 분리배출",기타,EMPTY,0.2,0.0,0.0,0.2
충남,예산군,"재활용 가능자원 분리배출",재활용 잔재물,EMPTY,3.1,0.0,0.0,3.1
충남,예산군,음식물류 폐기물 분리배출,EMPTY,EMPTY,18.9,0.0,6.2,12.7
충남,태안군,종량제방식 등 혼합배출,가연성,폐지류,9.3,0.0,9.3,0.0
충남,태안군,종량제방식 등 혼합배출,가연성,폐합성수지류,4.6,0.0,4.6,0.0
충남,태안군,종량제방식 등 혼합배출,가연성,폐고무류,1.9,0.0,1.9,0.0
충남,태안군,종량제방식 등 혼합배출,가연성,폐섬유류,0.3,0.0,0.3,0.0
충남,태안군,종량제방식 등 혼합배출,가연성,음식물류 폐기물,0.0,0.0,0.0,0.0
충남,태안군,종량제방식 등 혼합배출,가연성,폐목재류,0.4,0.0,0.4,0.0
충남,태안군,종량제방식 등 혼합배출,가연성,기타,2.0,0.0,2.0,0.0
충남,태안군,종량제방식 등 혼합배출,불연성,폐금속류,0.0,0.0,0.0,0.0
충남,태안군,종량제방식 등 혼합배출,불연성,폐유리류,0.0,0.0,0.0,0.0
충남,태안군,종량제방식 등 혼합배출,불연성,폐토사류,0.0,0.0,0.0,0.0
충남,태안군,종량제방식 등 혼합배출,불연성,폐타일 및 도자기류,0.0,0.0,0.0,0.0
충남,태안군,종량제방식 등 혼합배출,불연성,연탄재,0.0,0.0,0.0,0.0
충남,태안군,종량제방식 등 혼합배출,불연성,기타,0.0,0.0,0.0,0.0
충남,태안군,종량제방식 등 혼합배출,건설폐재류,EMPTY,0.0,0.0,0.0,0.0
충남,태안군,종량제방식 등 혼합배출,기타(배출불명등),EMPTY,0.0,0.0,0.0,0.0
충남,태안군,"재활용 가능자원 분리배출",폐지류,종이팩,0.0,0.0,0.0,0.0
충남,태안군,"재활용 가능자원 분리배출",폐지류,기타,0.1,0.0,0.0,0.1
충남,태안군,"재활용 가능자원 분리배출",고철류,EMPTY,0.1,0.0,0.0,0.1
충남,태안군,"재활용 가능자원 분리배출",금속캔,EMPTY,0.1,0.0,0.0,0.1
충남,태안군,"재활용 가능자원 분리배출",폐합성수지류,비닐류,0.7,0.0,0.0,0.7
충남,태안군,"재활용 가능자원 분리배출",폐합성수지류,발포수지류,0.2,0.0,0.0,0.2
충남,태안군,"재활용 가능자원 분리배출",폐합성수지류,PET병,0.9,0.0,0.0,0.9
충남,태안군,"재활용 가능자원 분리배출",폐합성수지류,기타,0.0,0.0,0.0,0.0
충남,태안군,"재활용 가능자원 분리배출",폐고무류,EMPTY,0.0,0.0,0.0,0.0
충남,태안군,"재활용 가능자원 분리배출",폐유리병류,EMPTY,1.6,0.0,0.0,1.6
충남,태안군,"재활용 가능자원 분리배출",폐의류,EMPTY,0.0,0.0,0.0,0.0
충남,태안군,"재활용 가능자원 분리배출",폐섬유류,EMPTY,0.0,0.0,0.0,0.0
충남,태안군,"재활용 가능자원 분리배출",폐형광등,EMPTY,0.0,0.0,0.0,0.0
충남,태안군,"재활용 가능자원 분리배출",폐전지류,EMPTY,0.0,0.0,0.0,0.0
충남,태안군,"재활용 가능자원 분리배출",영농폐기물,농약용기류,2.0,0.0,0.0,2.0
충남,태안군,"재활용 가능자원 분리배출",영농폐기물,폐비닐,4.7,0.0,0.0,4.7
충남,태안군,"재활용 가능자원 분리배출",폐식용유,EMPTY,0.0,0.0,0.0,0.0
충남,태안군,"재활용 가능자원 분리배출",폐전기전자제품,EMPTY,0.0,0.0,0.0,0.0
충남,태안군,"재활용 가능자원 분리배출",폐가구류,EMPTY,0.2,0.0,0.0,0.2
충남,태안군,"재활용 가능자원 분리배출",기타,EMPTY,0.0,0.0,0.0,0.0
충남,태안군,"재활용 가능자원 분리배출",재활용 잔재물,EMPTY,1.3,0.0,1.3,0.0
충남,태안군,음식물류 폐기물 분리배출,EMPTY,EMPTY,23.1,0.0,20.6,2.5
전북,전주시,종량제방식 등 혼합배출,가연성,폐지류,69.5,0.0,69.5,0.0
전북,전주시,종량제방식 등 혼합배출,가연성,폐합성수지류,47.5,0.0,47.5,0.0
전북,전주시,종량제방식 등 혼합배출,가연성,폐고무류,8.0,0.0,8.0,0.0
전북,전주시,종량제방식 등 혼합배출,가연성,폐섬유류,28.8,0.0,28.8,0.0
전북,전주시,종량제방식 등 혼합배출,가연성,음식물류 폐기물,0.8,0.0,0.8,0.0
전북,전주시,종량제방식 등 혼합배출,가연성,폐목재류,15.0,0.0,15.0,0.0
전북,전주시,종량제방식 등 혼합배출,가연성,기타,7.2,0.0,7.2,0.0
전북,전주시,종량제방식 등 혼합배출,불연성,폐금속류,23.5,14.1,9.4,0.0
전북,전주시,종량제방식 등 혼합배출,불연성,폐유리류,20.7,14.0,6.7,0.0
전북,전주시,종량제방식 등 혼합배출,불연성,폐토사류,5.2,5.2,0.0,0.0
전북,전주시,종량제방식 등 혼합배출,불연성,폐타일 및 도자기류,4.2,4.2,0.0,0.0
전북,전주시,종량제방식 등 혼합배출,불연성,연탄재,1.9,1.9,0.0,0.0
전북,전주시,종량제방식 등 혼합배출,불연성,기타,6.0,6.0,0.0,0.0
전북,전주시,종량제방식 등 혼합배출,건설폐재류,EMPTY,1.9,1.9,0.0,0.0
전북,전주시,종량제방식 등 혼합배출,기타(배출불명등),EMPTY,0.0,0.0,0.0,0.0
전북,전주시,"재활용 가능자원 분리배출",폐지류,종이팩,4.6,0.0,0.0,4.6
전북,전주시,"재활용 가능자원 분리배출",폐지류,기타,23.0,0.0,0.0,23.0
전북,전주시,"재활용 가능자원 분리배출",고철류,EMPTY,1.9,0.0,0.0,1.9
전북,전주시,"재활용 가능자원 분리배출",금속캔,EMPTY,2.3,0.0,0.0,2.3
전북,전주시,"재활용 가능자원 분리배출",폐합성수지류,비닐류,9.3,0.0,0.0,9.3
전북,전주시,"재활용 가능자원 분리배출",폐합성수지류,발포수지류,2.4,0.0,0.0,2.4
전북,전주시,"재활용 가능자원 분리배출",폐합성수지류,PET병,15.0,0.0,0.0,15.0
전북,전주시,"재활용 가능자원 분리배출",폐합성수지류,기타,4.3,0.0,0.0,4.3
전북,전주시,"재활용 가능자원 분리배출",폐고무류,EMPTY,0.0,0.0,0.0,0.0
전북,전주시,"재활용 가능자원 분리배출",폐유리병류,EMPTY,13.9,0.0,0.0,13.9
전북,전주시,"재활용 가능자원 분리배출",폐의류,EMPTY,1.8,0.0,0.0,1.8
전북,전주시,"재활용 가능자원 분리배출",폐섬유류,EMPTY,0.0,0.0,0.0,0.0
전북,전주시,"재활용 가능자원 분리배출",폐형광등,EMPTY,1.1,0.0,0.0,1.1
전북,전주시,"재활용 가능자원 분리배출",폐전지류,EMPTY,0.3,0.0,0.0,0.3
전북,전주시,"재활용 가능자원 분리배출",영농폐기물,농약용기류,0.1,0.0,0.0,0.1
전북,전주시,"재활용 가능자원 분리배출",영농폐기물,폐비닐,0.2,0.0,0.0,0.2
전북,전주시,"재활용 가능자원 분리배출",폐식용유,EMPTY,0.0,0.0,0.0,0.0
전북,전주시,"재활용 가능자원 분리배출",폐전기전자제품,EMPTY,1.8,0.0,0.0,1.8
전북,전주시,"재활용 가능자원 분리배출",폐가구류,EMPTY,24.3,0.0,0.0,24.3
전북,전주시,"재활용 가능자원 분리배출",기타,EMPTY,0.0,0.0,0.0,0.0
전북,전주시,"재활용 가능자원 분리배출",재활용 잔재물,EMPTY,27.8,1.6,14.5,0.0
전북,전주시,음식물류 폐기물 분리배출,EMPTY,EMPTY,161.6,0.0,0.0,161.6
전북,군산시,종량제방식 등 혼합배출,가연성,폐지류,48.4,37.4,11.0,0.0
전북,군산시,종량제방식 등 혼합배출,가연성,폐합성수지류,37.5,29.0,8.5,0.0
전북,군산시,종량제방식 등 혼합배출,가연성,폐고무류,2.2,1.7,0.5,0.0
전북,군산시,종량제방식 등 혼합배출,가연성,폐섬유류,6.9,5.3,1.6,0.0
전북,군산시,종량제방식 등 혼합배출,가연성,음식물류 폐기물,9.2,7.1,2.1,0.0
전북,군산시,종량제방식 등 혼합배출,가연성,폐목재류,3.6,2.8,0.8,0.0
전북,군산시,종량제방식 등 혼합배출,가연성,기타,46.3,35.8,10.5,0.0
전북,군산시,종량제방식 등 혼합배출,불연성,폐금속류,3.4,2.6,0.8,0.0
전북,군산시,종량제방식 등 혼합배출,불연성,폐유리류,5.4,4.2,1.2,0.0
전북,군산시,종량제방식 등 혼합배출,불연성,폐토사류,0.4,0.3,0.1,0.0
전북,군산시,종량제방식 등 혼합배출,불연성,폐타일 및 도자기류,0.2,0.2,0.0,0.0
전북,군산시,종량제방식 등 혼합배출,불연성,연탄재,1.2,0.9,0.3,0.0
전북,군산시,종량제방식 등 혼합배출,불연성,기타,1.4,1.1,0.3,0.0
전북,군산시,종량제방식 등 혼합배출,건설폐재류,EMPTY,0.0,0.0,0.0,0.0
전북,군산시,종량제방식 등 혼합배출,기타(배출불명등),EMPTY,0.0,0.0,0.0,0.0
전북,군산시,"재활용 가능자원 분리배출",폐지류,종이팩,0.1,0.0,0.0,0.1
전북,군산시,"재활용 가능자원 분리배출",폐지류,기타,2.6,0.0,0.0,2.6
전북,군산시,"재활용 가능자원 분리배출",고철류,EMPTY,40.0,0.0,0.0,40.0
전북,군산시,"재활용 가능자원 분리배출",금속캔,EMPTY,1.3,0.0,0.0,1.3
전북,군산시,"재활용 가능자원 분리배출",폐합성수지류,비닐류,0.0,0.0,0.0,0.0
전북,군산시,"재활용 가능자원 분리배출",폐합성수지류,발포수지류,1.5,0.0,0.0,1.5
전북,군산시,"재활용 가능자원 분리배출",폐합성수지류,PET병,3.9,0.0,0.0,3.9
전북,군산시,"재활용 가능자원 분리배출",폐합성수지류,기타,0.9,0.0,0.0,0.9
전북,군산시,"재활용 가능자원 분리배출",폐고무류,EMPTY,0.0,0.0,0.0,0.0
전북,군산시,"재활용 가능자원 분리배출",폐유리병류,EMPTY,3.5,0.0,0.0,3.5
전북,군산시,"재활용 가능자원 분리배출",폐의류,EMPTY,0.0,0.0,0.0,0.0
전북,군산시,"재활용 가능자원 분리배출",폐섬유류,EMPTY,0.0,0.0,0.0,0.0
전북,군산시,"재활용 가능자원 분리배출",폐형광등,EMPTY,0.1,0.0,0.0,0.1
전북,군산시,"재활용 가능자원 분리배출",폐전지류,EMPTY,0.0,0.0,0.0,0.0
전북,군산시,"재활용 가능자원 분리배출",영농폐기물,농약용기류,0.0,0.0,0.0,0.0
전북,군산시,"재활용 가능자원 분리배출",영농폐기물,폐비닐,0.2,0.0,0.0,0.2
전북,군산시,"재활용 가능자원 분리배출",폐식용유,EMPTY,0.0,0.0,0.0,0.0
전북,군산시,"재활용 가능자원 분리배출",폐전기전자제품,EMPTY,0.7,0.0,0.0,0.7
전북,군산시,"재활용 가능자원 분리배출",폐가구류,EMPTY,0.0,0.0,0.0,0.0
전북,군산시,"재활용 가능자원 분리배출",기타,EMPTY,0.0,0.0,0.0,0.0
전북,군산시,"재활용 가능자원 분리배출",재활용 잔재물,EMPTY,9.5,4.8,0.0,4.7
전북,군산시,음식물류 폐기물 분리배출,EMPTY,EMPTY,97.0,0.0,0.0,97.0
전북,익산시,종량제방식 등 혼합배출,가연성,폐지류,39.7,0.0,39.7,0.0
전북,익산시,종량제방식 등 혼합배출,가연성,폐합성수지류,27.1,0.0,27.1,0.0
전북,익산시,종량제방식 등 혼합배출,가연성,폐고무류,2.0,0.0,2.0,0.0
전북,익산시,종량제방식 등 혼합배출,가연성,폐섬유류,9.6,0.0,9.6,0.0
전북,익산시,종량제방식 등 혼합배출,가연성,음식물류 폐기물,4.6,0.0,4.6,0.0
전북,익산시,종량제방식 등 혼합배출,가연성,폐목재류,5.8,0.0,5.8,0.0
전북,익산시,종량제방식 등 혼합배출,가연성,기타,1.3,0.0,1.3,0.0
전북,익산시,종량제방식 등 혼합배출,불연성,폐금속류,0.0,0.0,0.0,0.0
전북,익산시,종량제방식 등 혼합배출,불연성,폐유리류,2.7,0.0,2.7,0.0
전북,익산시,종량제방식 등 혼합배출,불연성,폐토사류,3.6,0.0,3.6,0.0
전북,익산시,종량제방식 등 혼합배출,불연성,폐타일 및 도자기류,0.0,0.0,0.0,0.0
전북,익산시,종량제방식 등 혼합배출,불연성,연탄재,0.0,0.0,0.0,0.0
전북,익산시,종량제방식 등 혼합배출,불연성,기타,2.3,0.0,2.3,0.0
전북,익산시,종량제방식 등 혼합배출,건설폐재류,EMPTY,0.0,0.0,0.0,0.0
전북,익산시,종량제방식 등 혼합배출,기타(배출불명등),EMPTY,0.0,0.0,0.0,0.0
전북,익산시,"재활용 가능자원 분리배출",폐지류,종이팩,0.1,0.0,0.0,0.1
전북,익산시,"재활용 가능자원 분리배출",폐지류,기타,1.7,0.0,0.0,1.7
전북,익산시,"재활용 가능자원 분리배출",고철류,EMPTY,0.6,0.0,0.0,0.6
전북,익산시,"재활용 가능자원 분리배출",금속캔,EMPTY,0.6,0.0,0.0,0.6
전북,익산시,"재활용 가능자원 분리배출",폐합성수지류,비닐류,5.4,0.0,0.0,5.4
전북,익산시,"재활용 가능자원 분리배출",폐합성수지류,발포수지류,0.3,0.0,0.0,0.3
전북,익산시,"재활용 가능자원 분리배출",폐합성수지류,PET병,2.2,0.0,0.0,2.2
전북,익산시,"재활용 가능자원 분리배출",폐합성수지류,기타,2.7,0.0,0.0,2.7
전북,익산시,"재활용 가능자원 분리배출",폐고무류,EMPTY,0.0,0.0,0.0,0.0
전북,익산시,"재활용 가능자원 분리배출",폐유리병류,EMPTY,3.3,0.0,0.0,3.3
전북,익산시,"재활용 가능자원 분리배출",폐의류,EMPTY,0.0,0.0,0.0,0.0
전북,익산시,"재활용 가능자원 분리배출",폐섬유류,EMPTY,0.0,0.0,0.0,0.0
전북,익산시,"재활용 가능자원 분리배출",폐형광등,EMPTY,0.1,0.0,0.0,0.1
전북,익산시,"재활용 가능자원 분리배출",폐전지류,EMPTY,0.1,0.0,0.0,0.1
전북,익산시,"재활용 가능자원 분리배출",영농폐기물,농약용기류,0.0,0.0,0.0,0.0
전북,익산시,"재활용 가능자원 분리배출",영농폐기물,폐비닐,0.0,0.0,0.0,0.0
전북,익산시,"재활용 가능자원 분리배출",폐식용유,EMPTY,0.0,0.0,0.0,0.0
전북,익산시,"재활용 가능자원 분리배출",폐전기전자제품,EMPTY,1.4,0.0,0.0,1.4
전북,익산시,"재활용 가능자원 분리배출",폐가구류,EMPTY,0.0,0.0,0.0,0.0
전북,익산시,"재활용 가능자원 분리배출",기타,EMPTY,0.0,0.0,0.0,0.0
전북,익산시,"재활용 가능자원 분리배출",재활용 잔재물,EMPTY,13.1,1.4,11.7,0.0
전북,익산시,음식물류 폐기물 분리배출,EMPTY,EMPTY,91.7,0.0,0.0,91.7
전북,정읍시,종량제방식 등 혼합배출,가연성,폐지류,1.1,0.0,0.0,1.1
전북,정읍시,종량제방식 등 혼합배출,가연성,폐합성수지류,1.7,0.0,0.0,1.7
전북,정읍시,종량제방식 등 혼합배출,가연성,폐고무류,0.0,0.0,0.0,0.0
전북,정읍시,종량제방식 등 혼합배출,가연성,폐섬유류,0.0,0.0,0.0,0.0
전북,정읍시,종량제방식 등 혼합배출,가연성,음식물류 폐기물,27.1,0.0,0.0,0.0
전북,정읍시,종량제방식 등 혼합배출,가연성,폐목재류,0.0,0.0,0.0,0.0
전북,정읍시,종량제방식 등 혼합배출,가연성,기타,1.1,0.0,1.1,0.0
전북,정읍시,종량제방식 등 혼합배출,불연성,폐금속류,0.4,0.0,0.0,0.4
전북,정읍시,종량제방식 등 혼합배출,불연성,폐유리류,2.1,0.0,0.0,2.1
전북,정읍시,종량제방식 등 혼합배출,불연성,폐토사류,0.0,0.0,0.0,0.0
전북,정읍시,종량제방식 등 혼합배출,불연성,폐타일 및 도자기류,1.6,1.6,0.0,0.0
전북,정읍시,종량제방식 등 혼합배출,불연성,연탄재,1.6,1.6,0.0,0.0
전북,정읍시,종량제방식 등 혼합배출,불연성,기타,1.8,0.0,0.0,1.8
전북,정읍시,종량제방식 등 혼합배출,건설폐재류,EMPTY,0.0,0.0,0.0,0.0
전북,정읍시,종량제방식 등 혼합배출,기타(배출불명등),EMPTY,15.0,6.8,8.2,0.0
전북,정읍시,"재활용 가능자원 분리배출",폐지류,종이팩,0.0,0.0,0.0,0.0
전북,정읍시,"재활용 가능자원 분리배출",폐지류,기타,1.1,0.0,0.0,1.1
전북,정읍시,"재활용 가능자원 분리배출",고철류,EMPTY,0.4,0.0,0.0,0.4
전북,정읍시,"재활용 가능자원 분리배출",금속캔,EMPTY,0.2,0.0,0.0,0.2
전북,정읍시,"재활용 가능자원 분리배출",폐합성수지류,비닐류,0.0,0.0,0.0,0.0
전북,정읍시,"재활용 가능자원 분리배출",폐합성수지류,발포수지류,0.5,0.0,0.0,0.5
전북,정읍시,"재활용 가능자원 분리배출",폐합성수지류,PET병,0.6,0.0,0.0,0.6
전북,정읍시,"재활용 가능자원 분리배출",폐합성수지류,기타,1.2,0.0,0.0,1.2
전북,정읍시,"재활용 가능자원 분리배출",폐고무류,EMPTY,0.0,0.0,0.0,0.0
전북,정읍시,"재활용 가능자원 분리배출",폐유리병류,EMPTY,2.9,0.0,0.0,2.9
전북,정읍시,"재활용 가능자원 분리배출",폐의류,EMPTY,0.0,0.0,0.0,0.0
전북,정읍시,"재활용 가능자원 분리배출",폐섬유류,EMPTY,0.0,0.0,0.0,0.0
전북,정읍시,"재활용 가능자원 분리배출",폐형광등,EMPTY,0.0,0.0,0.0,0.0
전북,정읍시,"재활용 가능자원 분리배출",폐전지류,EMPTY,0.0,0.0,0.0,0.0
전북,정읍시,"재활용 가능자원 분리배출",영농폐기물,농약용기류,0.2,0.0,0.0,0.2
전북,정읍시,"재활용 가능자원 분리배출",영농폐기물,폐비닐,6.0,0.0,0.0,6.0
전북,정읍시,"재활용 가능자원 분리배출",폐식용유,EMPTY,0.0,0.0,0.0,0.0
전북,정읍시,"재활용 가능자원 분리배출",폐전기전자제품,EMPTY,0.5,0.0,0.0,0.5
전북,정읍시,"재활용 가능자원 분리배출",폐가구류,EMPTY,0.0,0.0,0.0,0.0
전북,정읍시,"재활용 가능자원 분리배출",기타,EMPTY,0.0,0.0,0.0,0.0
전북,정읍시,"재활용 가능자원 분리배출",재활용 잔재물,EMPTY,2.9,0.0,2.9,0.0
전북,정읍시,음식물류 폐기물 분리배출,EMPTY,EMPTY,14.8,0.5,0.0,14.3
전북,남원시,종량제방식 등 혼합배출,가연성,폐지류,14.1,14.1,0.0,0.0
전북,남원시,종량제방식 등 혼합배출,가연성,폐합성수지류,10.9,10.9,0.0,0.0
전북,남원시,종량제방식 등 혼합배출,가연성,폐고무류,0.5,0.5,0.0,0.0
전북,남원시,종량제방식 등 혼합배출,가연성,폐섬유류,2.2,2.2,0.0,0.0
전북,남원시,종량제방식 등 혼합배출,가연성,음식물류 폐기물,2.7,2.7,0.0,0.0
전북,남원시,종량제방식 등 혼합배출,가연성,폐목재류,1.0,1.0,0.0,0.0
전북,남원시,종량제방식 등 혼합배출,가연성,기타,13.5,13.5,0.0,0.0
전북,남원시,종량제방식 등 혼합배출,불연성,폐금속류,1.0,1.0,0.0,0.0
전북,남원시,종량제방식 등 혼합배출,불연성,폐유리류,1.6,1.6,0.0,0.0
전북,남원시,종량제방식 등 혼합배출,불연성,폐토사류,0.1,0.1,0.0,0.0
전북,남원시,종량제방식 등 혼합배출,불연성,폐타일 및 도자기류,0.1,0.1,0.0,0.0
전북,남원시,종량제방식 등 혼합배출,불연성,연탄재,0.3,0.3,0.0,0.0
전북,남원시,종량제방식 등 혼합배출,불연성,기타,0.4,0.4,0.0,0.0
전북,남원시,종량제방식 등 혼합배출,건설폐재류,EMPTY,0.0,0.0,0.0,0.0
전북,남원시,종량제방식 등 혼합배출,기타(배출불명등),EMPTY,0.0,0.0,0.0,0.0
전북,남원시,"재활용 가능자원 분리배출",폐지류,종이팩,0.0,0.0,0.0,0.0
전북,남원시,"재활용 가능자원 분리배출",폐지류,기타,0.1,0.0,0.0,0.1
전북,남원시,"재활용 가능자원 분리배출",고철류,EMPTY,0.1,0.0,0.0,0.1
전북,남원시,"재활용 가능자원 분리배출",금속캔,EMPTY,0.2,0.0,0.0,0.2
전북,남원시,"재활용 가능자원 분리배출",폐합성수지류,비닐류,0.0,0.0,0.0,0.0
전북,남원시,"재활용 가능자원 분리배출",폐합성수지류,발포수지류,0.1,0.0,0.0,0.1
전북,남원시,"재활용 가능자원 분리배출",폐합성수지류,PET병,0.7,0.0,0.0,0.7
전북,남원시,"재활용 가능자원 분리배출",폐합성수지류,기타,0.5,0.0,0.0,0.5
전북,남원시,"재활용 가능자원 분리배출",폐고무류,EMPTY,0.0,0.0,0.0,0.0
전북,남원시,"재활용 가능자원 분리배출",폐유리병류,EMPTY,0.9,0.0,0.0,0.9
전북,남원시,"재활용 가능자원 분리배출",폐의류,EMPTY,0.0,0.0,0.0,0.0
전북,남원시,"재활용 가능자원 분리배출",폐섬유류,EMPTY,0.0,0.0,0.0,0.0
전북,남원시,"재활용 가능자원 분리배출",폐형광등,EMPTY,0.0,0.0,0.0,0.0
전북,남원시,"재활용 가능자원 분리배출",폐전지류,EMPTY,0.0,0.0,0.0,0.0
전북,남원시,"재활용 가능자원 분리배출",영농폐기물,농약용기류,0.0,0.0,0.0,0.0
전북,남원시,"재활용 가능자원 분리배출",영농폐기물,폐비닐,4.0,0.0,0.0,4.0
전북,남원시,"재활용 가능자원 분리배출",폐식용유,EMPTY,0.0,0.0,0.0,0.0
전북,남원시,"재활용 가능자원 분리배출",폐전기전자제품,EMPTY,0.0,0.0,0.0,0.0
전북,남원시,"재활용 가능자원 분리배출",폐가구류,EMPTY,0.0,0.0,0.0,0.0
전북,남원시,"재활용 가능자원 분리배출",기타,EMPTY,0.3,0.0,0.0,0.3
전북,남원시,"재활용 가능자원 분리배출",재활용 잔재물,EMPTY,2.9,0.0,0.0,2.9
전북,남원시,음식물류 폐기물 분리배출,EMPTY,EMPTY,16.9,0.0,0.0,16.9
전북,김제시,종량제방식 등 혼합배출,가연성,폐지류,8.6,0.0,8.6,0.0
전북,김제시,종량제방식 등 혼합배출,가연성,폐합성수지류,18.2,0.0,11.3,6.9
전북,김제시,종량제방식 등 혼합배출,가연성,폐고무류,0.3,0.0,0.3,0.0
전북,김제시,종량제방식 등 혼합배출,가연성,폐섬유류,1.3,0.0,1.3,0.0
전북,김제시,종량제방식 등 혼합배출,가연성,음식물류 폐기물,0.0,0.0,0.0,0.0
전북,김제시,종량제방식 등 혼합배출,가연성,폐목재류,0.6,0.0,0.6,0.0
전북,김제시,종량제방식 등 혼합배출,가연성,기타,8.4,0.0,8.4,0.0
전북,김제시,종량제방식 등 혼합배출,불연성,폐금속류,1.3,1.3,0.0,0.0
전북,김제시,종량제방식 등 혼합배출,불연성,폐유리류,2.2,2.2,0.0,0.0
전북,김제시,종량제방식 등 혼합배출,불연성,폐토사류,0.1,0.1,0.0,0.0
전북,김제시,종량제방식 등 혼합배출,불연성,폐타일 및 도자기류,0.1,0.1,0.0,0.0
전북,김제시,종량제방식 등 혼합배출,불연성,연탄재,0.5,0.5,0.0,0.0
전북,김제시,종량제방식 등 혼합배출,불연성,기타,0.6,0.6,0.0,0.0
전북,김제시,종량제방식 등 혼합배출,건설폐재류,EMPTY,0.0,0.0,0.0,0.0
전북,김제시,종량제방식 등 혼합배출,기타(배출불명등),EMPTY,0.0,0.0,0.0,0.0
전북,김제시,"재활용 가능자원 분리배출",폐지류,종이팩,0.0,0.0,0.0,0.0
전북,김제시,"재활용 가능자원 분리배출",폐지류,기타,0.0,0.0,0.0,0.0
전북,김제시,"재활용 가능자원 분리배출",고철류,EMPTY,0.0,0.0,0.0,0.0
전북,김제시,"재활용 가능자원 분리배출",금속캔,EMPTY,0.0,0.0,0.0,0.0
전북,김제시,"재활용 가능자원 분리배출",폐합성수지류,비닐류,0.0,0.0,0.0,0.0
전북,김제시,"재활용 가능자원 분리배출",폐합성수지류,발포수지류,0.1,0.0,0.0,0.1
전북,김제시,"재활용 가능자원 분리배출",폐합성수지류,PET병,0.1,0.0,0.0,0.1
전북,김제시,"재활용 가능자원 분리배출",폐합성수지류,기타,0.0,0.0,0.0,0.0
전북,김제시,"재활용 가능자원 분리배출",폐고무류,EMPTY,0.0,0.0,0.0,0.0
전북,김제시,"재활용 가능자원 분리배출",폐유리병류,EMPTY,0.0,0.0,0.0,0.0
전북,김제시,"재활용 가능자원 분리배출",폐의류,EMPTY,0.0,0.0,0.0,0.0
전북,김제시,"재활용 가능자원 분리배출",폐섬유류,EMPTY,0.0,0.0,0.0,0.0
전북,김제시,"재활용 가능자원 분리배출",폐형광등,EMPTY,0.0,0.0,0.0,0.0
전북,김제시,"재활용 가능자원 분리배출",폐전지류,EMPTY,0.0,0.0,0.0,0.0
전북,김제시,"재활용 가능자원 분리배출",영농폐기물,농약용기류,0.0,0.0,0.0,0.0
전북,김제시,"재활용 가능자원 분리배출",영농폐기물,폐비닐,0.0,0.0,0.0,0.0
전북,김제시,"재활용 가능자원 분리배출",폐식용유,EMPTY,0.0,0.0,0.0,0.0
전북,김제시,"재활용 가능자원 분리배출",폐전기전자제품,EMPTY,0.0,0.0,0.0,0.0
전북,김제시,"재활용 가능자원 분리배출",폐가구류,EMPTY,1.9,0.0,0.0,1.9
전북,김제시,"재활용 가능자원 분리배출",기타,EMPTY,0.8,0.0,0.0,0.8
전북,김제시,"재활용 가능자원 분리배출",재활용 잔재물,EMPTY,1.2,0.3,0.9,0.0
전북,김제시,음식물류 폐기물 분리배출,EMPTY,EMPTY,25.0,0.0,0.0,25.0
전북,완주군,종량제방식 등 혼합배출,가연성,폐지류,7.3,0.0,7.3,0.0
전북,완주군,종량제방식 등 혼합배출,가연성,폐합성수지류,5.7,0.0,5.7,0.0
전북,완주군,종량제방식 등 혼합배출,가연성,폐고무류,0.3,0.0,0.3,0.0
전북,완주군,종량제방식 등 혼합배출,가연성,폐섬유류,1.0,0.0,1.0,0.0
전북,완주군,종량제방식 등 혼합배출,가연성,음식물류 폐기물,1.4,0.0,1.4,0.0
전북,완주군,종량제방식 등 혼합배출,가연성,폐목재류,0.5,0.0,0.5,0.0
전북,완주군,종량제방식 등 혼합배출,가연성,기타,7.1,0.0,7.1,0.0
전북,완주군,종량제방식 등 혼합배출,불연성,폐금속류,0.5,0.5,0.0,0.0
전북,완주군,종량제방식 등 혼합배출,불연성,폐유리류,0.8,0.8,0.0,0.0
전북,완주군,종량제방식 등 혼합배출,불연성,폐토사류,0.0,0.0,0.0,0.0
전북,완주군,종량제방식 등 혼합배출,불연성,폐타일 및 도자기류,0.0,0.0,0.0,0.0
전북,완주군,종량제방식 등 혼합배출,불연성,연탄재,0.2,0.2,0.0,0.0
전북,완주군,종량제방식 등 혼합배출,불연성,기타,0.2,0.2,0.0,0.0
전북,완주군,종량제방식 등 혼합배출,건설폐재류,EMPTY,0.0,0.0,0.0,0.0
전북,완주군,종량제방식 등 혼합배출,기타(배출불명등),EMPTY,0.0,0.0,0.0,0.0
전북,완주군,"재활용 가능자원 분리배출",폐지류,종이팩,0.0,0.0,0.0,0.0
전북,완주군,"재활용 가능자원 분리배출",폐지류,기타,0.8,0.0,0.0,0.8
전북,완주군,"재활용 가능자원 분리배출",고철류,EMPTY,0.2,0.0,0.0,0.2
전북,완주군,"재활용 가능자원 분리배출",금속캔,EMPTY,0.2,0.0,0.0,0.2
전북,완주군,"재활용 가능자원 분리배출",폐합성수지류,비닐류,0.0,0.0,0.0,0.0
전북,완주군,"재활용 가능자원 분리배출",폐합성수지류,발포수지류,0.1,0.0,0.0,0.1
전북,완주군,"재활용 가능자원 분리배출",폐합성수지류,PET병,0.6,0.0,0.0,0.6
전북,완주군,"재활용 가능자원 분리배출",폐합성수지류,기타,0.2,0.0,0.0,0.2
전북,완주군,"재활용 가능자원 분리배출",폐고무류,EMPTY,0.0,0.0,0.0,0.0
전북,완주군,"재활용 가능자원 분리배출",폐유리병류,EMPTY,1.2,0.0,0.0,1.2
전북,완주군,"재활용 가능자원 분리배출",폐의류,EMPTY,0.0,0.0,0.0,0.0
전북,완주군,"재활용 가능자원 분리배출",폐섬유류,EMPTY,0.0,0.0,0.0,0.0
전북,완주군,"재활용 가능자원 분리배출",폐형광등,EMPTY,0.0,0.0,0.0,0.0
전북,완주군,"재활용 가능자원 분리배출",폐전지류,EMPTY,0.0,0.0,0.0,0.0
전북,완주군,"재활용 가능자원 분리배출",영농폐기물,농약용기류,0.0,0.0,0.0,0.0
전북,완주군,"재활용 가능자원 분리배출",영농폐기물,폐비닐,1.0,0.0,0.0,1.0
전북,완주군,"재활용 가능자원 분리배출",폐식용유,EMPTY,0.0,0.0,0.0,0.0
전북,완주군,"재활용 가능자원 분리배출",폐전기전자제품,EMPTY,0.0,0.0,0.0,0.0
전북,완주군,"재활용 가능자원 분리배출",폐가구류,EMPTY,0.0,0.0,0.0,0.0
전북,완주군,"재활용 가능자원 분리배출",기타,EMPTY,0.0,0.0,0.0,0.0
전북,완주군,"재활용 가능자원 분리배출",재활용 잔재물,EMPTY,1.5,0.0,1.5,0.0
전북,완주군,음식물류 폐기물 분리배출,EMPTY,EMPTY,28.8,0.0,0.0,28.8
전북,진안군,종량제방식 등 혼합배출,가연성,폐지류,1.1,0.5,0.0,0.6
전북,진안군,종량제방식 등 혼합배출,가연성,폐합성수지류,1.0,0.5,0.0,0.5
전북,진안군,종량제방식 등 혼합배출,가연성,폐고무류,0.0,0.0,0.0,0.0
전북,진안군,종량제방식 등 혼합배출,가연성,폐섬유류,0.2,0.1,0.0,0.1
전북,진안군,종량제방식 등 혼합배출,가연성,음식물류 폐기물,0.4,0.2,0.0,0.2
전북,진안군,종량제방식 등 혼합배출,가연성,폐목재류,0.1,0.0,0.0,0.1
전북,진안군,종량제방식 등 혼합배출,가연성,기타,2.4,1.0,0.0,1.4
전북,진안군,종량제방식 등 혼합배출,불연성,폐금속류,0.9,0.0,0.0,0.9
전북,진안군,종량제방식 등 혼합배출,불연성,폐유리류,0.8,0.0,0.0,0.8
전북,진안군,종량제방식 등 혼합배출,불연성,폐토사류,0.1,0.1,0.0,0.0
전북,진안군,종량제방식 등 혼합배출,불연성,폐타일 및 도자기류,0.2,0.0,0.0,0.2
전북,진안군,종량제방식 등 혼합배출,불연성,연탄재,0.3,0.0,0.0,0.3
전북,진안군,종량제방식 등 혼합배출,불연성,기타,0.1,0.0,0.0,0.1
전북,진안군,종량제방식 등 혼합배출,건설폐재류,EMPTY,0.0,0.0,0.0,0.0
전북,진안군,종량제방식 등 혼합배출,기타(배출불명등),EMPTY,2.0,0.0,0.0,2.0
전북,진안군,"재활용 가능자원 분리배출",폐지류,종이팩,0.0,0.0,0.0,0.0
전북,진안군,"재활용 가능자원 분리배출",폐지류,기타,1.0,0.0,0.0,1.0
전북,진안군,"재활용 가능자원 분리배출",고철류,EMPTY,0.4,0.0,0.0,0.4
전북,진안군,"재활용 가능자원 분리배출",금속캔,EMPTY,0.1,0.0,0.0,0.1
전북,진안군,"재활용 가능자원 분리배출",폐합성수지류,비닐류,0.0,0.0,0.0,0.0
전북,진안군,"재활용 가능자원 분리배출",폐합성수지류,발포수지류,0.0,0.0,0.0,0.0
전북,진안군,"재활용 가능자원 분리배출",폐합성수지류,PET병,0.8,0.0,0.0,0.8
전북,진안군,"재활용 가능자원 분리배출",폐합성수지류,기타,0.0,0.0,0.0,0.0
전북,진안군,"재활용 가능자원 분리배출",폐고무류,EMPTY,0.0,0.0,0.0,0.0
전북,진안군,"재활용 가능자원 분리배출",폐유리병류,EMPTY,0.5,0.0,0.0,0.5
전북,진안군,"재활용 가능자원 분리배출",폐의류,EMPTY,0.0,0.0,0.0,0.0
전북,진안군,"재활용 가능자원 분리배출",폐섬유류,EMPTY,0.0,0.0,0.0,0.0
전북,진안군,"재활용 가능자원 분리배출",폐형광등,EMPTY,0.0,0.0,0.0,0.0
전북,진안군,"재활용 가능자원 분리배출",폐전지류,EMPTY,0.0,0.0,0.0,0.0
전북,진안군,"재활용 가능자원 분리배출",영농폐기물,농약용기류,2.5,0.0,0.0,2.5
전북,진안군,"재활용 가능자원 분리배출",영농폐기물,폐비닐,0.0,0.0,0.0,0.0
전북,진안군,"재활용 가능자원 분리배출",폐식용유,EMPTY,0.0,0.0,0.0,0.0
전북,진안군,"재활용 가능자원 분리배출",폐전기전자제품,EMPTY,0.1,0.0,0.0,0.1
전북,진안군,"재활용 가능자원 분리배출",폐가구류,EMPTY,0.5,0.0,0.0,0.5
전북,진안군,"재활용 가능자원 분리배출",기타,EMPTY,0.0,0.0,0.0,0.0
전북,진안군,"재활용 가능자원 분리배출",재활용 잔재물,EMPTY,2.4,2.4,0.0,0.0
전북,진안군,음식물류 폐기물 분리배출,EMPTY,EMPTY,2.2,0.3,0.0,1.9
전북,무주군,종량제방식 등 혼합배출,가연성,폐지류,4.8,1.0,0.0,3.8
전북,무주군,종량제방식 등 혼합배출,가연성,폐합성수지류,4.2,1.0,0.0,3.2
전북,무주군,종량제방식 등 혼합배출,가연성,폐고무류,0.2,0.0,0.0,0.2
전북,무주군,종량제방식 등 혼합배출,가연성,폐섬유류,0.1,0.1,0.0,0.0
전북,무주군,종량제방식 등 혼합배출,가연성,음식물류 폐기물,1.1,1.1,0.0,0.0
전북,무주군,종량제방식 등 혼합배출,가연성,폐목재류,0.5,0.0,0.0,0.5
전북,무주군,종량제방식 등 혼합배출,가연성,기타,3.6,3.6,0.0,0.0
전북,무주군,종량제방식 등 혼합배출,불연성,폐금속류,0.4,0.4,0.0,0.0
전북,무주군,종량제방식 등 혼합배출,불연성,폐유리류,0.7,0.7,0.0,0.0
전북,무주군,종량제방식 등 혼합배출,불연성,폐토사류,0.1,0.1,0.0,0.0
전북,무주군,종량제방식 등 혼합배출,불연성,폐타일 및 도자기류,0.0,0.0,0.0,0.0
전북,무주군,종량제방식 등 혼합배출,불연성,연탄재,0.0,0.0,0.0,0.0
전북,무주군,종량제방식 등 혼합배출,불연성,기타,0.1,0.1,0.0,0.0
전북,무주군,종량제방식 등 혼합배출,건설폐재류,EMPTY,0.0,0.0,0.0,0.0
전북,무주군,종량제방식 등 혼합배출,기타(배출불명등),EMPTY,0.1,0.1,0.0,0.0
전북,무주군,"재활용 가능자원 분리배출",폐지류,종이팩,0.0,0.0,0.0,0.0
전북,무주군,"재활용 가능자원 분리배출",폐지류,기타,0.8,0.0,0.0,0.8
전북,무주군,"재활용 가능자원 분리배출",고철류,EMPTY,0.1,0.0,0.0,0.1
전북,무주군,"재활용 가능자원 분리배출",금속캔,EMPTY,0.5,0.0,0.0,0.5
전북,무주군,"재활용 가능자원 분리배출",폐합성수지류,비닐류,0.3,0.0,0.0,0.3
전북,무주군,"재활용 가능자원 분리배출",폐합성수지류,발포수지류,0.0,0.0,0.0,0.0
전북,무주군,"재활용 가능자원 분리배출",폐합성수지류,PET병,0.3,0.0,0.0,0.3
전북,무주군,"재활용 가능자원 분리배출",폐합성수지류,기타,0.0,0.0,0.0,0.0
전북,무주군,"재활용 가능자원 분리배출",폐고무류,EMPTY,0.0,0.0,0.0,0.0
전북,무주군,"재활용 가능자원 분리배출",폐유리병류,EMPTY,1.2,0.0,0.0,1.2
전북,무주군,"재활용 가능자원 분리배출",폐의류,EMPTY,0.0,0.0,0.0,0.0
전북,무주군,"재활용 가능자원 분리배출",폐섬유류,EMPTY,0.0,0.0,0.0,0.0
전북,무주군,"재활용 가능자원 분리배출",폐형광등,EMPTY,0.0,0.0,0.0,0.0
전북,무주군,"재활용 가능자원 분리배출",폐전지류,EMPTY,0.0,0.0,0.0,0.0
전북,무주군,"재활용 가능자원 분리배출",영농폐기물,농약용기류,0.0,0.0,0.0,0.0
전북,무주군,"재활용 가능자원 분리배출",영농폐기물,폐비닐,1.8,0.0,0.0,1.8
전북,무주군,"재활용 가능자원 분리배출",폐식용유,EMPTY,0.0,0.0,0.0,0.0
전북,무주군,"재활용 가능자원 분리배출",폐전기전자제품,EMPTY,0.0,0.0,0.0,0.0
전북,무주군,"재활용 가능자원 분리배출",폐가구류,EMPTY,0.3,0.0,0.0,0.3
전북,무주군,"재활용 가능자원 분리배출",기타,EMPTY,0.2,0.0,0.0,0.2
전북,무주군,"재활용 가능자원 분리배출",재활용 잔재물,EMPTY,0.2,0.2,0.0,0.0
전북,무주군,음식물류 폐기물 분리배출,EMPTY,EMPTY,4.2,1.6,0.0,2.6
전북,장수군,종량제방식 등 혼합배출,가연성,폐지류,5.2,1.7,3.5,0.0
전북,장수군,종량제방식 등 혼합배출,가연성,폐합성수지류,4.3,1.4,2.9,0.0
전북,장수군,종량제방식 등 혼합배출,가연성,폐고무류,0.2,0.1,0.1,0.0
전북,장수군,종량제방식 등 혼합배출,가연성,폐섬유류,0.8,0.3,0.5,0.0
전북,장수군,종량제방식 등 혼합배출,가연성,음식물류 폐기물,1.2,0.4,0.8,0.0
전북,장수군,종량제방식 등 혼합배출,가연성,폐목재류,0.6,0.2,0.4,0.0
전북,장수군,종량제방식 등 혼합배출,가연성,기타,3.3,1.1,2.2,0.0
전북,장수군,종량제방식 등 혼합배출,불연성,폐금속류,0.4,0.1,0.3,0.0
전북,장수군,종량제방식 등 혼합배출,불연성,폐유리류,0.6,0.2,0.4,0.0
전북,장수군,종량제방식 등 혼합배출,불연성,폐토사류,0.2,0.1,0.1,0.0
전북,장수군,종량제방식 등 혼합배출,불연성,폐타일 및 도자기류,0.0,0.0,0.0,0.0
전북,장수군,종량제방식 등 혼합배출,불연성,연탄재,0.0,0.0,0.0,0.0
전북,장수군,종량제방식 등 혼합배출,불연성,기타,0.3,0.1,0.2,0.0
전북,장수군,종량제방식 등 혼합배출,건설폐재류,EMPTY,0.0,0.0,0.0,0.0
전북,장수군,종량제방식 등 혼합배출,기타(배출불명등),EMPTY,0.0,0.0,0.0,0.0
전북,장수군,"재활용 가능자원 분리배출",폐지류,종이팩,0.0,0.0,0.0,0.0
전북,장수군,"재활용 가능자원 분리배출",폐지류,기타,0.1,0.0,0.0,0.1
전북,장수군,"재활용 가능자원 분리배출",고철류,EMPTY,0.0,0.0,0.0,0.0
전북,장수군,"재활용 가능자원 분리배출",금속캔,EMPTY,0.0,0.0,0.0,0.0
전북,장수군,"재활용 가능자원 분리배출",폐합성수지류,비닐류,0.0,0.0,0.0,0.0
전북,장수군,"재활용 가능자원 분리배출",폐합성수지류,발포수지류,0.0,0.0,0.0,0.0
전북,장수군,"재활용 가능자원 분리배출",폐합성수지류,PET병,0.0,0.0,0.0,0.0
전북,장수군,"재활용 가능자원 분리배출",폐합성수지류,기타,0.0,0.0,0.0,0.0
전북,장수군,"재활용 가능자원 분리배출",폐고무류,EMPTY,0.0,0.0,0.0,0.0
전북,장수군,"재활용 가능자원 분리배출",폐유리병류,EMPTY,0.1,0.0,0.0,0.1
전북,장수군,"재활용 가능자원 분리배출",폐의류,EMPTY,0.0,0.0,0.0,0.0
전북,장수군,"재활용 가능자원 분리배출",폐섬유류,EMPTY,0.0,0.0,0.0,0.0
전북,장수군,"재활용 가능자원 분리배출",폐형광등,EMPTY,0.0,0.0,0.0,0.0
전북,장수군,"재활용 가능자원 분리배출",폐전지류,EMPTY,0.0,0.0,0.0,0.0
전북,장수군,"재활용 가능자원 분리배출",영농폐기물,농약용기류,0.0,0.0,0.0,0.0
전북,장수군,"재활용 가능자원 분리배출",영농폐기물,폐비닐,0.0,0.0,0.0,0.0
전북,장수군,"재활용 가능자원 분리배출",폐식용유,EMPTY,0.0,0.0,0.0,0.0
전북,장수군,"재활용 가능자원 분리배출",폐전기전자제품,EMPTY,0.0,0.0,0.0,0.0
전북,장수군,"재활용 가능자원 분리배출",폐가구류,EMPTY,0.0,0.0,0.0,0.0
전북,장수군,"재활용 가능자원 분리배출",기타,EMPTY,0.0,0.0,0.0,0.0
전북,장수군,"재활용 가능자원 분리배출",재활용 잔재물,EMPTY,0.8,0.2,0.6,0.0
전북,장수군,음식물류 폐기물 분리배출,EMPTY,EMPTY,4.4,2.6,0.0,1.8
전북,임실군,종량제방식 등 혼합배출,가연성,폐지류,1.6,0.0,1.6,0.0
전북,임실군,종량제방식 등 혼합배출,가연성,폐합성수지류,1.3,0.0,1.3,0.0
전북,임실군,종량제방식 등 혼합배출,가연성,폐고무류,0.1,0.0,0.1,0.0
전북,임실군,종량제방식 등 혼합배출,가연성,폐섬유류,0.3,0.0,0.3,0.0
전북,임실군,종량제방식 등 혼합배출,가연성,음식물류 폐기물,0.4,0.0,0.4,0.0
전북,임실군,종량제방식 등 혼합배출,가연성,폐목재류,0.1,0.0,0.1,0.0
전북,임실군,종량제방식 등 혼합배출,가연성,기타,1.1,0.0,1.1,0.0
전북,임실군,종량제방식 등 혼합배출,불연성,폐금속류,0.2,0.2,0.0,0.0
전북,임실군,종량제방식 등 혼합배출,불연성,폐유리류,0.3,0.3,0.0,0.0
전북,임실군,종량제방식 등 혼합배출,불연성,폐토사류,0.1,0.1,0.0,0.0
전북,임실군,종량제방식 등 혼합배출,불연성,폐타일 및 도자기류,0.0,0.0,0.0,0.0
전북,임실군,종량제방식 등 혼합배출,불연성,연탄재,0.0,0.0,0.0,0.0
전북,임실군,종량제방식 등 혼합배출,불연성,기타,0.1,0.1,0.0,0.0
전북,임실군,종량제방식 등 혼합배출,건설폐재류,EMPTY,0.0,0.0,0.0,0.0
전북,임실군,종량제방식 등 혼합배출,기타(배출불명등),EMPTY,0.0,0.0,0.0,0.0
전북,임실군,"재활용 가능자원 분리배출",폐지류,종이팩,0.1,0.0,0.0,0.1
전북,임실군,"재활용 가능자원 분리배출",폐지류,기타,0.0,0.0,0.0,0.0
전북,임실군,"재활용 가능자원 분리배출",고철류,EMPTY,0.2,0.0,0.0,0.2
전북,임실군,"재활용 가능자원 분리배출",금속캔,EMPTY,0.2,0.0,0.0,0.2
전북,임실군,"재활용 가능자원 분리배출",폐합성수지류,비닐류,0.0,0.0,0.0,0.0
전북,임실군,"재활용 가능자원 분리배출",폐합성수지류,발포수지류,0.0,0.0,0.0,0.0
전북,임실군,"재활용 가능자원 분리배출",폐합성수지류,PET병,0.0,0.0,0.0,0.0
전북,임실군,"재활용 가능자원 분리배출",폐합성수지류,기타,0.1,0.0,0.0,0.1
전북,임실군,"재활용 가능자원 분리배출",폐고무류,EMPTY,0.0,0.0,0.0,0.0
전북,임실군,"재활용 가능자원 분리배출",폐유리병류,EMPTY,0.1,0.0,0.0,0.1
전북,임실군,"재활용 가능자원 분리배출",폐의류,EMPTY,0.0,0.0,0.0,0.0
전북,임실군,"재활용 가능자원 분리배출",폐섬유류,EMPTY,0.0,0.0,0.0,0.0
전북,임실군,"재활용 가능자원 분리배출",폐형광등,EMPTY,0.1,0.0,0.0,0.1
전북,임실군,"재활용 가능자원 분리배출",폐전지류,EMPTY,0.0,0.0,0.0,0.0
전북,임실군,"재활용 가능자원 분리배출",영농폐기물,농약용기류,0.0,0.0,0.0,0.0
전북,임실군,"재활용 가능자원 분리배출",영농폐기물,폐비닐,1.3,0.0,0.0,1.3
전북,임실군,"재활용 가능자원 분리배출",폐식용유,EMPTY,0.0,0.0,0.0,0.0
전북,임실군,"재활용 가능자원 분리배출",폐전기전자제품,EMPTY,0.3,0.0,0.0,0.3
전북,임실군,"재활용 가능자원 분리배출",폐가구류,EMPTY,0.0,0.0,0.0,0.0
전북,임실군,"재활용 가능자원 분리배출",기타,EMPTY,0.0,0.0,0.0,0.0
전북,임실군,"재활용 가능자원 분리배출",재활용 잔재물,EMPTY,0.2,0.2,0.0,0.0
전북,임실군,음식물류 폐기물 분리배출,EMPTY,EMPTY,4.8,0.0,0.0,4.8
전북,순창군,종량제방식 등 혼합배출,가연성,폐지류,0.0,0.0,0.0,0.0
전북,순창군,종량제방식 등 혼합배출,가연성,폐합성수지류,0.0,0.0,0.0,0.0
전북,순창군,종량제방식 등 혼합배출,가연성,폐고무류,0.0,0.0,0.0,0.0
전북,순창군,종량제방식 등 혼합배출,가연성,폐섬유류,0.0,0.0,0.0,0.0
전북,순창군,종량제방식 등 혼합배출,가연성,음식물류 폐기물,4.0,0.0,0.0,4.0
전북,순창군,종량제방식 등 혼합배출,가연성,폐목재류,0.0,0.0,0.0,0.0
전북,순창군,종량제방식 등 혼합배출,가연성,기타,10.2,0.0,10.2,0.0
전북,순창군,종량제방식 등 혼합배출,불연성,폐금속류,0.2,0.0,0.0,0.2
전북,순창군,종량제방식 등 혼합배출,불연성,폐유리류,0.2,0.0,0.0,0.2
전북,순창군,종량제방식 등 혼합배출,불연성,폐토사류,0.0,0.0,0.0,0.0
전북,순창군,종량제방식 등 혼합배출,불연성,폐타일 및 도자기류,0.0,0.0,0.0,0.0
전북,순창군,종량제방식 등 혼합배출,불연성,연탄재,0.0,0.0,0.0,0.0
전북,순창군,종량제방식 등 혼합배출,불연성,기타,0.4,0.0,0.0,0.4
전북,순창군,종량제방식 등 혼합배출,건설폐재류,EMPTY,0.0,0.0,0.0,0.0
전북,순창군,종량제방식 등 혼합배출,기타(배출불명등),EMPTY,0.0,0.0,0.0,0.0
전북,순창군,"재활용 가능자원 분리배출",폐지류,종이팩,0.0,0.0,0.0,0.0
전북,순창군,"재활용 가능자원 분리배출",폐지류,기타,0.0,0.0,0.0,0.0
전북,순창군,"재활용 가능자원 분리배출",고철류,EMPTY,0.2,0.0,0.0,0.2
전북,순창군,"재활용 가능자원 분리배출",금속캔,EMPTY,0.2,0.0,0.0,0.2
전북,순창군,"재활용 가능자원 분리배출",폐합성수지류,비닐류,0.0,0.0,0.0,0.0
전북,순창군,"재활용 가능자원 분리배출",폐합성수지류,발포수지류,0.0,0.0,0.0,0.0
전북,순창군,"재활용 가능자원 분리배출",폐합성수지류,PET병,0.2,0.0,0.0,0.2
전북,순창군,"재활용 가능자원 분리배출",폐합성수지류,기타,0.0,0.0,0.0,0.0
전북,순창군,"재활용 가능자원 분리배출",폐고무류,EMPTY,0.0,0.0,0.0,0.0
전북,순창군,"재활용 가능자원 분리배출",폐유리병류,EMPTY,0.2,0.0,0.0,0.2
전북,순창군,"재활용 가능자원 분리배출",폐의류,EMPTY,0.0,0.0,0.0,0.0
전북,순창군,"재활용 가능자원 분리배출",폐섬유류,EMPTY,0.0,0.0,0.0,0.0
전북,순창군,"재활용 가능자원 분리배출",폐형광등,EMPTY,0.0,0.0,0.0,0.0
전북,순창군,"재활용 가능자원 분리배출",폐전지류,EMPTY,0.0,0.0,0.0,0.0
전북,순창군,"재활용 가능자원 분리배출",영농폐기물,농약용기류,0.0,0.0,0.0,0.0
전북,순창군,"재활용 가능자원 분리배출",영농폐기물,폐비닐,0.0,0.0,0.0,0.0
전북,순창군,"재활용 가능자원 분리배출",폐식용유,EMPTY,0.0,0.0,0.0,0.0
전북,순창군,"재활용 가능자원 분리배출",폐전기전자제품,EMPTY,0.0,0.0,0.0,0.0
전북,순창군,"재활용 가능자원 분리배출",폐가구류,EMPTY,0.3,0.0,0.0,0.3
전북,순창군,"재활용 가능자원 분리배출",기타,EMPTY,0.0,0.0,0.0,0.0
전북,순창군,"재활용 가능자원 분리배출",재활용 잔재물,EMPTY,0.0,0.0,0.0,0.0
전북,순창군,음식물류 폐기물 분리배출,EMPTY,EMPTY,4.0,0.0,0.0,4.0
전북,고창군,종량제방식 등 혼합배출,가연성,폐지류,4.3,4.3,0.0,0.0
전북,고창군,종량제방식 등 혼합배출,가연성,폐합성수지류,3.5,3.5,0.0,0.0
전북,고창군,종량제방식 등 혼합배출,가연성,폐고무류,0.2,0.2,0.0,0.0
전북,고창군,종량제방식 등 혼합배출,가연성,폐섬유류,0.7,0.7,0.0,0.0
전북,고창군,종량제방식 등 혼합배출,가연성,음식물류 폐기물,0.9,0.9,0.0,0.0
전북,고창군,종량제방식 등 혼합배출,가연성,폐목재류,0.4,0.4,0.0,0.0
전북,고창군,종량제방식 등 혼합배출,가연성,기타,2.7,2.7,0.0,0.0
전북,고창군,종량제방식 등 혼합배출,불연성,폐금속류,0.3,0.3,0.0,0.0
전북,고창군,종량제방식 등 혼합배출,불연성,폐유리류,0.5,0.5,0.0,0.0
전북,고창군,종량제방식 등 혼합배출,불연성,폐토사류,0.2,0.2,0.0,0.0
전북,고창군,종량제방식 등 혼합배출,불연성,폐타일 및 도자기류,0.1,0.1,0.0,0.0
전북,고창군,종량제방식 등 혼합배출,불연성,연탄재,0.1,0.1,0.0,0.0
전북,고창군,종량제방식 등 혼합배출,불연성,기타,0.3,0.3,0.0,0.0
전북,고창군,종량제방식 등 혼합배출,건설폐재류,EMPTY,0.0,0.0,0.0,0.0
전북,고창군,종량제방식 등 혼합배출,기타(배출불명등),EMPTY,0.0,0.0,0.0,0.0
전북,고창군,"재활용 가능자원 분리배출",폐지류,종이팩,0.0,0.0,0.0,0.0
전북,고창군,"재활용 가능자원 분리배출",폐지류,기타,0.2,0.0,0.0,0.2
전북,고창군,"재활용 가능자원 분리배출",고철류,EMPTY,0.0,0.0,0.0,0.0
전북,고창군,"재활용 가능자원 분리배출",금속캔,EMPTY,0.2,0.0,0.0,0.2
전북,고창군,"재활용 가능자원 분리배출",폐합성수지류,비닐류,0.0,0.0,0.0,0.0
전북,고창군,"재활용 가능자원 분리배출",폐합성수지류,발포수지류,0.0,0.0,0.0,0.0
전북,고창군,"재활용 가능자원 분리배출",폐합성수지류,PET병,0.3,0.0,0.0,0.3
전북,고창군,"재활용 가능자원 분리배출",폐합성수지류,기타,0.3,0.0,0.0,0.3
전북,고창군,"재활용 가능자원 분리배출",폐고무류,EMPTY,0.0,0.0,0.0,0.0
전북,고창군,"재활용 가능자원 분리배출",폐유리병류,EMPTY,1.0,0.0,0.0,1.0
전북,고창군,"재활용 가능자원 분리배출",폐의류,EMPTY,0.4,0.0,0.0,0.4
전북,고창군,"재활용 가능자원 분리배출",폐섬유류,EMPTY,0.0,0.0,0.0,0.0
전북,고창군,"재활용 가능자원 분리배출",폐형광등,EMPTY,0.1,0.0,0.0,0.1
전북,고창군,"재활용 가능자원 분리배출",폐전지류,EMPTY,0.0,0.0,0.0,0.0
전북,고창군,"재활용 가능자원 분리배출",영농폐기물,농약용기류,0.1,0.0,0.0,0.1
전북,고창군,"재활용 가능자원 분리배출",영농폐기물,폐비닐,17.1,0.0,0.0,17.1
전북,고창군,"재활용 가능자원 분리배출",폐식용유,EMPTY,0.0,0.0,0.0,0.0
전북,고창군,"재활용 가능자원 분리배출",폐전기전자제품,EMPTY,0.5,0.0,0.0,0.5
전북,고창군,"재활용 가능자원 분리배출",폐가구류,EMPTY,0.0,0.0,0.0,0.0
전북,고창군,"재활용 가능자원 분리배출",기타,EMPTY,0.0,0.0,0.0,0.0
전북,고창군,"재활용 가능자원 분리배출",재활용 잔재물,EMPTY,0.9,0.9,0.0,0.0
전북,고창군,음식물류 폐기물 분리배출,EMPTY,EMPTY,15.3,0.0,0.0,15.3
전북,부안군,종량제방식 등 혼합배출,가연성,폐지류,6.3,5.8,0.0,0.5
전북,부안군,종량제방식 등 혼합배출,가연성,폐합성수지류,9.0,8.2,0.0,0.8
전북,부안군,종량제방식 등 혼합배출,가연성,폐고무류,0.6,0.6,0.0,0.0
전북,부안군,종량제방식 등 혼합배출,가연성,폐섬유류,1.1,1.1,0.0,0.0
전북,부안군,종량제방식 등 혼합배출,가연성,음식물류 폐기물,1.2,1.2,0.0,0.0
전북,부안군,종량제방식 등 혼합배출,가연성,폐목재류,1.3,1.3,0.0,0.0
전북,부안군,종량제방식 등 혼합배출,가연성,기타,3.1,3.1,0.0,0.0
전북,부안군,종량제방식 등 혼합배출,불연성,폐금속류,1.9,1.8,0.0,0.1
전북,부안군,종량제방식 등 혼합배출,불연성,폐유리류,0.1,0.1,0.0,0.0
전북,부안군,종량제방식 등 혼합배출,불연성,폐토사류,0.2,0.2,0.0,0.0
전북,부안군,종량제방식 등 혼합배출,불연성,폐타일 및 도자기류,0.3,0.3,0.0,0.0
전북,부안군,종량제방식 등 혼합배출,불연성,연탄재,0.5,0.5,0.0,0.0
전북,부안군,종량제방식 등 혼합배출,불연성,기타,0.7,0.7,0.0,0.0
전북,부안군,종량제방식 등 혼합배출,건설폐재류,EMPTY,0.1,0.1,0.0,0.0
전북,부안군,종량제방식 등 혼합배출,기타(배출불명등),EMPTY,0.0,0.0,0.0,0.0
전북,부안군,"재활용 가능자원 분리배출",폐지류,종이팩,0.0,0.0,0.0,0.0
전북,부안군,"재활용 가능자원 분리배출",폐지류,기타,1.2,0.0,0.0,1.2
전북,부안군,"재활용 가능자원 분리배출",고철류,EMPTY,0.1,0.0,0.0,0.1
전북,부안군,"재활용 가능자원 분리배출",금속캔,EMPTY,0.1,0.0,0.0,0.1
전북,부안군,"재활용 가능자원 분리배출",폐합성수지류,비닐류,0.1,0.0,0.0,0.1
전북,부안군,"재활용 가능자원 분리배출",폐합성수지류,발포수지류,0.2,0.0,0.0,0.2
전북,부안군,"재활용 가능자원 분리배출",폐합성수지류,PET병,0.5,0.0,0.0,0.5
전북,부안군,"재활용 가능자원 분리배출",폐합성수지류,기타,0.0,0.0,0.0,0.0
전북,부안군,"재활용 가능자원 분리배출",폐고무류,EMPTY,0.3,0.0,0.0,0.3
전북,부안군,"재활용 가능자원 분리배출",폐유리병류,EMPTY,0.6,0.0,0.0,0.6
전북,부안군,"재활용 가능자원 분리배출",폐의류,EMPTY,0.0,0.0,0.0,0.0
전북,부안군,"재활용 가능자원 분리배출",폐섬유류,EMPTY,0.0,0.0,0.0,0.0
전북,부안군,"재활용 가능자원 분리배출",폐형광등,EMPTY,0.0,0.0,0.0,0.0
전북,부안군,"재활용 가능자원 분리배출",폐전지류,EMPTY,0.0,0.0,0.0,0.0
전북,부안군,"재활용 가능자원 분리배출",영농폐기물,농약용기류,0.1,0.0,0.0,0.1
전북,부안군,"재활용 가능자원 분리배출",영농폐기물,폐비닐,4.7,0.0,0.0,4.7
전북,부안군,"재활용 가능자원 분리배출",폐식용유,EMPTY,0.0,0.0,0.0,0.0
전북,부안군,"재활용 가능자원 분리배출",폐전기전자제품,EMPTY,0.4,0.0,0.0,0.4
전북,부안군,"재활용 가능자원 분리배출",폐가구류,EMPTY,0.0,0.0,0.0,0.0
전북,부안군,"재활용 가능자원 분리배출",기타,EMPTY,0.0,0.0,0.0,0.0
전북,부안군,"재활용 가능자원 분리배출",재활용 잔재물,EMPTY,0.3,0.0,0.0,0.3
전북,부안군,음식물류 폐기물 분리배출,EMPTY,EMPTY,14.9,0.0,0.0,14.9
전남,목포시,종량제방식 등 혼합배출,가연성,폐지류,46.4,33.5,0.0,12.9
전남,목포시,종량제방식 등 혼합배출,가연성,폐합성수지류,36.0,26.0,0.0,10.0
전남,목포시,종량제방식 등 혼합배출,가연성,폐고무류,1.7,1.2,0.0,0.5
전남,목포시,종량제방식 등 혼합배출,가연성,폐섬유류,6.6,4.8,0.0,1.8
전남,목포시,종량제방식 등 혼합배출,가연성,음식물류 폐기물,8.8,6.4,0.0,2.4
전남,목포시,종량제방식 등 혼합배출,가연성,폐목재류,3.5,2.5,0.0,1.0
전남,목포시,종량제방식 등 혼합배출,가연성,기타,45.0,32.5,0.0,12.5
전남,목포시,종량제방식 등 혼합배출,불연성,폐금속류,3.2,2.3,0.0,0.9
전남,목포시,종량제방식 등 혼합배출,불연성,폐유리류,5.2,3.8,0.0,1.4
전남,목포시,종량제방식 등 혼합배출,불연성,폐토사류,0.3,0.2,0.0,0.1
전남,목포시,종량제방식 등 혼합배출,불연성,폐타일 및 도자기류,0.2,0.1,0.0,0.1
전남,목포시,종량제방식 등 혼합배출,불연성,연탄재,1.1,0.8,0.0,0.3
전남,목포시,종량제방식 등 혼합배출,불연성,기타,1.4,1.0,0.0,0.4
전남,목포시,종량제방식 등 혼합배출,건설폐재류,EMPTY,0.0,0.0,0.0,0.0
전남,목포시,종량제방식 등 혼합배출,기타(배출불명등),EMPTY,0.0,0.0,0.0,0.0
전남,목포시,"재활용 가능자원 분리배출",폐지류,종이팩,0.0,0.0,0.0,0.0
전남,목포시,"재활용 가능자원 분리배출",폐지류,기타,0.1,0.0,0.0,0.1
전남,목포시,"재활용 가능자원 분리배출",고철류,EMPTY,0.2,0.0,0.0,0.2
전남,목포시,"재활용 가능자원 분리배출",금속캔,EMPTY,0.1,0.0,0.0,0.1
전남,목포시,"재활용 가능자원 분리배출",폐합성수지류,비닐류,0.0,0.0,0.0,0.0
전남,목포시,"재활용 가능자원 분리배출",폐합성수지류,발포수지류,0.3,0.0,0.0,0.3
전남,목포시,"재활용 가능자원 분리배출",폐합성수지류,PET병,0.2,0.0,0.0,0.2
전남,목포시,"재활용 가능자원 분리배출",폐합성수지류,기타,0.2,0.0,0.0,0.2
전남,목포시,"재활용 가능자원 분리배출",폐고무류,EMPTY,0.0,0.0,0.0,0.0
전남,목포시,"재활용 가능자원 분리배출",폐유리병류,EMPTY,0.0,0.0,0.0,0.0
전남,목포시,"재활용 가능자원 분리배출",폐의류,EMPTY,0.0,0.0,0.0,0.0
전남,목포시,"재활용 가능자원 분리배출",폐섬유류,EMPTY,0.0,0.0,0.0,0.0
전남,목포시,"재활용 가능자원 분리배출",폐형광등,EMPTY,0.0,0.0,0.0,0.0
전남,목포시,"재활용 가능자원 분리배출",폐전지류,EMPTY,0.0,0.0,0.0,0.0
전남,목포시,"재활용 가능자원 분리배출",영농폐기물,농약용기류,0.0,0.0,0.0,0.0
전남,목포시,"재활용 가능자원 분리배출",영농폐기물,폐비닐,0.0,0.0,0.0,0.0
전남,목포시,"재활용 가능자원 분리배출",폐식용유,EMPTY,0.0,0.0,0.0,0.0
전남,목포시,"재활용 가능자원 분리배출",폐전기전자제품,EMPTY,1.1,0.0,0.0,1.1
전남,목포시,"재활용 가능자원 분리배출",폐가구류,EMPTY,0.0,0.0,0.0,0.0
전남,목포시,"재활용 가능자원 분리배출",기타,EMPTY,0.0,0.0,0.0,0.0
전남,목포시,"재활용 가능자원 분리배출",재활용 잔재물,EMPTY,1.7,1.7,0.0,0.0
전남,목포시,음식물류 폐기물 분리배출,EMPTY,EMPTY,73.1,0.0,0.0,73.1
전남,여수시,종량제방식 등 혼합배출,가연성,폐지류,92.0,69.7,22.3,0.0
전남,여수시,종량제방식 등 혼합배출,가연성,폐합성수지류,71.4,54.1,17.3,0.0
전남,여수시,종량제방식 등 혼합배출,가연성,폐고무류,3.3,2.5,0.8,0.0
전남,여수시,종량제방식 등 혼합배출,가연성,폐섬유류,13.2,10.0,3.2,0.0
전남,여수시,종량제방식 등 혼합배출,가연성,음식물류 폐기물,17.5,13.3,4.2,0.0
전남,여수시,종량제방식 등 혼합배출,가연성,폐목재류,6.9,5.2,1.7,0.0
전남,여수시,종량제방식 등 혼합배출,가연성,기타,89.1,67.5,21.6,0.0
전남,여수시,종량제방식 등 혼합배출,불연성,폐금속류,6.3,4.8,1.5,0.0
전남,여수시,종량제방식 등 혼합배출,불연성,폐유리류,10.3,7.8,2.5,0.0
전남,여수시,종량제방식 등 혼합배출,불연성,폐토사류,0.7,0.5,0.2,0.0
전남,여수시,종량제방식 등 혼합배출,불연성,폐타일 및 도자기류,0.4,0.3,0.1,0.0
전남,여수시,종량제방식 등 혼합배출,불연성,연탄재,2.1,1.6,0.5,0.0
전남,여수시,종량제방식 등 혼합배출,불연성,기타,2.8,2.1,0.7,0.0
전남,여수시,종량제방식 등 혼합배출,건설폐재류,EMPTY,0.0,0.0,0.0,0.0
전남,여수시,종량제방식 등 혼합배출,기타(배출불명등),EMPTY,0.0,0.0,0.0,0.0
전남,여수시,"재활용 가능자원 분리배출",폐지류,종이팩,0.2,0.0,0.0,0.2
전남,여수시,"재활용 가능자원 분리배출",폐지류,기타,2.4,0.0,0.0,2.4
전남,여수시,"재활용 가능자원 분리배출",고철류,EMPTY,0.1,0.0,0.0,0.1
전남,여수시,"재활용 가능자원 분리배출",금속캔,EMPTY,1.9,0.0,0.0,1.9
전남,여수시,"재활용 가능자원 분리배출",폐합성수지류,비닐류,0.0,0.0,0.0,0.0
전남,여수시,"재활용 가능자원 분리배출",폐합성수지류,발포수지류,0.2,0.0,0.0,0.2
전남,여수시,"재활용 가능자원 분리배출",폐합성수지류,PET병,3.4,0.0,0.0,3.4
전남,여수시,"재활용 가능자원 분리배출",폐합성수지류,기타,0.3,0.0,0.0,0.3
전남,여수시,"재활용 가능자원 분리배출",폐고무류,EMPTY,0.0,0.0,0.0,0.0
전남,여수시,"재활용 가능자원 분리배출",폐유리병류,EMPTY,0.6,0.0,0.0,0.6
전남,여수시,"재활용 가능자원 분리배출",폐의류,EMPTY,0.0,0.0,0.0,0.0
전남,여수시,"재활용 가능자원 분리배출",폐섬유류,EMPTY,0.0,0.0,0.0,0.0
전남,여수시,"재활용 가능자원 분리배출",폐형광등,EMPTY,0.0,0.0,0.0,0.0
전남,여수시,"재활용 가능자원 분리배출",폐전지류,EMPTY,0.3,0.0,0.0,0.3
전남,여수시,"재활용 가능자원 분리배출",영농폐기물,농약용기류,0.0,0.0,0.0,0.0
전남,여수시,"재활용 가능자원 분리배출",영농폐기물,폐비닐,0.6,0.0,0.0,0.6
전남,여수시,"재활용 가능자원 분리배출",폐식용유,EMPTY,0.0,0.0,0.0,0.0
전남,여수시,"재활용 가능자원 분리배출",폐전기전자제품,EMPTY,1.1,0.0,0.0,1.1
전남,여수시,"재활용 가능자원 분리배출",폐가구류,EMPTY,0.0,0.0,0.0,0.0
전남,여수시,"재활용 가능자원 분리배출",기타,EMPTY,0.0,0.0,0.0,0.0
전남,여수시,"재활용 가능자원 분리배출",재활용 잔재물,EMPTY,6.7,4.8,1.9,0.0
전남,여수시,음식물류 폐기물 분리배출,EMPTY,EMPTY,102.2,0.0,0.0,89.6
전남,순천시,종량제방식 등 혼합배출,가연성,폐지류,28.1,26.1,0.0,2.0
전남,순천시,종량제방식 등 혼합배출,가연성,폐합성수지류,27.3,21.5,0.0,5.8
전남,순천시,종량제방식 등 혼합배출,가연성,폐고무류,0.4,0.2,0.0,0.2
전남,순천시,종량제방식 등 혼합배출,가연성,폐섬유류,4.0,4.0,0.0,0.0
전남,순천시,종량제방식 등 혼합배출,가연성,음식물류 폐기물,5.3,5.3,0.0,0.0
전남,순천시,종량제방식 등 혼합배출,가연성,폐목재류,2.1,2.1,0.0,0.0
전남,순천시,종량제방식 등 혼합배출,가연성,기타,20.8,20.5,0.0,0.3
전남,순천시,종량제방식 등 혼합배출,불연성,폐금속류,1.9,1.9,0.0,0.0
전남,순천시,종량제방식 등 혼합배출,불연성,폐유리류,3.1,3.1,0.0,0.0
전남,순천시,종량제방식 등 혼합배출,불연성,폐토사류,0.2,0.2,0.0,0.0
전남,순천시,종량제방식 등 혼합배출,불연성,폐타일 및 도자기류,0.2,0.2,0.0,0.0
전남,순천시,종량제방식 등 혼합배출,불연성,연탄재,0.7,0.7,0.0,0.0
전남,순천시,종량제방식 등 혼합배출,불연성,기타,2.4,2.4,0.0,0.0
전남,순천시,종량제방식 등 혼합배출,건설폐재류,EMPTY,0.0,0.0,0.0,0.0
전남,순천시,종량제방식 등 혼합배출,기타(배출불명등),EMPTY,0.0,0.0,0.0,0.0
전남,순천시,"재활용 가능자원 분리배출",폐지류,종이팩,0.0,0.0,0.0,0.0
전남,순천시,"재활용 가능자원 분리배출",폐지류,기타,0.2,0.0,0.0,0.2
전남,순천시,"재활용 가능자원 분리배출",고철류,EMPTY,0.2,0.0,0.0,0.2
전남,순천시,"재활용 가능자원 분리배출",금속캔,EMPTY,0.0,0.0,0.0,0.0
전남,순천시,"재활용 가능자원 분리배출",폐합성수지류,비닐류,0.1,0.0,0.0,0.1
전남,순천시,"재활용 가능자원 분리배출",폐합성수지류,발포수지류,0.0,0.0,0.0,0.0
전남,순천시,"재활용 가능자원 분리배출",폐합성수지류,PET병,0.3,0.0,0.0,0.3
전남,순천시,"재활용 가능자원 분리배출",폐합성수지류,기타,0.2,0.0,0.0,0.2
전남,순천시,"재활용 가능자원 분리배출",폐고무류,EMPTY,0.0,0.0,0.0,0.0
전남,순천시,"재활용 가능자원 분리배출",폐유리병류,EMPTY,0.2,0.0,0.0,0.2
전남,순천시,"재활용 가능자원 분리배출",폐의류,EMPTY,0.0,0.0,0.0,0.0
전남,순천시,"재활용 가능자원 분리배출",폐섬유류,EMPTY,0.0,0.0,0.0,0.0
전남,순천시,"재활용 가능자원 분리배출",폐형광등,EMPTY,0.1,0.0,0.0,0.1
전남,순천시,"재활용 가능자원 분리배출",폐전지류,EMPTY,0.0,0.0,0.0,0.0
전남,순천시,"재활용 가능자원 분리배출",영농폐기물,농약용기류,0.0,0.0,0.0,0.0
전남,순천시,"재활용 가능자원 분리배출",영농폐기물,폐비닐,0.6,0.0,0.0,0.6
전남,순천시,"재활용 가능자원 분리배출",폐식용유,EMPTY,0.0,0.0,0.0,0.0
전남,순천시,"재활용 가능자원 분리배출",폐전기전자제품,EMPTY,1.6,0.0,0.0,1.6
전남,순천시,"재활용 가능자원 분리배출",폐가구류,EMPTY,0.0,0.0,0.0,0.0
전남,순천시,"재활용 가능자원 분리배출",기타,EMPTY,0.0,0.0,0.0,0.0
전남,순천시,"재활용 가능자원 분리배출",재활용 잔재물,EMPTY,10.5,0.2,0.0,10.3
전남,순천시,음식물류 폐기물 분리배출,EMPTY,EMPTY,95.7,0.0,0.0,95.7
전남,나주시,종량제방식 등 혼합배출,가연성,폐지류,10.3,10.3,0.0,0.0
전남,나주시,종량제방식 등 혼합배출,가연성,폐합성수지류,9.6,8.0,1.6,0.0
전남,나주시,종량제방식 등 혼합배출,가연성,폐고무류,0.4,0.4,0.0,0.0
전남,나주시,종량제방식 등 혼합배출,가연성,폐섬유류,1.5,1.5,0.0,0.0
전남,나주시,종량제방식 등 혼합배출,가연성,음식물류 폐기물,1.9,1.9,0.0,0.0
전남,나주시,종량제방식 등 혼합배출,가연성,폐목재류,2.3,0.8,1.5,0.0
전남,나주시,종량제방식 등 혼합배출,가연성,기타,9.9,9.9,0.0,0.0
전남,나주시,종량제방식 등 혼합배출,불연성,폐금속류,0.7,0.7,0.0,0.0
전남,나주시,종량제방식 등 혼합배출,불연성,폐유리류,1.1,1.1,0.0,0.0
전남,나주시,종량제방식 등 혼합배출,불연성,폐토사류,0.1,0.1,0.0,0.0
전남,나주시,종량제방식 등 혼합배출,불연성,폐타일 및 도자기류,0.0,0.0,0.0,0.0
전남,나주시,종량제방식 등 혼합배출,불연성,연탄재,0.2,0.2,0.0,0.0
전남,나주시,종량제방식 등 혼합배출,불연성,기타,0.3,0.3,0.0,0.0
전남,나주시,종량제방식 등 혼합배출,건설폐재류,EMPTY,0.0,0.0,0.0,0.0
전남,나주시,종량제방식 등 혼합배출,기타(배출불명등),EMPTY,0.0,0.0,0.0,0.0
전남,나주시,"재활용 가능자원 분리배출",폐지류,종이팩,0.0,0.0,0.0,0.0
전남,나주시,"재활용 가능자원 분리배출",폐지류,기타,0.2,0.0,0.0,0.2
전남,나주시,"재활용 가능자원 분리배출",고철류,EMPTY,0.0,0.0,0.0,0.0
전남,나주시,"재활용 가능자원 분리배출",금속캔,EMPTY,0.1,0.0,0.0,0.1
전남,나주시,"재활용 가능자원 분리배출",폐합성수지류,비닐류,0.1,0.0,0.0,0.1
전남,나주시,"재활용 가능자원 분리배출",폐합성수지류,발포수지류,0.1,0.0,0.0,0.1
전남,나주시,"재활용 가능자원 분리배출",폐합성수지류,PET병,0.3,0.0,0.0,0.3
전남,나주시,"재활용 가능자원 분리배출",폐합성수지류,기타,0.3,0.0,0.0,0.3
전남,나주시,"재활용 가능자원 분리배출",폐고무류,EMPTY,0.0,0.0,0.0,0.0
전남,나주시,"재활용 가능자원 분리배출",폐유리병류,EMPTY,1.1,0.0,0.0,1.1
전남,나주시,"재활용 가능자원 분리배출",폐의류,EMPTY,0.0,0.0,0.0,0.0
전남,나주시,"재활용 가능자원 분리배출",폐섬유류,EMPTY,0.0,0.0,0.0,0.0
전남,나주시,"재활용 가능자원 분리배출",폐형광등,EMPTY,0.0,0.0,0.0,0.0
전남,나주시,"재활용 가능자원 분리배출",폐전지류,EMPTY,0.0,0.0,0.0,0.0
전남,나주시,"재활용 가능자원 분리배출",영농폐기물,농약용기류,0.2,0.0,0.0,0.2
전남,나주시,"재활용 가능자원 분리배출",영농폐기물,폐비닐,2.5,0.0,0.0,2.5
전남,나주시,"재활용 가능자원 분리배출",폐식용유,EMPTY,0.0,0.0,0.0,0.0
전남,나주시,"재활용 가능자원 분리배출",폐전기전자제품,EMPTY,0.5,0.0,0.0,0.5
전남,나주시,"재활용 가능자원 분리배출",폐가구류,EMPTY,0.0,0.0,0.0,0.0
전남,나주시,"재활용 가능자원 분리배출",기타,EMPTY,0.0,0.0,0.0,0.0
전남,나주시,"재활용 가능자원 분리배출",재활용 잔재물,EMPTY,1.5,1.5,0.0,0.0
전남,나주시,음식물류 폐기물 분리배출,EMPTY,EMPTY,30.8,0.0,0.0,30.8
전남,광양시,종량제방식 등 혼합배출,가연성,폐지류,21.3,21.3,0.0,0.0
전남,광양시,종량제방식 등 혼합배출,가연성,폐합성수지류,6.4,6.4,0.0,0.0
전남,광양시,종량제방식 등 혼합배출,가연성,폐고무류,3.5,3.5,0.0,0.0
전남,광양시,종량제방식 등 혼합배출,가연성,폐섬유류,0.0,0.0,0.0,0.0
전남,광양시,종량제방식 등 혼합배출,가연성,음식물류 폐기물,1.4,1.4,0.0,0.0
전남,광양시,종량제방식 등 혼합배출,가연성,폐목재류,6.4,6.4,0.0,0.0
전남,광양시,종량제방식 등 혼합배출,가연성,기타,31.9,31.9,0.0,0.0
전남,광양시,종량제방식 등 혼합배출,불연성,폐금속류,1.7,1.7,0.0,0.0
전남,광양시,종량제방식 등 혼합배출,불연성,폐유리류,2.3,2.3,0.0,0.0
전남,광양시,종량제방식 등 혼합배출,불연성,폐토사류,0.0,0.0,0.0,0.0
전남,광양시,종량제방식 등 혼합배출,불연성,폐타일 및 도자기류,0.0,0.0,0.0,0.0
전남,광양시,종량제방식 등 혼합배출,불연성,연탄재,0.0,0.0,0.0,0.0
전남,광양시,종량제방식 등 혼합배출,불연성,기타,13.8,13.8,0.0,0.0
전남,광양시,종량제방식 등 혼합배출,건설폐재류,EMPTY,0.0,0.0,0.0,0.0
전남,광양시,종량제방식 등 혼합배출,기타(배출불명등),EMPTY,0.0,0.0,0.0,0.0
전남,광양시,"재활용 가능자원 분리배출",폐지류,종이팩,0.1,0.0,0.0,0.1
전남,광양시,"재활용 가능자원 분리배출",폐지류,기타,13.5,0.0,0.0,13.5
전남,광양시,"재활용 가능자원 분리배출",고철류,EMPTY,1.8,0.0,0.0,1.8
전남,광양시,"재활용 가능자원 분리배출",금속캔,EMPTY,0.8,0.0,0.0,0.8
전남,광양시,"재활용 가능자원 분리배출",폐합성수지류,비닐류,0.9,0.0,0.0,0.9
전남,광양시,"재활용 가능자원 분리배출",폐합성수지류,발포수지류,0.2,0.0,0.0,0.2
전남,광양시,"재활용 가능자원 분리배출",폐합성수지류,PET병,0.7,0.0,0.0,0.7
전남,광양시,"재활용 가능자원 분리배출",폐합성수지류,기타,1.5,0.0,0.0,1.5
전남,광양시,"재활용 가능자원 분리배출",폐고무류,EMPTY,0.0,0.0,0.0,0.0
전남,광양시,"재활용 가능자원 분리배출",폐유리병류,EMPTY,0.8,0.0,0.0,0.8
전남,광양시,"재활용 가능자원 분리배출",폐의류,EMPTY,0.1,0.0,0.0,0.1
전남,광양시,"재활용 가능자원 분리배출",폐섬유류,EMPTY,0.0,0.0,0.0,0.0
전남,광양시,"재활용 가능자원 분리배출",폐형광등,EMPTY,0.1,0.0,0.0,0.1
전남,광양시,"재활용 가능자원 분리배출",폐전지류,EMPTY,0.0,0.0,0.0,0.0
전남,광양시,"재활용 가능자원 분리배출",영농폐기물,농약용기류,0.0,0.0,0.0,0.0
전남,광양시,"재활용 가능자원 분리배출",영농폐기물,폐비닐,0.7,0.0,0.0,0.7
전남,광양시,"재활용 가능자원 분리배출",폐식용유,EMPTY,0.0,0.0,0.0,0.0
전남,광양시,"재활용 가능자원 분리배출",폐전기전자제품,EMPTY,0.9,0.0,0.0,0.9
전남,광양시,"재활용 가능자원 분리배출",폐가구류,EMPTY,0.0,0.0,0.0,0.0
전남,광양시,"재활용 가능자원 분리배출",기타,EMPTY,0.0,0.0,0.0,0.0
전남,광양시,"재활용 가능자원 분리배출",재활용 잔재물,EMPTY,1.4,0.0,0.0,1.4
전남,광양시,음식물류 폐기물 분리배출,EMPTY,EMPTY,50.2,0.0,0.0,50.2
전남,담양군,종량제방식 등 혼합배출,가연성,폐지류,0.0,0.0,0.0,0.0
전남,담양군,종량제방식 등 혼합배출,가연성,폐합성수지류,0.0,0.0,0.0,0.0
전남,담양군,종량제방식 등 혼합배출,가연성,폐고무류,0.0,0.0,0.0,0.0
전남,담양군,종량제방식 등 혼합배출,가연성,폐섬유류,0.0,0.0,0.0,0.0
전남,담양군,종량제방식 등 혼합배출,가연성,음식물류 폐기물,0.0,0.0,0.0,0.0
전남,담양군,종량제방식 등 혼합배출,가연성,폐목재류,0.0,0.0,0.0,0.0
전남,담양군,종량제방식 등 혼합배출,가연성,기타,0.0,0.0,0.0,0.0
전남,담양군,종량제방식 등 혼합배출,불연성,폐금속류,0.0,0.0,0.0,0.0
전남,담양군,종량제방식 등 혼합배출,불연성,폐유리류,0.0,0.0,0.0,0.0
전남,담양군,종량제방식 등 혼합배출,불연성,폐토사류,0.0,0.0,0.0,0.0
전남,담양군,종량제방식 등 혼합배출,불연성,폐타일 및 도자기류,0.0,0.0,0.0,0.0
전남,담양군,종량제방식 등 혼합배출,불연성,연탄재,0.0,0.0,0.0,0.0
전남,담양군,종량제방식 등 혼합배출,불연성,기타,0.0,0.0,0.0,0.0
전남,담양군,종량제방식 등 혼합배출,건설폐재류,EMPTY,0.0,0.0,0.0,0.0
전남,담양군,종량제방식 등 혼합배출,기타(배출불명등),EMPTY,0.0,0.0,0.0,0.0
전남,담양군,"재활용 가능자원 분리배출",폐지류,종이팩,0.0,0.0,0.0,0.0
전남,담양군,"재활용 가능자원 분리배출",폐지류,기타,0.4,0.0,0.0,0.4
전남,담양군,"재활용 가능자원 분리배출",고철류,EMPTY,0.1,0.0,0.0,0.1
전남,담양군,"재활용 가능자원 분리배출",금속캔,EMPTY,0.2,0.0,0.0,0.2
전남,담양군,"재활용 가능자원 분리배출",폐합성수지류,비닐류,0.2,0.0,0.0,0.2
전남,담양군,"재활용 가능자원 분리배출",폐합성수지류,발포수지류,0.0,0.0,0.0,0.0
전남,담양군,"재활용 가능자원 분리배출",폐합성수지류,PET병,0.6,0.0,0.0,0.6
전남,담양군,"재활용 가능자원 분리배출",폐합성수지류,기타,0.0,0.0,0.0,0.0
전남,담양군,"재활용 가능자원 분리배출",폐고무류,EMPTY,0.0,0.0,0.0,0.0
전남,담양군,"재활용 가능자원 분리배출",폐유리병류,EMPTY,0.7,0.0,0.0,0.7
전남,담양군,"재활용 가능자원 분리배출",폐의류,EMPTY,0.0,0.0,0.0,0.0
전남,담양군,"재활용 가능자원 분리배출",폐섬유류,EMPTY,0.0,0.0,0.0,0.0
전남,담양군,"재활용 가능자원 분리배출",폐형광등,EMPTY,0.0,0.0,0.0,0.0
전남,담양군,"재활용 가능자원 분리배출",폐전지류,EMPTY,0.0,0.0,0.0,0.0
전남,담양군,"재활용 가능자원 분리배출",영농폐기물,농약용기류,0.0,0.0,0.0,0.0
전남,담양군,"재활용 가능자원 분리배출",영농폐기물,폐비닐,3.6,0.0,0.0,3.6
전남,담양군,"재활용 가능자원 분리배출",폐식용유,EMPTY,0.0,0.0,0.0,0.0
전남,담양군,"재활용 가능자원 분리배출",폐전기전자제품,EMPTY,0.0,0.0,0.0,0.0
전남,담양군,"재활용 가능자원 분리배출",폐가구류,EMPTY,0.0,0.0,0.0,0.0
전남,담양군,"재활용 가능자원 분리배출",기타,EMPTY,0.1,0.0,0.0,0.1
전남,담양군,"재활용 가능자원 분리배출",재활용 잔재물,EMPTY,0.0,0.0,0.0,0.0
전남,담양군,음식물류 폐기물 분리배출,EMPTY,EMPTY,9.5,5.8,0.0,3.7
전남,곡성군,종량제방식 등 혼합배출,가연성,폐지류,2.3,0.0,0.0,2.3
전남,곡성군,종량제방식 등 혼합배출,가연성,폐합성수지류,2.1,0.0,0.0,2.1
전남,곡성군,종량제방식 등 혼합배출,가연성,폐고무류,0.1,0.0,0.0,0.1
전남,곡성군,종량제방식 등 혼합배출,가연성,폐섬유류,0.1,0.0,0.0,0.1
전남,곡성군,종량제방식 등 혼합배출,가연성,음식물류 폐기물,0.6,0.0,0.0,0.6
전남,곡성군,종량제방식 등 혼합배출,가연성,폐목재류,0.2,0.0,0.0,0.2
전남,곡성군,종량제방식 등 혼합배출,가연성,기타,2.2,0.0,0.0,2.2
전남,곡성군,종량제방식 등 혼합배출,불연성,폐금속류,0.4,0.0,0.0,0.4
전남,곡성군,종량제방식 등 혼합배출,불연성,폐유리류,0.2,0.0,0.0,0.2
전남,곡성군,종량제방식 등 혼합배출,불연성,폐토사류,0.1,0.0,0.0,0.1
전남,곡성군,종량제방식 등 혼합배출,불연성,폐타일 및 도자기류,0.1,0.0,0.0,0.1
전남,곡성군,종량제방식 등 혼합배출,불연성,연탄재,0.0,0.0,0.0,0.0
전남,곡성군,종량제방식 등 혼합배출,불연성,기타,0.3,0.0,0.0,0.3
전남,곡성군,종량제방식 등 혼합배출,건설폐재류,EMPTY,0.0,0.0,0.0,0.0
전남,곡성군,종량제방식 등 혼합배출,기타(배출불명등),EMPTY,0.0,0.0,0.0,0.0
전남,곡성군,"재활용 가능자원 분리배출",폐지류,종이팩,0.1,0.0,0.0,0.1
전남,곡성군,"재활용 가능자원 분리배출",폐지류,기타,0.4,0.0,0.0,0.4
전남,곡성군,"재활용 가능자원 분리배출",고철류,EMPTY,0.3,0.0,0.0,0.3
전남,곡성군,"재활용 가능자원 분리배출",금속캔,EMPTY,0.2,0.0,0.0,0.2
전남,곡성군,"재활용 가능자원 분리배출",폐합성수지류,비닐류,0.0,0.0,0.0,0.0
전남,곡성군,"재활용 가능자원 분리배출",폐합성수지류,발포수지류,0.1,0.0,0.0,0.1
전남,곡성군,"재활용 가능자원 분리배출",폐합성수지류,PET병,0.3,0.0,0.0,0.3
전남,곡성군,"재활용 가능자원 분리배출",폐합성수지류,기타,0.3,0.0,0.0,0.3
전남,곡성군,"재활용 가능자원 분리배출",폐고무류,EMPTY,0.0,0.0,0.0,0.0
전남,곡성군,"재활용 가능자원 분리배출",폐유리병류,EMPTY,0.5,0.0,0.0,0.5
전남,곡성군,"재활용 가능자원 분리배출",폐의류,EMPTY,0.1,0.0,0.0,0.1
전남,곡성군,"재활용 가능자원 분리배출",폐섬유류,EMPTY,0.0,0.0,0.0,0.0
전남,곡성군,"재활용 가능자원 분리배출",폐형광등,EMPTY,0.1,0.0,0.0,0.1
전남,곡성군,"재활용 가능자원 분리배출",폐전지류,EMPTY,0.1,0.0,0.0,0.1
전남,곡성군,"재활용 가능자원 분리배출",영농폐기물,농약용기류,0.1,0.0,0.0,0.1
전남,곡성군,"재활용 가능자원 분리배출",영농폐기물,폐비닐,3.6,0.0,0.0,3.6
전남,곡성군,"재활용 가능자원 분리배출",폐식용유,EMPTY,0.0,0.0,0.0,0.0
전남,곡성군,"재활용 가능자원 분리배출",폐전기전자제품,EMPTY,0.2,0.0,0.0,0.2
전남,곡성군,"재활용 가능자원 분리배출",폐가구류,EMPTY,0.0,0.0,0.0,0.0
전남,곡성군,"재활용 가능자원 분리배출",기타,EMPTY,0.4,0.0,0.0,0.4
전남,곡성군,"재활용 가능자원 분리배출",재활용 잔재물,EMPTY,0.0,0.0,0.0,0.0
전남,곡성군,음식물류 폐기물 분리배출,EMPTY,EMPTY,5.5,0.0,0.0,5.5
전남,구례군,종량제방식 등 혼합배출,가연성,폐지류,0.5,0.0,0.0,0.5
전남,구례군,종량제방식 등 혼합배출,가연성,폐합성수지류,5.5,0.0,0.0,5.5
전남,구례군,종량제방식 등 혼합배출,가연성,폐고무류,0.3,0.0,0.0,0.3
전남,구례군,종량제방식 등 혼합배출,가연성,폐섬유류,0.3,0.0,0.0,0.3
전남,구례군,종량제방식 등 혼합배출,가연성,음식물류 폐기물,0.2,0.0,0.0,0.2
전남,구례군,종량제방식 등 혼합배출,가연성,폐목재류,0.5,0.0,0.0,0.5
전남,구례군,종량제방식 등 혼합배출,가연성,기타,1.1,0.0,0.0,1.1
전남,구례군,종량제방식 등 혼합배출,불연성,폐금속류,0.2,0.0,0.0,0.2
전남,구례군,종량제방식 등 혼합배출,불연성,폐유리류,0.2,0.0,0.0,0.2
전남,구례군,종량제방식 등 혼합배출,불연성,폐토사류,0.2,0.0,0.0,0.2
전남,구례군,종량제방식 등 혼합배출,불연성,폐타일 및 도자기류,0.2,0.0,0.0,0.2
전남,구례군,종량제방식 등 혼합배출,불연성,연탄재,0.2,0.0,0.0,0.2
전남,구례군,종량제방식 등 혼합배출,불연성,기타,0.2,0.0,0.0,0.2
전남,구례군,종량제방식 등 혼합배출,건설폐재류,EMPTY,0.2,0.0,0.0,0.2
전남,구례군,종량제방식 등 혼합배출,기타(배출불명등),EMPTY,0.5,0.0,0.0,0.5
전남,구례군,"재활용 가능자원 분리배출",폐지류,종이팩,0.0,0.0,0.0,0.0
전남,구례군,"재활용 가능자원 분리배출",폐지류,기타,0.1,0.0,0.0,0.1
전남,구례군,"재활용 가능자원 분리배출",고철류,EMPTY,0.0,0.0,0.0,0.0
전남,구례군,"재활용 가능자원 분리배출",금속캔,EMPTY,0.1,0.0,0.0,0.1
전남,구례군,"재활용 가능자원 분리배출",폐합성수지류,비닐류,0.0,0.0,0.0,0.0
전남,구례군,"재활용 가능자원 분리배출",폐합성수지류,발포수지류,0.0,0.0,0.0,0.0
전남,구례군,"재활용 가능자원 분리배출",폐합성수지류,PET병,0.1,0.0,0.0,0.1
전남,구례군,"재활용 가능자원 분리배출",폐합성수지류,기타,0.1,0.0,0.0,0.1
전남,구례군,"재활용 가능자원 분리배출",폐고무류,EMPTY,0.0,0.0,0.0,0.0
전남,구례군,"재활용 가능자원 분리배출",폐유리병류,EMPTY,0.1,0.0,0.0,0.1
전남,구례군,"재활용 가능자원 분리배출",폐의류,EMPTY,0.0,0.0,0.0,0.0
전남,구례군,"재활용 가능자원 분리배출",폐섬유류,EMPTY,0.0,0.0,0.0,0.0
전남,구례군,"재활용 가능자원 분리배출",폐형광등,EMPTY,0.0,0.0,0.0,0.0
전남,구례군,"재활용 가능자원 분리배출",폐전지류,EMPTY,0.0,0.0,0.0,0.0
전남,구례군,"재활용 가능자원 분리배출",영농폐기물,농약용기류,0.1,0.0,0.0,0.1
전남,구례군,"재활용 가능자원 분리배출",영농폐기물,폐비닐,0.9,0.0,0.0,0.9
전남,구례군,"재활용 가능자원 분리배출",폐식용유,EMPTY,0.0,0.0,0.0,0.0
전남,구례군,"재활용 가능자원 분리배출",폐전기전자제품,EMPTY,0.0,0.0,0.0,0.0
전남,구례군,"재활용 가능자원 분리배출",폐가구류,EMPTY,0.0,0.0,0.0,0.0
전남,구례군,"재활용 가능자원 분리배출",기타,EMPTY,0.3,0.0,0.0,0.3
전남,구례군,"재활용 가능자원 분리배출",재활용 잔재물,EMPTY,0.3,0.0,0.0,0.3
전남,구례군,음식물류 폐기물 분리배출,EMPTY,EMPTY,6.0,0.0,0.0,6.0
전남,고흥군,종량제방식 등 혼합배출,가연성,폐지류,0.0,0.0,0.0,0.0
전남,고흥군,종량제방식 등 혼합배출,가연성,폐합성수지류,0.0,0.0,0.0,0.0
전남,고흥군,종량제방식 등 혼합배출,가연성,폐고무류,0.0,0.0,0.0,0.0
전남,고흥군,종량제방식 등 혼합배출,가연성,폐섬유류,0.0,0.0,0.0,0.0
전남,고흥군,종량제방식 등 혼합배출,가연성,음식물류 폐기물,0.0,0.0,0.0,0.0
전남,고흥군,종량제방식 등 혼합배출,가연성,폐목재류,0.0,0.0,0.0,0.0
전남,고흥군,종량제방식 등 혼합배출,가연성,기타,26.6,0.0,26.6,0.0
전남,고흥군,종량제방식 등 혼합배출,불연성,폐금속류,0.0,0.0,0.0,0.0
전남,고흥군,종량제방식 등 혼합배출,불연성,폐유리류,0.0,0.0,0.0,0.0
전남,고흥군,종량제방식 등 혼합배출,불연성,폐토사류,0.0,0.0,0.0,0.0
전남,고흥군,종량제방식 등 혼합배출,불연성,폐타일 및 도자기류,0.0,0.0,0.0,0.0
전남,고흥군,종량제방식 등 혼합배출,불연성,연탄재,0.0,0.0,0.0,0.0
전남,고흥군,종량제방식 등 혼합배출,불연성,기타,0.0,0.0,0.0,0.0
전남,고흥군,종량제방식 등 혼합배출,건설폐재류,EMPTY,0.0,0.0,0.0,0.0
전남,고흥군,종량제방식 등 혼합배출,기타(배출불명등),EMPTY,3.7,3.7,0.0,0.0
전남,고흥군,"재활용 가능자원 분리배출",폐지류,종이팩,0.0,0.0,0.0,0.0
전남,고흥군,"재활용 가능자원 분리배출",폐지류,기타,1.9,0.0,0.0,1.9
전남,고흥군,"재활용 가능자원 분리배출",고철류,EMPTY,0.3,0.0,0.0,0.3
전남,고흥군,"재활용 가능자원 분리배출",금속캔,EMPTY,0.3,0.0,0.0,0.3
전남,고흥군,"재활용 가능자원 분리배출",폐합성수지류,비닐류,0.0,0.0,0.0,0.0
전남,고흥군,"재활용 가능자원 분리배출",폐합성수지류,발포수지류,0.0,0.0,0.0,0.0
전남,고흥군,"재활용 가능자원 분리배출",폐합성수지류,PET병,0.5,0.0,0.0,0.5
전남,고흥군,"재활용 가능자원 분리배출",폐합성수지류,기타,0.6,0.0,0.0,0.6
전남,고흥군,"재활용 가능자원 분리배출",폐고무류,EMPTY,0.0,0.0,0.0,0.0
전남,고흥군,"재활용 가능자원 분리배출",폐유리병류,EMPTY,0.8,0.0,0.0,0.8
전남,고흥군,"재활용 가능자원 분리배출",폐의류,EMPTY,0.0,0.0,0.0,0.0
전남,고흥군,"재활용 가능자원 분리배출",폐섬유류,EMPTY,0.0,0.0,0.0,0.0
전남,고흥군,"재활용 가능자원 분리배출",폐형광등,EMPTY,0.0,0.0,0.0,0.0
전남,고흥군,"재활용 가능자원 분리배출",폐전지류,EMPTY,0.0,0.0,0.0,0.0
전남,고흥군,"재활용 가능자원 분리배출",영농폐기물,농약용기류,0.0,0.0,0.0,0.0
전남,고흥군,"재활용 가능자원 분리배출",영농폐기물,폐비닐,5.7,0.0,0.0,5.7
전남,고흥군,"재활용 가능자원 분리배출",폐식용유,EMPTY,0.0,0.0,0.0,0.0
전남,고흥군,"재활용 가능자원 분리배출",폐전기전자제품,EMPTY,0.0,0.0,0.0,0.0
전남,고흥군,"재활용 가능자원 분리배출",폐가구류,EMPTY,0.0,0.0,0.0,0.0
전남,고흥군,"재활용 가능자원 분리배출",기타,EMPTY,0.2,0.0,0.0,0.2
전남,고흥군,"재활용 가능자원 분리배출",재활용 잔재물,EMPTY,0.0,0.0,0.0,0.0
전남,고흥군,음식물류 폐기물 분리배출,EMPTY,EMPTY,16.4,16.4,0.0,0.0
전남,보성군,종량제방식 등 혼합배출,가연성,폐지류,6.7,0.0,6.7,0.0
전남,보성군,종량제방식 등 혼합배출,가연성,폐합성수지류,3.9,0.0,3.9,0.0
전남,보성군,종량제방식 등 혼합배출,가연성,폐고무류,0.8,0.0,0.8,0.0
전남,보성군,종량제방식 등 혼합배출,가연성,폐섬유류,0.5,0.0,0.5,0.0
전남,보성군,종량제방식 등 혼합배출,가연성,음식물류 폐기물,0.3,0.0,0.3,0.0
전남,보성군,종량제방식 등 혼합배출,가연성,폐목재류,0.2,0.0,0.2,0.0
전남,보성군,종량제방식 등 혼합배출,가연성,기타,0.0,0.0,0.0,0.0
전남,보성군,종량제방식 등 혼합배출,불연성,폐금속류,0.1,0.1,0.0,0.0
전남,보성군,종량제방식 등 혼합배출,불연성,폐유리류,0.4,0.4,0.0,0.0
전남,보성군,종량제방식 등 혼합배출,불연성,폐토사류,0.0,0.0,0.0,0.0
전남,보성군,종량제방식 등 혼합배출,불연성,폐타일 및 도자기류,0.4,0.4,0.0,0.0
전남,보성군,종량제방식 등 혼합배출,불연성,연탄재,0.4,0.4,0.0,0.0
전남,보성군,종량제방식 등 혼합배출,불연성,기타,0.7,0.7,0.0,0.0
전남,보성군,종량제방식 등 혼합배출,건설폐재류,EMPTY,0.0,0.0,0.0,0.0
전남,보성군,종량제방식 등 혼합배출,기타(배출불명등),EMPTY,0.0,0.0,0.0,0.0
전남,보성군,"재활용 가능자원 분리배출",폐지류,종이팩,0.0,0.0,0.0,0.0
전남,보성군,"재활용 가능자원 분리배출",폐지류,기타,0.5,0.0,0.0,0.5
전남,보성군,"재활용 가능자원 분리배출",고철류,EMPTY,0.1,0.0,0.0,0.1
전남,보성군,"재활용 가능자원 분리배출",금속캔,EMPTY,0.1,0.0,0.0,0.1
전남,보성군,"재활용 가능자원 분리배출",폐합성수지류,비닐류,0.0,0.0,0.0,0.0
전남,보성군,"재활용 가능자원 분리배출",폐합성수지류,발포수지류,0.0,0.0,0.0,0.0
전남,보성군,"재활용 가능자원 분리배출",폐합성수지류,PET병,0.3,0.0,0.0,0.3
전남,보성군,"재활용 가능자원 분리배출",폐합성수지류,기타,0.2,0.0,0.0,0.2
전남,보성군,"재활용 가능자원 분리배출",폐고무류,EMPTY,0.0,0.0,0.0,0.0
전남,보성군,"재활용 가능자원 분리배출",폐유리병류,EMPTY,0.7,0.0,0.0,0.7
전남,보성군,"재활용 가능자원 분리배출",폐의류,EMPTY,0.0,0.0,0.0,0.0
전남,보성군,"재활용 가능자원 분리배출",폐섬유류,EMPTY,0.0,0.0,0.0,0.0
전남,보성군,"재활용 가능자원 분리배출",폐형광등,EMPTY,0.0,0.0,0.0,0.0
전남,보성군,"재활용 가능자원 분리배출",폐전지류,EMPTY,0.0,0.0,0.0,0.0
전남,보성군,"재활용 가능자원 분리배출",영농폐기물,농약용기류,0.0,0.0,0.0,0.0
전남,보성군,"재활용 가능자원 분리배출",영농폐기물,폐비닐,0.0,0.0,0.0,0.0
전남,보성군,"재활용 가능자원 분리배출",폐식용유,EMPTY,0.0,0.0,0.0,0.0
전남,보성군,"재활용 가능자원 분리배출",폐전기전자제품,EMPTY,0.0,0.0,0.0,0.0
전남,보성군,"재활용 가능자원 분리배출",폐가구류,EMPTY,0.0,0.0,0.0,0.0
전남,보성군,"재활용 가능자원 분리배출",기타,EMPTY,0.1,0.0,0.0,0.1
전남,보성군,"재활용 가능자원 분리배출",재활용 잔재물,EMPTY,0.0,0.0,0.0,0.0
전남,보성군,음식물류 폐기물 분리배출,EMPTY,EMPTY,10.6,0.0,0.0,10.6
전남,화순군,종량제방식 등 혼합배출,가연성,폐지류,5.2,5.0,0.2,0.0
전남,화순군,종량제방식 등 혼합배출,가연성,폐합성수지류,5.8,4.9,0.9,0.0
전남,화순군,종량제방식 등 혼합배출,가연성,폐고무류,0.2,0.2,0.0,0.0
전남,화순군,종량제방식 등 혼합배출,가연성,폐섬유류,0.1,0.1,0.0,0.0
전남,화순군,종량제방식 등 혼합배출,가연성,음식물류 폐기물,1.3,1.3,0.0,0.0
전남,화순군,종량제방식 등 혼합배출,가연성,폐목재류,0.5,0.4,0.1,0.0
전남,화순군,종량제방식 등 혼합배출,가연성,기타,5.0,5.0,0.0,0.0
전남,화순군,종량제방식 등 혼합배출,불연성,폐금속류,0.8,0.8,0.0,0.0
전남,화순군,종량제방식 등 혼합배출,불연성,폐유리류,0.5,0.5,0.0,0.0
전남,화순군,종량제방식 등 혼합배출,불연성,폐토사류,0.2,0.2,0.0,0.0
전남,화순군,종량제방식 등 혼합배출,불연성,폐타일 및 도자기류,0.2,0.2,0.0,0.0
전남,화순군,종량제방식 등 혼합배출,불연성,연탄재,0.0,0.0,0.0,0.0
전남,화순군,종량제방식 등 혼합배출,불연성,기타,0.7,0.7,0.0,0.0
전남,화순군,종량제방식 등 혼합배출,건설폐재류,EMPTY,0.0,0.0,0.0,0.0
전남,화순군,종량제방식 등 혼합배출,기타(배출불명등),EMPTY,0.0,0.0,0.0,0.0
전남,화순군,"재활용 가능자원 분리배출",폐지류,종이팩,0.1,0.0,0.0,0.1
전남,화순군,"재활용 가능자원 분리배출",폐지류,기타,0.6,0.0,0.0,0.6
전남,화순군,"재활용 가능자원 분리배출",고철류,EMPTY,0.1,0.0,0.0,0.1
전남,화순군,"재활용 가능자원 분리배출",금속캔,EMPTY,0.1,0.0,0.0,0.1
전남,화순군,"재활용 가능자원 분리배출",폐합성수지류,비닐류,1.3,0.0,0.0,1.3
전남,화순군,"재활용 가능자원 분리배출",폐합성수지류,발포수지류,0.1,0.0,0.0,0.1
전남,화순군,"재활용 가능자원 분리배출",폐합성수지류,PET병,0.9,0.0,0.0,0.9
전남,화순군,"재활용 가능자원 분리배출",폐합성수지류,기타,0.0,0.0,0.0,0.0
전남,화순군,"재활용 가능자원 분리배출",폐고무류,EMPTY,0.0,0.0,0.0,0.0
전남,화순군,"재활용 가능자원 분리배출",폐유리병류,EMPTY,0.7,0.0,0.0,0.7
전남,화순군,"재활용 가능자원 분리배출",폐의류,EMPTY,0.0,0.0,0.0,0.0
전남,화순군,"재활용 가능자원 분리배출",폐섬유류,EMPTY,0.0,0.0,0.0,0.0
전남,화순군,"재활용 가능자원 분리배출",폐형광등,EMPTY,0.0,0.0,0.0,0.0
전남,화순군,"재활용 가능자원 분리배출",폐전지류,EMPTY,0.0,0.0,0.0,0.0
전남,화순군,"재활용 가능자원 분리배출",영농폐기물,농약용기류,0.0,0.0,0.0,0.0
전남,화순군,"재활용 가능자원 분리배출",영농폐기물,폐비닐,0.3,0.0,0.0,0.3
전남,화순군,"재활용 가능자원 분리배출",폐식용유,EMPTY,0.0,0.0,0.0,0.0
전남,화순군,"재활용 가능자원 분리배출",폐전기전자제품,EMPTY,0.1,0.0,0.0,0.1
전남,화순군,"재활용 가능자원 분리배출",폐가구류,EMPTY,0.0,0.0,0.0,0.0
전남,화순군,"재활용 가능자원 분리배출",기타,EMPTY,0.5,0.0,0.0,0.5
전남,화순군,"재활용 가능자원 분리배출",재활용 잔재물,EMPTY,0.0,0.0,0.0,0.0
전남,화순군,음식물류 폐기물 분리배출,EMPTY,EMPTY,12.1,0.0,0.0,12.1
전남,장흥군,종량제방식 등 혼합배출,가연성,폐지류,0.0,0.0,0.0,0.0
전남,장흥군,종량제방식 등 혼합배출,가연성,폐합성수지류,0.0,0.0,0.0,0.0
전남,장흥군,종량제방식 등 혼합배출,가연성,폐고무류,0.0,0.0,0.0,0.0
전남,장흥군,종량제방식 등 혼합배출,가연성,폐섬유류,0.0,0.0,0.0,0.0
전남,장흥군,종량제방식 등 혼합배출,가연성,음식물류 폐기물,0.0,0.0,0.0,0.0
전남,장흥군,종량제방식 등 혼합배출,가연성,폐목재류,0.7,0.0,0.7,0.0
전남,장흥군,종량제방식 등 혼합배출,가연성,기타,8.0,0.0,8.0,0.0
전남,장흥군,종량제방식 등 혼합배출,불연성,폐금속류,0.0,0.0,0.0,0.0
전남,장흥군,종량제방식 등 혼합배출,불연성,폐유리류,0.0,0.0,0.0,0.0
전남,장흥군,종량제방식 등 혼합배출,불연성,폐토사류,0.0,0.0,0.0,0.0
전남,장흥군,종량제방식 등 혼합배출,불연성,폐타일 및 도자기류,0.0,0.0,0.0,0.0
전남,장흥군,종량제방식 등 혼합배출,불연성,연탄재,0.0,0.0,0.0,0.0
전남,장흥군,종량제방식 등 혼합배출,불연성,기타,0.6,0.6,0.0,0.0
전남,장흥군,종량제방식 등 혼합배출,건설폐재류,EMPTY,0.0,0.0,0.0,0.0
전남,장흥군,종량제방식 등 혼합배출,기타(배출불명등),EMPTY,0.0,0.0,0.0,0.0
전남,장흥군,"재활용 가능자원 분리배출",폐지류,종이팩,1.1,0.0,0.0,1.1
전남,장흥군,"재활용 가능자원 분리배출",폐지류,기타,0.0,0.0,0.0,0.0
전남,장흥군,"재활용 가능자원 분리배출",고철류,EMPTY,0.1,0.0,0.0,0.1
전남,장흥군,"재활용 가능자원 분리배출",금속캔,EMPTY,0.0,0.0,0.0,0.0
전남,장흥군,"재활용 가능자원 분리배출",폐합성수지류,비닐류,0.0,0.0,0.0,0.0
전남,장흥군,"재활용 가능자원 분리배출",폐합성수지류,발포수지류,0.0,0.0,0.0,0.0
전남,장흥군,"재활용 가능자원 분리배출",폐합성수지류,PET병,0.2,0.0,0.0,0.2
전남,장흥군,"재활용 가능자원 분리배출",폐합성수지류,기타,0.0,0.0,0.0,0.0
전남,장흥군,"재활용 가능자원 분리배출",폐고무류,EMPTY,0.0,0.0,0.0,0.0
전남,장흥군,"재활용 가능자원 분리배출",폐유리병류,EMPTY,0.5,0.0,0.0,0.5
전남,장흥군,"재활용 가능자원 분리배출",폐의류,EMPTY,0.0,0.0,0.0,0.0
전남,장흥군,"재활용 가능자원 분리배출",폐섬유류,EMPTY,0.0,0.0,0.0,0.0
전남,장흥군,"재활용 가능자원 분리배출",폐형광등,EMPTY,0.0,0.0,0.0,0.0
전남,장흥군,"재활용 가능자원 분리배출",폐전지류,EMPTY,0.0,0.0,0.0,0.0
전남,장흥군,"재활용 가능자원 분리배출",영농폐기물,농약용기류,0.0,0.0,0.0,0.0
전남,장흥군,"재활용 가능자원 분리배출",영농폐기물,폐비닐,0.0,0.0,0.0,0.0
전남,장흥군,"재활용 가능자원 분리배출",폐식용유,EMPTY,0.0,0.0,0.0,0.0
전남,장흥군,"재활용 가능자원 분리배출",폐전기전자제품,EMPTY,0.0,0.0,0.0,0.0
전남,장흥군,"재활용 가능자원 분리배출",폐가구류,EMPTY,0.0,0.0,0.0,0.0
전남,장흥군,"재활용 가능자원 분리배출",기타,EMPTY,0.0,0.0,0.0,0.0
전남,장흥군,"재활용 가능자원 분리배출",재활용 잔재물,EMPTY,0.8,0.1,0.7,0.0
전남,장흥군,음식물류 폐기물 분리배출,EMPTY,EMPTY,8.0,8.0,0.0,0.0
전남,강진군,종량제방식 등 혼합배출,가연성,폐지류,4.1,0.1,4.0,0.0
전남,강진군,종량제방식 등 혼합배출,가연성,폐합성수지류,3.3,0.3,3.0,0.0
전남,강진군,종량제방식 등 혼합배출,가연성,폐고무류,0.4,0.0,0.4,0.0
전남,강진군,종량제방식 등 혼합배출,가연성,폐섬유류,0.9,0.0,0.9,0.0
전남,강진군,종량제방식 등 혼합배출,가연성,음식물류 폐기물,0.7,0.2,0.5,0.0
전남,강진군,종량제방식 등 혼합배출,가연성,폐목재류,0.1,0.0,0.1,0.0
전남,강진군,종량제방식 등 혼합배출,가연성,기타,0.3,0.0,0.3,0.0
전남,강진군,종량제방식 등 혼합배출,불연성,폐금속류,0.2,0.0,0.2,0.0
전남,강진군,종량제방식 등 혼합배출,불연성,폐유리류,0.3,0.1,0.2,0.0
전남,강진군,종량제방식 등 혼합배출,불연성,폐토사류,1.4,1.4,0.0,0.0
전남,강진군,종량제방식 등 혼합배출,불연성,폐타일 및 도자기류,0.1,0.1,0.0,0.0
전남,강진군,종량제방식 등 혼합배출,불연성,연탄재,0.2,0.2,0.0,0.0
전남,강진군,종량제방식 등 혼합배출,불연성,기타,0.8,0.7,0.1,0.0
전남,강진군,종량제방식 등 혼합배출,건설폐재류,EMPTY,0.0,0.0,0.0,0.0
전남,강진군,종량제방식 등 혼합배출,기타(배출불명등),EMPTY,0.0,0.0,0.0,0.0
전남,강진군,"재활용 가능자원 분리배출",폐지류,종이팩,0.0,0.0,0.0,0.0
전남,강진군,"재활용 가능자원 분리배출",폐지류,기타,2.6,0.0,0.0,2.6
전남,강진군,"재활용 가능자원 분리배출",고철류,EMPTY,2.3,0.0,0.0,2.3
전남,강진군,"재활용 가능자원 분리배출",금속캔,EMPTY,0.2,0.0,0.0,0.2
전남,강진군,"재활용 가능자원 분리배출",폐합성수지류,비닐류,0.0,0.0,0.0,0.0
전남,강진군,"재활용 가능자원 분리배출",폐합성수지류,발포수지류,0.0,0.0,0.0,0.0
전남,강진군,"재활용 가능자원 분리배출",폐합성수지류,PET병,0.2,0.0,0.0,0.2
전남,강진군,"재활용 가능자원 분리배출",폐합성수지류,기타,0.3,0.0,0.0,0.3
전남,강진군,"재활용 가능자원 분리배출",폐고무류,EMPTY,0.0,0.0,0.0,0.0
전남,강진군,"재활용 가능자원 분리배출",폐유리병류,EMPTY,0.5,0.0,0.0,0.5
전남,강진군,"재활용 가능자원 분리배출",폐의류,EMPTY,0.2,0.0,0.0,0.2
전남,강진군,"재활용 가능자원 분리배출",폐섬유류,EMPTY,0.0,0.0,0.0,0.0
전남,강진군,"재활용 가능자원 분리배출",폐형광등,EMPTY,0.0,0.0,0.0,0.0
전남,강진군,"재활용 가능자원 분리배출",폐전지류,EMPTY,0.0,0.0,0.0,0.0
전남,강진군,"재활용 가능자원 분리배출",영농폐기물,농약용기류,0.0,0.0,0.0,0.0
전남,강진군,"재활용 가능자원 분리배출",영농폐기물,폐비닐,0.8,0.0,0.0,0.8
전남,강진군,"재활용 가능자원 분리배출",폐식용유,EMPTY,0.0,0.0,0.0,0.0
전남,강진군,"재활용 가능자원 분리배출",폐전기전자제품,EMPTY,0.3,0.0,0.0,0.3
전남,강진군,"재활용 가능자원 분리배출",폐가구류,EMPTY,0.0,0.0,0.0,0.0
전남,강진군,"재활용 가능자원 분리배출",기타,EMPTY,0.0,0.0,0.0,0.0
전남,강진군,"재활용 가능자원 분리배출",재활용 잔재물,EMPTY,2.5,0.5,2.0,0.0
전남,강진군,음식물류 폐기물 분리배출,EMPTY,EMPTY,6.7,0.0,0.0,6.7
전남,해남군,종량제방식 등 혼합배출,가연성,폐지류,6.2,0.6,5.6,0.0
전남,해남군,종량제방식 등 혼합배출,가연성,폐합성수지류,5.1,0.5,4.6,0.0
전남,해남군,종량제방식 등 혼합배출,가연성,폐고무류,0.2,0.0,0.2,0.0
전남,해남군,종량제방식 등 혼합배출,가연성,폐섬유류,0.9,0.1,0.8,0.0
전남,해남군,종량제방식 등 혼합배출,가연성,음식물류 폐기물,1.3,0.1,1.2,0.0
전남,해남군,종량제방식 등 혼합배출,가연성,폐목재류,0.7,0.1,0.6,0.0
전남,해남군,종량제방식 등 혼합배출,가연성,기타,4.0,0.4,3.6,0.0
전남,해남군,종량제방식 등 혼합배출,불연성,폐금속류,0.5,0.0,0.5,0.0
전남,해남군,종량제방식 등 혼합배출,불연성,폐유리류,0.8,0.1,0.7,0.0
전남,해남군,종량제방식 등 혼합배출,불연성,폐토사류,0.2,0.0,0.2,0.0
전남,해남군,종량제방식 등 혼합배출,불연성,폐타일 및 도자기류,0.1,0.0,0.1,0.0
전남,해남군,종량제방식 등 혼합배출,불연성,연탄재,0.1,0.0,0.1,0.0
전남,해남군,종량제방식 등 혼합배출,불연성,기타,0.3,0.0,0.3,0.0
전남,해남군,종량제방식 등 혼합배출,건설폐재류,EMPTY,0.0,0.0,0.0,0.0
전남,해남군,종량제방식 등 혼합배출,기타(배출불명등),EMPTY,0.0,0.0,0.0,0.0
전남,해남군,"재활용 가능자원 분리배출",폐지류,종이팩,0.0,0.0,0.0,0.0
전남,해남군,"재활용 가능자원 분리배출",폐지류,기타,0.1,0.0,0.0,0.1
전남,해남군,"재활용 가능자원 분리배출",고철류,EMPTY,0.1,0.0,0.0,0.1
전남,해남군,"재활용 가능자원 분리배출",금속캔,EMPTY,0.3,0.0,0.0,0.3
전남,해남군,"재활용 가능자원 분리배출",폐합성수지류,비닐류,0.0,0.0,0.0,0.0
전남,해남군,"재활용 가능자원 분리배출",폐합성수지류,발포수지류,0.1,0.0,0.0,0.1
전남,해남군,"재활용 가능자원 분리배출",폐합성수지류,PET병,0.5,0.0,0.0,0.5
전남,해남군,"재활용 가능자원 분리배출",폐합성수지류,기타,0.5,0.0,0.0,0.5
전남,해남군,"재활용 가능자원 분리배출",폐고무류,EMPTY,0.0,0.0,0.0,0.0
전남,해남군,"재활용 가능자원 분리배출",폐유리병류,EMPTY,0.9,0.0,0.0,0.9
전남,해남군,"재활용 가능자원 분리배출",폐의류,EMPTY,0.0,0.0,0.0,0.0
전남,해남군,"재활용 가능자원 분리배출",폐섬유류,EMPTY,0.0,0.0,0.0,0.0
전남,해남군,"재활용 가능자원 분리배출",폐형광등,EMPTY,0.0,0.0,0.0,0.0
전남,해남군,"재활용 가능자원 분리배출",폐전지류,EMPTY,0.0,0.0,0.0,0.0
전남,해남군,"재활용 가능자원 분리배출",영농폐기물,농약용기류,0.2,0.0,0.0,0.2
전남,해남군,"재활용 가능자원 분리배출",영농폐기물,폐비닐,25.0,0.0,0.0,25.0
전남,해남군,"재활용 가능자원 분리배출",폐식용유,EMPTY,0.0,0.0,0.0,0.0
전남,해남군,"재활용 가능자원 분리배출",폐전기전자제품,EMPTY,0.1,0.0,0.0,0.1
전남,해남군,"재활용 가능자원 분리배출",폐가구류,EMPTY,0.0,0.0,0.0,0.0
전남,해남군,"재활용 가능자원 분리배출",기타,EMPTY,2.0,0.0,0.0,2.0
전남,해남군,"재활용 가능자원 분리배출",재활용 잔재물,EMPTY,0.8,0.8,0.0,0.0
전남,해남군,음식물류 폐기물 분리배출,EMPTY,EMPTY,12.9,0.0,0.0,12.9
전남,영암군,종량제방식 등 혼합배출,가연성,폐지류,4.9,0.0,4.9,0.0
전남,영암군,종량제방식 등 혼합배출,가연성,폐합성수지류,5.7,0.0,5.7,0.0
전남,영암군,종량제방식 등 혼합배출,가연성,폐고무류,0.0,0.0,0.0,0.0
전남,영암군,종량제방식 등 혼합배출,가연성,폐섬유류,5.9,0.0,5.9,0.0
전남,영암군,종량제방식 등 혼합배출,가연성,음식물류 폐기물,1.0,0.0,1.0,0.0
전남,영암군,종량제방식 등 혼합배출,가연성,폐목재류,0.5,0.0,0.5,0.0
전남,영암군,종량제방식 등 혼합배출,가연성,기타,0.0,0.0,0.0,0.0
전남,영암군,종량제방식 등 혼합배출,불연성,폐금속류,0.3,0.0,0.3,0.0
전남,영암군,종량제방식 등 혼합배출,불연성,폐유리류,0.9,0.0,0.9,0.0
전남,영암군,종량제방식 등 혼합배출,불연성,폐토사류,0.4,0.0,0.4,0.0
전남,영암군,종량제방식 등 혼합배출,불연성,폐타일 및 도자기류,0.0,0.0,0.0,0.0
전남,영암군,종량제방식 등 혼합배출,불연성,연탄재,0.0,0.0,0.0,0.0
전남,영암군,종량제방식 등 혼합배출,불연성,기타,0.0,0.0,0.0,0.0
전남,영암군,종량제방식 등 혼합배출,건설폐재류,EMPTY,0.0,0.0,0.0,0.0
전남,영암군,종량제방식 등 혼합배출,기타(배출불명등),EMPTY,0.0,0.0,0.0,0.0
전남,영암군,"재활용 가능자원 분리배출",폐지류,종이팩,0.1,0.0,0.0,0.1
전남,영암군,"재활용 가능자원 분리배출",폐지류,기타,0.5,0.0,0.0,0.5
전남,영암군,"재활용 가능자원 분리배출",고철류,EMPTY,0.3,0.0,0.0,0.3
전남,영암군,"재활용 가능자원 분리배출",금속캔,EMPTY,0.2,0.0,0.0,0.2
전남,영암군,"재활용 가능자원 분리배출",폐합성수지류,비닐류,0.0,0.0,0.0,0.0
전남,영암군,"재활용 가능자원 분리배출",폐합성수지류,발포수지류,0.1,0.0,0.0,0.1
전남,영암군,"재활용 가능자원 분리배출",폐합성수지류,PET병,0.3,0.0,0.0,0.3
전남,영암군,"재활용 가능자원 분리배출",폐합성수지류,기타,0.3,0.0,0.0,0.3
전남,영암군,"재활용 가능자원 분리배출",폐고무류,EMPTY,0.0,0.0,0.0,0.0
전남,영암군,"재활용 가능자원 분리배출",폐유리병류,EMPTY,0.7,0.0,0.0,0.7
전남,영암군,"재활용 가능자원 분리배출",폐의류,EMPTY,0.0,0.0,0.0,0.0
전남,영암군,"재활용 가능자원 분리배출",폐섬유류,EMPTY,0.0,0.0,0.0,0.0
전남,영암군,"재활용 가능자원 분리배출",폐형광등,EMPTY,0.0,0.0,0.0,0.0
전남,영암군,"재활용 가능자원 분리배출",폐전지류,EMPTY,0.0,0.0,0.0,0.0
전남,영암군,"재활용 가능자원 분리배출",영농폐기물,농약용기류,0.1,0.0,0.0,0.1
전남,영암군,"재활용 가능자원 분리배출",영농폐기물,폐비닐,9.7,0.0,0.0,9.7
전남,영암군,"재활용 가능자원 분리배출",폐식용유,EMPTY,0.0,0.0,0.0,0.0
전남,영암군,"재활용 가능자원 분리배출",폐전기전자제품,EMPTY,0.0,0.0,0.0,0.0
전남,영암군,"재활용 가능자원 분리배출",폐가구류,EMPTY,0.0,0.0,0.0,0.0
전남,영암군,"재활용 가능자원 분리배출",기타,EMPTY,0.0,0.0,0.0,0.0
전남,영암군,"재활용 가능자원 분리배출",재활용 잔재물,EMPTY,0.2,0.0,0.0,0.2
전남,영암군,음식물류 폐기물 분리배출,EMPTY,EMPTY,14.8,0.0,10.6,4.2
전남,무안군,종량제방식 등 혼합배출,가연성,폐지류,11.5,4.1,7.4,0.0
전남,무안군,종량제방식 등 혼합배출,가연성,폐합성수지류,9.4,3.4,6.0,0.0
전남,무안군,종량제방식 등 혼합배출,가연성,폐고무류,0.5,0.2,0.3,0.0
전남,무안군,종량제방식 등 혼합배출,가연성,폐섬유류,1.6,0.6,1.0,0.0
전남,무안군,종량제방식 등 혼합배출,가연성,음식물류 폐기물,2.5,0.9,1.6,0.0
전남,무안군,종량제방식 등 혼합배출,가연성,폐목재류,1.1,0.4,0.7,0.0
전남,무안군,종량제방식 등 혼합배출,가연성,기타,7.5,2.7,4.8,0.0
전남,무안군,종량제방식 등 혼합배출,불연성,폐금속류,0.9,0.3,0.6,0.0
전남,무안군,종량제방식 등 혼합배출,불연성,폐유리류,1.4,0.5,0.9,0.0
전남,무안군,종량제방식 등 혼합배출,불연성,폐토사류,0.4,0.1,0.3,0.0
전남,무안군,종량제방식 등 혼합배출,불연성,폐타일 및 도자기류,0.1,0.0,0.1,0.0
전남,무안군,종량제방식 등 혼합배출,불연성,연탄재,0.2,0.1,0.1,0.0
전남,무안군,종량제방식 등 혼합배출,불연성,기타,0.6,0.2,0.4,0.0
전남,무안군,종량제방식 등 혼합배출,건설폐재류,EMPTY,0.0,0.0,0.0,0.0
전남,무안군,종량제방식 등 혼합배출,기타(배출불명등),EMPTY,0.0,0.0,0.0,0.0
전남,무안군,"재활용 가능자원 분리배출",폐지류,종이팩,0.0,0.0,0.0,0.0
전남,무안군,"재활용 가능자원 분리배출",폐지류,기타,1.4,0.0,0.0,1.4
전남,무안군,"재활용 가능자원 분리배출",고철류,EMPTY,0.1,0.0,0.0,0.1
전남,무안군,"재활용 가능자원 분리배출",금속캔,EMPTY,0.1,0.0,0.0,0.1
전남,무안군,"재활용 가능자원 분리배출",폐합성수지류,비닐류,0.3,0.0,0.0,0.3
전남,무안군,"재활용 가능자원 분리배출",폐합성수지류,발포수지류,0.1,0.0,0.0,0.1
전남,무안군,"재활용 가능자원 분리배출",폐합성수지류,PET병,1.0,0.0,0.0,1.0
전남,무안군,"재활용 가능자원 분리배출",폐합성수지류,기타,0.0,0.0,0.0,0.0
전남,무안군,"재활용 가능자원 분리배출",폐고무류,EMPTY,0.0,0.0,0.0,0.0
전남,무안군,"재활용 가능자원 분리배출",폐유리병류,EMPTY,0.6,0.0,0.0,0.6
전남,무안군,"재활용 가능자원 분리배출",폐의류,EMPTY,0.0,0.0,0.0,0.0
전남,무안군,"재활용 가능자원 분리배출",폐섬유류,EMPTY,0.0,0.0,0.0,0.0
전남,무안군,"재활용 가능자원 분리배출",폐형광등,EMPTY,0.0,0.0,0.0,0.0
전남,무안군,"재활용 가능자원 분리배출",폐전지류,EMPTY,0.0,0.0,0.0,0.0
전남,무안군,"재활용 가능자원 분리배출",영농폐기물,농약용기류,0.2,0.0,0.0,0.2
전남,무안군,"재활용 가능자원 분리배출",영농폐기물,폐비닐,0.0,0.0,0.0,0.0
전남,무안군,"재활용 가능자원 분리배출",폐식용유,EMPTY,0.0,0.0,0.0,0.0
전남,무안군,"재활용 가능자원 분리배출",폐전기전자제품,EMPTY,0.5,0.0,0.0,0.5
전남,무안군,"재활용 가능자원 분리배출",폐가구류,EMPTY,0.0,0.0,0.0,0.0
전남,무안군,"재활용 가능자원 분리배출",기타,EMPTY,0.0,0.0,0.0,0.0
전남,무안군,"재활용 가능자원 분리배출",재활용 잔재물,EMPTY,1.0,0.5,0.5,0.0
전남,무안군,음식물류 폐기물 분리배출,EMPTY,EMPTY,26.9,14.2,9.6,3.1
전남,함평군,종량제방식 등 혼합배출,가연성,폐지류,3.4,0.0,3.4,0.0
전남,함평군,종량제방식 등 혼합배출,가연성,폐합성수지류,2.8,0.0,2.8,0.0
전남,함평군,종량제방식 등 혼합배출,가연성,폐고무류,0.1,0.0,0.1,0.0
전남,함평군,종량제방식 등 혼합배출,가연성,폐섬유류,0.5,0.0,0.5,0.0
전남,함평군,종량제방식 등 혼합배출,가연성,음식물류 폐기물,0.7,0.0,0.7,0.0
전남,함평군,종량제방식 등 혼합배출,가연성,폐목재류,0.3,0.0,0.3,0.0
전남,함평군,종량제방식 등 혼합배출,가연성,기타,2.2,0.0,2.2,0.0
전남,함평군,종량제방식 등 혼합배출,불연성,폐금속류,0.2,0.2,0.0,0.0
전남,함평군,종량제방식 등 혼합배출,불연성,폐유리류,0.3,0.3,0.0,0.0
전남,함평군,종량제방식 등 혼합배출,불연성,폐토사류,0.1,0.1,0.0,0.0
전남,함평군,종량제방식 등 혼합배출,불연성,폐타일 및 도자기류,0.0,0.0,0.0,0.0
전남,함평군,종량제방식 등 혼합배출,불연성,연탄재,0.0,0.0,0.0,0.0
전남,함평군,종량제방식 등 혼합배출,불연성,기타,0.2,0.2,0.0,0.0
전남,함평군,종량제방식 등 혼합배출,건설폐재류,EMPTY,0.0,0.0,0.0,0.0
전남,함평군,종량제방식 등 혼합배출,기타(배출불명등),EMPTY,0.0,0.0,0.0,0.0
전남,함평군,"재활용 가능자원 분리배출",폐지류,종이팩,0.0,0.0,0.0,0.0
전남,함평군,"재활용 가능자원 분리배출",폐지류,기타,0.1,0.0,0.0,0.1
전남,함평군,"재활용 가능자원 분리배출",고철류,EMPTY,0.1,0.0,0.0,0.1
전남,함평군,"재활용 가능자원 분리배출",금속캔,EMPTY,0.1,0.0,0.0,0.1
전남,함평군,"재활용 가능자원 분리배출",폐합성수지류,비닐류,0.0,0.0,0.0,0.0
전남,함평군,"재활용 가능자원 분리배출",폐합성수지류,발포수지류,0.0,0.0,0.0,0.0
전남,함평군,"재활용 가능자원 분리배출",폐합성수지류,PET병,0.0,0.0,0.0,0.0
전남,함평군,"재활용 가능자원 분리배출",폐합성수지류,기타,0.1,0.0,0.0,0.1
전남,함평군,"재활용 가능자원 분리배출",폐고무류,EMPTY,0.0,0.0,0.0,0.0
전남,함평군,"재활용 가능자원 분리배출",폐유리병류,EMPTY,0.1,0.0,0.0,0.1
전남,함평군,"재활용 가능자원 분리배출",폐의류,EMPTY,0.0,0.0,0.0,0.0
전남,함평군,"재활용 가능자원 분리배출",폐섬유류,EMPTY,0.0,0.0,0.0,0.0
전남,함평군,"재활용 가능자원 분리배출",폐형광등,EMPTY,0.0,0.0,0.0,0.0
전남,함평군,"재활용 가능자원 분리배출",폐전지류,EMPTY,0.0,0.0,0.0,0.0
전남,함평군,"재활용 가능자원 분리배출",영농폐기물,농약용기류,0.1,0.0,0.0,0.1
전남,함평군,"재활용 가능자원 분리배출",영농폐기물,폐비닐,2.7,0.0,0.0,2.7
전남,함평군,"재활용 가능자원 분리배출",폐식용유,EMPTY,0.0,0.0,0.0,0.0
전남,함평군,"재활용 가능자원 분리배출",폐전기전자제품,EMPTY,0.2,0.0,0.0,0.2
전남,함평군,"재활용 가능자원 분리배출",폐가구류,EMPTY,0.0,0.0,0.0,0.0
전남,함평군,"재활용 가능자원 분리배출",기타,EMPTY,0.0,0.0,0.0,0.0
전남,함평군,"재활용 가능자원 분리배출",재활용 잔재물,EMPTY,0.0,0.0,0.0,0.0
전남,함평군,음식물류 폐기물 분리배출,EMPTY,EMPTY,4.0,0.8,0.0,3.2
전남,영광군,종량제방식 등 혼합배출,가연성,폐지류,9.9,5.0,4.9,0.0
전남,영광군,종량제방식 등 혼합배출,가연성,폐합성수지류,7.1,3.6,3.5,0.0
전남,영광군,종량제방식 등 혼합배출,가연성,폐고무류,0.0,0.0,0.0,0.0
전남,영광군,종량제방식 등 혼합배출,가연성,폐섬유류,0.0,0.0,0.0,0.0
전남,영광군,종량제방식 등 혼합배출,가연성,음식물류 폐기물,4.8,2.4,2.4,0.0
전남,영광군,종량제방식 등 혼합배출,가연성,폐목재류,0.1,0.1,0.0,0.0
전남,영광군,종량제방식 등 혼합배출,가연성,기타,0.0,0.0,0.0,0.0
전남,영광군,종량제방식 등 혼합배출,불연성,폐금속류,0.1,0.1,0.0,0.0
전남,영광군,종량제방식 등 혼합배출,불연성,폐유리류,0.0,0.0,0.0,0.0
전남,영광군,종량제방식 등 혼합배출,불연성,폐토사류,0.1,0.1,0.0,0.0
전남,영광군,종량제방식 등 혼합배출,불연성,폐타일 및 도자기류,0.1,0.1,0.0,0.0
전남,영광군,종량제방식 등 혼합배출,불연성,연탄재,0.0,0.0,0.0,0.0
전남,영광군,종량제방식 등 혼합배출,불연성,기타,0.5,0.5,0.0,0.0
전남,영광군,종량제방식 등 혼합배출,건설폐재류,EMPTY,0.2,0.2,0.0,0.0
전남,영광군,종량제방식 등 혼합배출,기타(배출불명등),EMPTY,0.0,0.0,0.0,0.0
전남,영광군,"재활용 가능자원 분리배출",폐지류,종이팩,0.3,0.0,0.0,0.3
전남,영광군,"재활용 가능자원 분리배출",폐지류,기타,0.0,0.0,0.0,0.0
전남,영광군,"재활용 가능자원 분리배출",고철류,EMPTY,0.1,0.0,0.0,0.1
전남,영광군,"재활용 가능자원 분리배출",금속캔,EMPTY,0.0,0.0,0.0,0.0
전남,영광군,"재활용 가능자원 분리배출",폐합성수지류,비닐류,0.0,0.0,0.0,0.0
전남,영광군,"재활용 가능자원 분리배출",폐합성수지류,발포수지류,0.0,0.0,0.0,0.0
전남,영광군,"재활용 가능자원 분리배출",폐합성수지류,PET병,0.1,0.0,0.0,0.1
전남,영광군,"재활용 가능자원 분리배출",폐합성수지류,기타,0.2,0.0,0.0,0.2
전남,영광군,"재활용 가능자원 분리배출",폐고무류,EMPTY,0.0,0.0,0.0,0.0
전남,영광군,"재활용 가능자원 분리배출",폐유리병류,EMPTY,0.2,0.0,0.0,0.2
전남,영광군,"재활용 가능자원 분리배출",폐의류,EMPTY,0.0,0.0,0.0,0.0
전남,영광군,"재활용 가능자원 분리배출",폐섬유류,EMPTY,0.0,0.0,0.0,0.0
전남,영광군,"재활용 가능자원 분리배출",폐형광등,EMPTY,0.0,0.0,0.0,0.0
전남,영광군,"재활용 가능자원 분리배출",폐전지류,EMPTY,0.0,0.0,0.0,0.0
전남,영광군,"재활용 가능자원 분리배출",영농폐기물,농약용기류,0.1,0.0,0.0,0.1
전남,영광군,"재활용 가능자원 분리배출",영농폐기물,폐비닐,2.8,0.0,0.0,2.8
전남,영광군,"재활용 가능자원 분리배출",폐식용유,EMPTY,0.0,0.0,0.0,0.0
전남,영광군,"재활용 가능자원 분리배출",폐전기전자제품,EMPTY,0.0,0.0,0.0,0.0
전남,영광군,"재활용 가능자원 분리배출",폐가구류,EMPTY,0.1,0.0,0.0,0.1
전남,영광군,"재활용 가능자원 분리배출",기타,EMPTY,0.1,0.0,0.0,0.1
전남,영광군,"재활용 가능자원 분리배출",재활용 잔재물,EMPTY,1.4,0.0,1.4,0.0
전남,영광군,음식물류 폐기물 분리배출,EMPTY,EMPTY,8.9,6.4,2.5,0.0
전남,장성군,종량제방식 등 혼합배출,가연성,폐지류,7.2,0.0,7.2,0.0
전남,장성군,종량제방식 등 혼합배출,가연성,폐합성수지류,0.9,0.0,0.9,0.0
전남,장성군,종량제방식 등 혼합배출,가연성,폐고무류,0.0,0.0,0.0,0.0
전남,장성군,종량제방식 등 혼합배출,가연성,폐섬유류,0.5,0.0,0.5,0.0
전남,장성군,종량제방식 등 혼합배출,가연성,음식물류 폐기물,4.0,0.0,4.0,0.0
전남,장성군,종량제방식 등 혼합배출,가연성,폐목재류,0.9,0.0,0.9,0.0
전남,장성군,종량제방식 등 혼합배출,가연성,기타,2.3,0.0,2.3,0.0
전남,장성군,종량제방식 등 혼합배출,불연성,폐금속류,0.0,0.0,0.0,0.0
전남,장성군,종량제방식 등 혼합배출,불연성,폐유리류,0.0,0.0,0.0,0.0
전남,장성군,종량제방식 등 혼합배출,불연성,폐토사류,0.0,0.0,0.0,0.0
전남,장성군,종량제방식 등 혼합배출,불연성,폐타일 및 도자기류,0.0,0.0,0.0,0.0
전남,장성군,종량제방식 등 혼합배출,불연성,연탄재,0.0,0.0,0.0,0.0
전남,장성군,종량제방식 등 혼합배출,불연성,기타,1.8,0.0,1.8,0.0
전남,장성군,종량제방식 등 혼합배출,건설폐재류,EMPTY,0.0,0.0,0.0,0.0
전남,장성군,종량제방식 등 혼합배출,기타(배출불명등),EMPTY,0.0,0.0,0.0,0.0
전남,장성군,"재활용 가능자원 분리배출",폐지류,종이팩,0.0,0.0,0.0,0.0
전남,장성군,"재활용 가능자원 분리배출",폐지류,기타,0.6,0.0,0.0,0.6
전남,장성군,"재활용 가능자원 분리배출",고철류,EMPTY,0.2,0.0,0.0,0.2
전남,장성군,"재활용 가능자원 분리배출",금속캔,EMPTY,0.1,0.0,0.0,0.1
전남,장성군,"재활용 가능자원 분리배출",폐합성수지류,비닐류,1.6,0.0,0.0,1.6
전남,장성군,"재활용 가능자원 분리배출",폐합성수지류,발포수지류,0.0,0.0,0.0,0.0
전남,장성군,"재활용 가능자원 분리배출",폐합성수지류,PET병,0.2,0.0,0.0,0.2
전남,장성군,"재활용 가능자원 분리배출",폐합성수지류,기타,0.3,0.0,0.0,0.3
전남,장성군,"재활용 가능자원 분리배출",폐고무류,EMPTY,0.0,0.0,0.0,0.0
전남,장성군,"재활용 가능자원 분리배출",폐유리병류,EMPTY,0.6,0.0,0.0,0.6
전남,장성군,"재활용 가능자원 분리배출",폐의류,EMPTY,0.0,0.0,0.0,0.0
전남,장성군,"재활용 가능자원 분리배출",폐섬유류,EMPTY,0.0,0.0,0.0,0.0
전남,장성군,"재활용 가능자원 분리배출",폐형광등,EMPTY,0.0,0.0,0.0,0.0
전남,장성군,"재활용 가능자원 분리배출",폐전지류,EMPTY,0.0,0.0,0.0,0.0
전남,장성군,"재활용 가능자원 분리배출",영농폐기물,농약용기류,0.0,0.0,0.0,0.0
전남,장성군,"재활용 가능자원 분리배출",영농폐기물,폐비닐,0.0,0.0,0.0,0.0
전남,장성군,"재활용 가능자원 분리배출",폐식용유,EMPTY,0.0,0.0,0.0,0.0
전남,장성군,"재활용 가능자원 분리배출",폐전기전자제품,EMPTY,0.0,0.0,0.0,0.0
전남,장성군,"재활용 가능자원 분리배출",폐가구류,EMPTY,0.0,0.0,0.0,0.0
전남,장성군,"재활용 가능자원 분리배출",기타,EMPTY,0.0,0.0,0.0,0.0
전남,장성군,"재활용 가능자원 분리배출",재활용 잔재물,EMPTY,1.9,0.0,1.9,0.0
전남,장성군,음식물류 폐기물 분리배출,EMPTY,EMPTY,8.7,0.0,0.0,8.7
전남,완도군,종량제방식 등 혼합배출,가연성,폐지류,6.5,0.2,5.5,0.8
전남,완도군,종량제방식 등 혼합배출,가연성,폐합성수지류,2.3,0.4,1.0,0.9
전남,완도군,종량제방식 등 혼합배출,가연성,폐고무류,5.3,0.2,5.1,0.0
전남,완도군,종량제방식 등 혼합배출,가연성,폐섬유류,0.0,0.0,0.0,0.0
전남,완도군,종량제방식 등 혼합배출,가연성,음식물류 폐기물,1.7,0.7,1.0,0.0
전남,완도군,종량제방식 등 혼합배출,가연성,폐목재류,1.6,0.2,1.2,0.2
전남,완도군,종량제방식 등 혼합배출,가연성,기타,2.0,1.0,0.8,0.2
전남,완도군,종량제방식 등 혼합배출,불연성,폐금속류,1.4,0.2,0.0,1.2
전남,완도군,종량제방식 등 혼합배출,불연성,폐유리류,0.8,0.2,0.0,0.6
전남,완도군,종량제방식 등 혼합배출,불연성,폐토사류,0.2,0.2,0.0,0.0
전남,완도군,종량제방식 등 혼합배출,불연성,폐타일 및 도자기류,0.1,0.1,0.0,0.0
전남,완도군,종량제방식 등 혼합배출,불연성,연탄재,0.0,0.0,0.0,0.0
전남,완도군,종량제방식 등 혼합배출,불연성,기타,0.3,0.2,0.0,0.1
전남,완도군,종량제방식 등 혼합배출,건설폐재류,EMPTY,0.0,0.0,0.0,0.0
전남,완도군,종량제방식 등 혼합배출,기타(배출불명등),EMPTY,0.0,0.0,0.0,0.0
전남,완도군,"재활용 가능자원 분리배출",폐지류,종이팩,0.0,0.0,0.0,0.0
전남,완도군,"재활용 가능자원 분리배출",폐지류,기타,1.1,0.0,0.0,1.1
전남,완도군,"재활용 가능자원 분리배출",고철류,EMPTY,0.3,0.0,0.0,0.3
전남,완도군,"재활용 가능자원 분리배출",금속캔,EMPTY,0.2,0.0,0.0,0.2
전남,완도군,"재활용 가능자원 분리배출",폐합성수지류,비닐류,0.1,0.0,0.0,0.1
전남,완도군,"재활용 가능자원 분리배출",폐합성수지류,발포수지류,0.1,0.0,0.0,0.1
전남,완도군,"재활용 가능자원 분리배출",폐합성수지류,PET병,0.1,0.0,0.0,0.1
전남,완도군,"재활용 가능자원 분리배출",폐합성수지류,기타,0.1,0.0,0.0,0.1
전남,완도군,"재활용 가능자원 분리배출",폐고무류,EMPTY,0.0,0.0,0.0,0.0
전남,완도군,"재활용 가능자원 분리배출",폐유리병류,EMPTY,0.4,0.0,0.0,0.4
전남,완도군,"재활용 가능자원 분리배출",폐의류,EMPTY,0.7,0.0,0.0,0.7
전남,완도군,"재활용 가능자원 분리배출",폐섬유류,EMPTY,0.0,0.0,0.0,0.0
전남,완도군,"재활용 가능자원 분리배출",폐형광등,EMPTY,0.7,0.0,0.0,0.7
전남,완도군,"재활용 가능자원 분리배출",폐전지류,EMPTY,0.0,0.0,0.0,0.0
전남,완도군,"재활용 가능자원 분리배출",영농폐기물,농약용기류,0.0,0.0,0.0,0.0
전남,완도군,"재활용 가능자원 분리배출",영농폐기물,폐비닐,0.1,0.0,0.0,0.1
전남,완도군,"재활용 가능자원 분리배출",폐식용유,EMPTY,0.0,0.0,0.0,0.0
전남,완도군,"재활용 가능자원 분리배출",폐전기전자제품,EMPTY,0.6,0.0,0.0,0.6
전남,완도군,"재활용 가능자원 분리배출",폐가구류,EMPTY,0.2,0.0,0.0,0.2
전남,완도군,"재활용 가능자원 분리배출",기타,EMPTY,0.1,0.0,0.0,0.1
전남,완도군,"재활용 가능자원 분리배출",재활용 잔재물,EMPTY,0.0,0.0,0.0,0.0
전남,완도군,음식물류 폐기물 분리배출,EMPTY,EMPTY,10.8,0.8,9.3,0.7
전남,진도군,종량제방식 등 혼합배출,가연성,폐지류,7.1,0.0,7.1,0.0
전남,진도군,종량제방식 등 혼합배출,가연성,폐합성수지류,5.0,0.0,5.0,0.0
전남,진도군,종량제방식 등 혼합배출,가연성,폐고무류,0.4,0.0,0.4,0.0
전남,진도군,종량제방식 등 혼합배출,가연성,폐섬유류,0.4,0.0,0.4,0.0
전남,진도군,종량제방식 등 혼합배출,가연성,음식물류 폐기물,4.6,0.0,4.6,0.0
전남,진도군,종량제방식 등 혼합배출,가연성,폐목재류,0.3,0.0,0.3,0.0
전남,진도군,종량제방식 등 혼합배출,가연성,기타,0.2,0.0,0.2,0.0
전남,진도군,종량제방식 등 혼합배출,불연성,폐금속류,0.8,0.8,0.0,0.0
전남,진도군,종량제방식 등 혼합배출,불연성,폐유리류,1.4,1.4,0.0,0.0
전남,진도군,종량제방식 등 혼합배출,불연성,폐토사류,0.1,0.1,0.0,0.0
전남,진도군,종량제방식 등 혼합배출,불연성,폐타일 및 도자기류,0.0,0.0,0.0,0.0
전남,진도군,종량제방식 등 혼합배출,불연성,연탄재,0.0,0.0,0.0,0.0
전남,진도군,종량제방식 등 혼합배출,불연성,기타,0.8,0.8,0.0,0.0
전남,진도군,종량제방식 등 혼합배출,건설폐재류,EMPTY,0.0,0.0,0.0,0.0
전남,진도군,종량제방식 등 혼합배출,기타(배출불명등),EMPTY,0.0,0.0,0.0,0.0
전남,진도군,"재활용 가능자원 분리배출",폐지류,종이팩,0.9,0.0,0.0,0.9
전남,진도군,"재활용 가능자원 분리배출",폐지류,기타,0.0,0.0,0.0,0.0
전남,진도군,"재활용 가능자원 분리배출",고철류,EMPTY,0.3,0.0,0.0,0.3
전남,진도군,"재활용 가능자원 분리배출",금속캔,EMPTY,0.1,0.0,0.0,0.1
전남,진도군,"재활용 가능자원 분리배출",폐합성수지류,비닐류,0.0,0.0,0.0,0.0
전남,진도군,"재활용 가능자원 분리배출",폐합성수지류,발포수지류,0.0,0.0,0.0,0.0
전남,진도군,"재활용 가능자원 분리배출",폐합성수지류,PET병,0.1,0.0,0.0,0.1
전남,진도군,"재활용 가능자원 분리배출",폐합성수지류,기타,0.2,0.0,0.0,0.2
전남,진도군,"재활용 가능자원 분리배출",폐고무류,EMPTY,0.1,0.0,0.0,0.1
전남,진도군,"재활용 가능자원 분리배출",폐유리병류,EMPTY,0.5,0.0,0.0,0.5
전남,진도군,"재활용 가능자원 분리배출",폐의류,EMPTY,0.0,0.0,0.0,0.0
전남,진도군,"재활용 가능자원 분리배출",폐섬유류,EMPTY,0.0,0.0,0.0,0.0
전남,진도군,"재활용 가능자원 분리배출",폐형광등,EMPTY,0.0,0.0,0.0,0.0
전남,진도군,"재활용 가능자원 분리배출",폐전지류,EMPTY,0.0,0.0,0.0,0.0
전남,진도군,"재활용 가능자원 분리배출",영농폐기물,농약용기류,0.0,0.0,0.0,0.0
전남,진도군,"재활용 가능자원 분리배출",영농폐기물,폐비닐,5.8,0.0,0.0,5.8
전남,진도군,"재활용 가능자원 분리배출",폐식용유,EMPTY,0.0,0.0,0.0,0.0
전남,진도군,"재활용 가능자원 분리배출",폐전기전자제품,EMPTY,0.0,0.0,0.0,0.0
전남,진도군,"재활용 가능자원 분리배출",폐가구류,EMPTY,0.0,0.0,0.0,0.0
전남,진도군,"재활용 가능자원 분리배출",기타,EMPTY,0.1,0.0,0.0,0.1
전남,진도군,"재활용 가능자원 분리배출",재활용 잔재물,EMPTY,0.0,0.0,0.0,0.0
전남,진도군,음식물류 폐기물 분리배출,EMPTY,EMPTY,3.3,0.0,3.1,0.2
전남,신안군,종량제방식 등 혼합배출,가연성,폐지류,7.3,0.2,6.2,0.9
전남,신안군,종량제방식 등 혼합배출,가연성,폐합성수지류,5.9,0.1,5.1,0.7
전남,신안군,종량제방식 등 혼합배출,가연성,폐고무류,0.2,0.0,0.2,0.0
전남,신안군,종량제방식 등 혼합배출,가연성,폐섬유류,0.1,0.0,0.1,0.0
전남,신안군,종량제방식 등 혼합배출,가연성,음식물류 폐기물,1.5,0.0,1.3,0.2
전남,신안군,종량제방식 등 혼합배출,가연성,폐목재류,0.7,0.0,0.6,0.1
전남,신안군,종량제방식 등 혼합배출,가연성,기타,5.5,0.1,4.7,0.7
전남,신안군,종량제방식 등 혼합배출,불연성,폐금속류,0.6,0.0,0.5,0.1
전남,신안군,종량제방식 등 혼합배출,불연성,폐유리류,0.8,0.0,0.7,0.1
전남,신안군,종량제방식 등 혼합배출,불연성,폐토사류,0.2,0.0,0.2,0.0
전남,신안군,종량제방식 등 혼합배출,불연성,폐타일 및 도자기류,0.1,0.0,0.1,0.0
전남,신안군,종량제방식 등 혼합배출,불연성,연탄재,0.1,0.0,0.1,0.0
전남,신안군,종량제방식 등 혼합배출,불연성,기타,0.5,0.0,0.4,0.1
전남,신안군,종량제방식 등 혼합배출,건설폐재류,EMPTY,0.0,0.0,0.0,0.0
전남,신안군,종량제방식 등 혼합배출,기타(배출불명등),EMPTY,0.0,0.0,0.0,0.0
전남,신안군,"재활용 가능자원 분리배출",폐지류,종이팩,0.0,0.0,0.0,0.0
전남,신안군,"재활용 가능자원 분리배출",폐지류,기타,1.3,0.0,0.0,1.3
전남,신안군,"재활용 가능자원 분리배출",고철류,EMPTY,0.3,0.0,0.0,0.3
전남,신안군,"재활용 가능자원 분리배출",금속캔,EMPTY,0.1,0.0,0.0,0.1
전남,신안군,"재활용 가능자원 분리배출",폐합성수지류,비닐류,0.0,0.0,0.0,0.0
전남,신안군,"재활용 가능자원 분리배출",폐합성수지류,발포수지류,0.0,0.0,0.0,0.0
전남,신안군,"재활용 가능자원 분리배출",폐합성수지류,PET병,0.0,0.0,0.0,0.0
전남,신안군,"재활용 가능자원 분리배출",폐합성수지류,기타,0.2,0.0,0.0,0.2
전남,신안군,"재활용 가능자원 분리배출",폐고무류,EMPTY,0.0,0.0,0.0,0.0
전남,신안군,"재활용 가능자원 분리배출",폐유리병류,EMPTY,0.4,0.0,0.0,0.4
전남,신안군,"재활용 가능자원 분리배출",폐의류,EMPTY,0.0,0.0,0.0,0.0
전남,신안군,"재활용 가능자원 분리배출",폐섬유류,EMPTY,0.0,0.0,0.0,0.0
전남,신안군,"재활용 가능자원 분리배출",폐형광등,EMPTY,0.0,0.0,0.0,0.0
전남,신안군,"재활용 가능자원 분리배출",폐전지류,EMPTY,0.0,0.0,0.0,0.0
전남,신안군,"재활용 가능자원 분리배출",영농폐기물,농약용기류,0.1,0.0,0.0,0.1
전남,신안군,"재활용 가능자원 분리배출",영농폐기물,폐비닐,6.1,0.0,0.0,6.1
전남,신안군,"재활용 가능자원 분리배출",폐식용유,EMPTY,0.0,0.0,0.0,0.0
전남,신안군,"재활용 가능자원 분리배출",폐전기전자제품,EMPTY,0.0,0.0,0.0,0.0
전남,신안군,"재활용 가능자원 분리배출",폐가구류,EMPTY,0.0,0.0,0.0,0.0
전남,신안군,"재활용 가능자원 분리배출",기타,EMPTY,0.0,0.0,0.0,0.0
전남,신안군,"재활용 가능자원 분리배출",재활용 잔재물,EMPTY,0.7,0.0,0.0,0.7
전남,신안군,음식물류 폐기물 분리배출,EMPTY,EMPTY,6.6,3.5,0.0,3.1
경북,포항시,종량제방식 등 혼합배출,가연성,폐지류,0.0,0.0,0.0,0.0
경북,포항시,종량제방식 등 혼합배출,가연성,폐합성수지류,0.0,0.0,0.0,0.0
경북,포항시,종량제방식 등 혼합배출,가연성,폐고무류,0.0,0.0,0.0,0.0
경북,포항시,종량제방식 등 혼합배출,가연성,폐섬유류,0.0,0.0,0.0,0.0
경북,포항시,종량제방식 등 혼합배출,가연성,음식물류 폐기물,0.0,0.0,0.0,0.0
경북,포항시,종량제방식 등 혼합배출,가연성,폐목재류,16.2,0.0,0.0,16.2
경북,포항시,종량제방식 등 혼합배출,가연성,기타,178.8,0.0,178.2,0.6
경북,포항시,종량제방식 등 혼합배출,불연성,폐금속류,0.0,0.0,0.0,0.0
경북,포항시,종량제방식 등 혼합배출,불연성,폐유리류,0.0,0.0,0.0,0.0
경북,포항시,종량제방식 등 혼합배출,불연성,폐토사류,0.0,0.0,0.0,0.0
경북,포항시,종량제방식 등 혼합배출,불연성,폐타일 및 도자기류,0.0,0.0,0.0,0.0
경북,포항시,종량제방식 등 혼합배출,불연성,연탄재,0.0,0.0,0.0,0.0
경북,포항시,종량제방식 등 혼합배출,불연성,기타,0.0,0.0,0.0,0.0
경북,포항시,종량제방식 등 혼합배출,건설폐재류,EMPTY,7.0,7.0,0.0,0.0
경북,포항시,종량제방식 등 혼합배출,기타(배출불명등),EMPTY,17.2,17.2,0.0,0.0
경북,포항시,"재활용 가능자원 분리배출",폐지류,종이팩,0.1,0.0,0.0,0.1
경북,포항시,"재활용 가능자원 분리배출",폐지류,기타,7.7,0.0,0.0,7.7
경북,포항시,"재활용 가능자원 분리배출",고철류,EMPTY,0.2,0.0,0.0,0.2
경북,포항시,"재활용 가능자원 분리배출",금속캔,EMPTY,0.6,0.0,0.0,0.6
경북,포항시,"재활용 가능자원 분리배출",폐합성수지류,비닐류,1.9,0.0,0.0,1.9
경북,포항시,"재활용 가능자원 분리배출",폐합성수지류,발포수지류,0.0,0.0,0.0,0.0
경북,포항시,"재활용 가능자원 분리배출",폐합성수지류,PET병,1.7,0.0,0.0,1.7
경북,포항시,"재활용 가능자원 분리배출",폐합성수지류,기타,1.6,0.0,0.0,1.6
경북,포항시,"재활용 가능자원 분리배출",폐고무류,EMPTY,0.0,0.0,0.0,0.0
경북,포항시,"재활용 가능자원 분리배출",폐유리병류,EMPTY,1.8,0.0,0.0,1.8
경북,포항시,"재활용 가능자원 분리배출",폐의류,EMPTY,0.0,0.0,0.0,0.0
경북,포항시,"재활용 가능자원 분리배출",폐섬유류,EMPTY,0.0,0.0,0.0,0.0
경북,포항시,"재활용 가능자원 분리배출",폐형광등,EMPTY,0.6,0.0,0.0,0.6
경북,포항시,"재활용 가능자원 분리배출",폐전지류,EMPTY,0.0,0.0,0.0,0.0
경북,포항시,"재활용 가능자원 분리배출",영농폐기물,농약용기류,0.0,0.0,0.0,0.0
경북,포항시,"재활용 가능자원 분리배출",영농폐기물,폐비닐,1.5,0.0,0.0,1.5
경북,포항시,"재활용 가능자원 분리배출",폐식용유,EMPTY,0.0,0.0,0.0,0.0
경북,포항시,"재활용 가능자원 분리배출",폐전기전자제품,EMPTY,0.0,0.0,0.0,0.0
경북,포항시,"재활용 가능자원 분리배출",폐가구류,EMPTY,0.0,0.0,0.0,0.0
경북,포항시,"재활용 가능자원 분리배출",기타,EMPTY,0.0,0.0,0.0,0.0
경북,포항시,"재활용 가능자원 분리배출",재활용 잔재물,EMPTY,0.0,0.0,0.0,0.0
경북,포항시,음식물류 폐기물 분리배출,EMPTY,EMPTY,159.5,0.0,0.0,159.5
경북,경주시,종량제방식 등 혼합배출,가연성,폐지류,38.0,0.2,37.8,0.0
경북,경주시,종량제방식 등 혼합배출,가연성,폐합성수지류,29.5,0.1,29.4,0.0
경북,경주시,종량제방식 등 혼합배출,가연성,폐고무류,1.4,0.0,1.4,0.0
경북,경주시,종량제방식 등 혼합배출,가연성,폐섬유류,5.4,0.0,5.4,0.0
경북,경주시,종량제방식 등 혼합배출,가연성,음식물류 폐기물,7.2,0.0,7.2,0.0
경북,경주시,종량제방식 등 혼합배출,가연성,폐목재류,2.8,0.0,2.8,0.0
경북,경주시,종량제방식 등 혼합배출,가연성,기타,38.2,0.2,36.6,1.4
경북,경주시,종량제방식 등 혼합배출,불연성,폐금속류,2.6,0.0,2.6,0.0
경북,경주시,종량제방식 등 혼합배출,불연성,폐유리류,4.2,0.0,4.2,0.0
경북,경주시,종량제방식 등 혼합배출,불연성,폐토사류,0.3,0.0,0.3,0.0
경북,경주시,종량제방식 등 혼합배출,불연성,폐타일 및 도자기류,0.2,0.0,0.2,0.0
경북,경주시,종량제방식 등 혼합배출,불연성,연탄재,0.9,0.0,0.9,0.0
경북,경주시,종량제방식 등 혼합배출,불연성,기타,10.2,9.1,1.1,0.0
경북,경주시,종량제방식 등 혼합배출,건설폐재류,EMPTY,1.3,1.3,0.0,0.0
경북,경주시,종량제방식 등 혼합배출,기타(배출불명등),EMPTY,0.0,0.0,0.0,0.0
경북,경주시,"재활용 가능자원 분리배출",폐지류,종이팩,15.2,0.0,0.0,15.2
경북,경주시,"재활용 가능자원 분리배출",폐지류,기타,13.6,0.0,0.0,13.6
경북,경주시,"재활용 가능자원 분리배출",고철류,EMPTY,3.9,0.0,0.0,3.9
경북,경주시,"재활용 가능자원 분리배출",금속캔,EMPTY,0.0,0.0,0.0,0.0
경북,경주시,"재활용 가능자원 분리배출",폐합성수지류,비닐류,0.0,0.0,0.0,0.0
경북,경주시,"재활용 가능자원 분리배출",폐합성수지류,발포수지류,0.2,0.0,0.0,0.2
경북,경주시,"재활용 가능자원 분리배출",폐합성수지류,PET병,5.4,0.0,0.0,5.4
경북,경주시,"재활용 가능자원 분리배출",폐합성수지류,기타,1.2,0.0,0.0,1.2
경북,경주시,"재활용 가능자원 분리배출",폐고무류,EMPTY,13.0,0.0,0.0,13.0
경북,경주시,"재활용 가능자원 분리배출",폐유리병류,EMPTY,4.3,0.0,0.0,4.3
경북,경주시,"재활용 가능자원 분리배출",폐의류,EMPTY,0.0,0.0,0.0,0.0
경북,경주시,"재활용 가능자원 분리배출",폐섬유류,EMPTY,0.0,0.0,0.0,0.0
경북,경주시,"재활용 가능자원 분리배출",폐형광등,EMPTY,0.1,0.0,0.0,0.1
경북,경주시,"재활용 가능자원 분리배출",폐전지류,EMPTY,0.0,0.0,0.0,0.0
경북,경주시,"재활용 가능자원 분리배출",영농폐기물,농약용기류,0.0,0.0,0.0,0.0
경북,경주시,"재활용 가능자원 분리배출",영농폐기물,폐비닐,1.6,0.0,0.0,1.6
경북,경주시,"재활용 가능자원 분리배출",폐식용유,EMPTY,5.3,0.0,0.0,5.3
경북,경주시,"재활용 가능자원 분리배출",폐전기전자제품,EMPTY,4.5,0.0,0.0,4.5
경북,경주시,"재활용 가능자원 분리배출",폐가구류,EMPTY,1.4,0.0,0.0,1.4
경북,경주시,"재활용 가능자원 분리배출",기타,EMPTY,3.5,0.0,0.0,3.5
경북,경주시,"재활용 가능자원 분리배출",재활용 잔재물,EMPTY,5.1,0.0,5.1,0.0
경북,경주시,음식물류 폐기물 분리배출,EMPTY,EMPTY,6.6,0.0,0.0,6.6
경북,김천시,종량제방식 등 혼합배출,가연성,폐지류,7.1,0.0,5.0,0.0
경북,김천시,종량제방식 등 혼합배출,가연성,폐합성수지류,7.0,0.0,4.9,0.0
경북,김천시,종량제방식 등 혼합배출,가연성,폐고무류,0.3,0.0,0.2,0.0
경북,김천시,종량제방식 등 혼합배출,가연성,폐섬유류,0.7,0.0,0.5,0.0
경북,김천시,종량제방식 등 혼합배출,가연성,음식물류 폐기물,6.6,0.0,4.6,0.0
경북,김천시,종량제방식 등 혼합배출,가연성,폐목재류,1.0,0.0,0.7,0.0
경북,김천시,종량제방식 등 혼합배출,가연성,기타,4.4,0.0,3.1,0.0
경북,김천시,종량제방식 등 혼합배출,불연성,폐금속류,0.8,0.0,0.6,0.0
경북,김천시,종량제방식 등 혼합배출,불연성,폐유리류,2.1,0.0,1.5,0.0
경북,김천시,종량제방식 등 혼합배출,불연성,폐토사류,0.0,0.0,0.0,0.0
경북,김천시,종량제방식 등 혼합배출,불연성,폐타일 및 도자기류,0.0,0.0,0.0,0.0
경북,김천시,종량제방식 등 혼합배출,불연성,연탄재,0.0,0.0,0.0,0.0
경북,김천시,종량제방식 등 혼합배출,불연성,기타,0.0,0.0,0.0,0.0
경북,김천시,종량제방식 등 혼합배출,건설폐재류,EMPTY,0.0,0.0,0.0,0.0
경북,김천시,종량제방식 등 혼합배출,기타(배출불명등),EMPTY,0.0,0.0,0.0,0.0
경북,김천시,"재활용 가능자원 분리배출",폐지류,종이팩,0.1,0.0,0.0,0.1
경북,김천시,"재활용 가능자원 분리배출",폐지류,기타,1.0,0.0,0.0,1.0
경북,김천시,"재활용 가능자원 분리배출",고철류,EMPTY,0.1,0.0,0.0,0.1
경북,김천시,"재활용 가능자원 분리배출",금속캔,EMPTY,0.3,0.0,0.0,0.3
경북,김천시,"재활용 가능자원 분리배출",폐합성수지류,비닐류,0.8,0.0,0.0,0.8
경북,김천시,"재활용 가능자원 분리배출",폐합성수지류,발포수지류,0.1,0.0,0.0,0.1
경북,김천시,"재활용 가능자원 분리배출",폐합성수지류,PET병,0.7,0.0,0.0,0.7
경북,김천시,"재활용 가능자원 분리배출",폐합성수지류,기타,0.3,0.0,0.0,0.3
경북,김천시,"재활용 가능자원 분리배출",폐고무류,EMPTY,0.0,0.0,0.0,0.0
경북,김천시,"재활용 가능자원 분리배출",폐유리병류,EMPTY,0.7,0.0,0.0,0.7
경북,김천시,"재활용 가능자원 분리배출",폐의류,EMPTY,0.0,0.0,0.0,0.0
경북,김천시,"재활용 가능자원 분리배출",폐섬유류,EMPTY,0.0,0.0,0.0,0.0
경북,김천시,"재활용 가능자원 분리배출",폐형광등,EMPTY,0.0,0.0,0.0,0.0
경북,김천시,"재활용 가능자원 분리배출",폐전지류,EMPTY,0.0,0.0,0.0,0.0
경북,김천시,"재활용 가능자원 분리배출",영농폐기물,농약용기류,0.1,0.0,0.0,0.1
경북,김천시,"재활용 가능자원 분리배출",영농폐기물,폐비닐,4.2,0.0,0.0,4.2
경북,김천시,"재활용 가능자원 분리배출",폐식용유,EMPTY,0.0,0.0,0.0,0.0
경북,김천시,"재활용 가능자원 분리배출",폐전기전자제품,EMPTY,0.9,0.0,0.0,0.9
경북,김천시,"재활용 가능자원 분리배출",폐가구류,EMPTY,8.2,0.0,0.0,8.2
경북,김천시,"재활용 가능자원 분리배출",기타,EMPTY,1.1,0.0,0.0,1.1
경북,김천시,"재활용 가능자원 분리배출",재활용 잔재물,EMPTY,1.9,0.1,0.6,1.2
경북,김천시,음식물류 폐기물 분리배출,EMPTY,EMPTY,26.7,0.0,0.0,26.7
경북,안동시,종량제방식 등 혼합배출,가연성,폐지류,1.3,0.0,1.3,0.0
경북,안동시,종량제방식 등 혼합배출,가연성,폐합성수지류,1.0,0.0,1.0,0.0
경북,안동시,종량제방식 등 혼합배출,가연성,폐고무류,0.0,0.0,0.0,0.0
경북,안동시,종량제방식 등 혼합배출,가연성,폐섬유류,0.2,0.0,0.2,0.0
경북,안동시,종량제방식 등 혼합배출,가연성,음식물류 폐기물,0.2,0.0,0.2,0.0
경북,안동시,종량제방식 등 혼합배출,가연성,폐목재류,12.2,0.0,0.1,12.1
경북,안동시,종량제방식 등 혼합배출,가연성,기타,60.8,30.2,28.6,2.0
경북,안동시,종량제방식 등 혼합배출,불연성,폐금속류,0.1,0.0,0.1,0.0
경북,안동시,종량제방식 등 혼합배출,불연성,폐유리류,0.1,0.0,0.1,0.0
경북,안동시,종량제방식 등 혼합배출,불연성,폐토사류,0.1,0.1,0.0,0.0
경북,안동시,종량제방식 등 혼합배출,불연성,폐타일 및 도자기류,0.0,0.0,0.0,0.0
경북,안동시,종량제방식 등 혼합배출,불연성,연탄재,1.0,1.0,0.0,0.0
경북,안동시,종량제방식 등 혼합배출,불연성,기타,34.5,34.5,0.0,0.0
경북,안동시,종량제방식 등 혼합배출,건설폐재류,EMPTY,0.0,0.0,0.0,0.0
경북,안동시,종량제방식 등 혼합배출,기타(배출불명등),EMPTY,0.0,0.0,0.0,0.0
경북,안동시,"재활용 가능자원 분리배출",폐지류,종이팩,0.1,0.0,0.0,0.1
경북,안동시,"재활용 가능자원 분리배출",폐지류,기타,0.0,0.0,0.0,0.0
경북,안동시,"재활용 가능자원 분리배출",고철류,EMPTY,0.2,0.0,0.0,0.2
경북,안동시,"재활용 가능자원 분리배출",금속캔,EMPTY,0.2,0.0,0.0,0.2
경북,안동시,"재활용 가능자원 분리배출",폐합성수지류,비닐류,0.0,0.0,0.0,0.0
경북,안동시,"재활용 가능자원 분리배출",폐합성수지류,발포수지류,0.2,0.0,0.0,0.2
경북,안동시,"재활용 가능자원 분리배출",폐합성수지류,PET병,0.6,0.0,0.0,0.6
경북,안동시,"재활용 가능자원 분리배출",폐합성수지류,기타,0.1,0.0,0.0,0.1
경북,안동시,"재활용 가능자원 분리배출",폐고무류,EMPTY,0.0,0.0,0.0,0.0
경북,안동시,"재활용 가능자원 분리배출",폐유리병류,EMPTY,1.8,0.0,0.0,1.8
경북,안동시,"재활용 가능자원 분리배출",폐의류,EMPTY,0.0,0.0,0.0,0.0
경북,안동시,"재활용 가능자원 분리배출",폐섬유류,EMPTY,0.0,0.0,0.0,0.0
경북,안동시,"재활용 가능자원 분리배출",폐형광등,EMPTY,0.1,0.0,0.0,0.1
경북,안동시,"재활용 가능자원 분리배출",폐전지류,EMPTY,0.2,0.0,0.0,0.2
경북,안동시,"재활용 가능자원 분리배출",영농폐기물,농약용기류,0.0,0.0,0.0,0.0
경북,안동시,"재활용 가능자원 분리배출",영농폐기물,폐비닐,1.9,0.0,0.0,1.9
경북,안동시,"재활용 가능자원 분리배출",폐식용유,EMPTY,0.0,0.0,0.0,0.0
경북,안동시,"재활용 가능자원 분리배출",폐전기전자제품,EMPTY,1.3,0.0,0.0,1.3
경북,안동시,"재활용 가능자원 분리배출",폐가구류,EMPTY,12.1,0.0,0.0,12.1
경북,안동시,"재활용 가능자원 분리배출",기타,EMPTY,0.8,0.0,0.0,0.8
경북,안동시,"재활용 가능자원 분리배출",재활용 잔재물,EMPTY,3.3,0.0,3.3,0.0
경북,안동시,음식물류 폐기물 분리배출,EMPTY,EMPTY,97.0,0.0,8.8,88.2
경북,구미시,종량제방식 등 혼합배출,가연성,폐지류,70.9,0.0,70.9,0.0
경북,구미시,종량제방식 등 혼합배출,가연성,폐합성수지류,61.9,0.0,61.9,0.0
경북,구미시,종량제방식 등 혼합배출,가연성,폐고무류,2.7,0.0,2.7,0.0
경북,구미시,종량제방식 등 혼합배출,가연성,폐섬유류,0.0,0.0,0.0,0.0
경북,구미시,종량제방식 등 혼합배출,가연성,음식물류 폐기물,8.3,0.0,8.3,0.0
경북,구미시,종량제방식 등 혼합배출,가연성,폐목재류,4.8,0.0,4.8,0.0
경북,구미시,종량제방식 등 혼합배출,가연성,기타,8.7,0.0,8.7,0.0
경북,구미시,종량제방식 등 혼합배출,불연성,폐금속류,0.8,0.8,0.0,0.0
경북,구미시,종량제방식 등 혼합배출,불연성,폐유리류,1.5,1.5,0.0,0.0
경북,구미시,종량제방식 등 혼합배출,불연성,폐토사류,1.4,1.4,0.0,0.0
경북,구미시,종량제방식 등 혼합배출,불연성,폐타일 및 도자기류,0.0,0.0,0.0,0.0
경북,구미시,종량제방식 등 혼합배출,불연성,연탄재,0.0,0.0,0.0,0.0
경북,구미시,종량제방식 등 혼합배출,불연성,기타,3.0,3.0,0.0,0.0
경북,구미시,종량제방식 등 혼합배출,건설폐재류,EMPTY,0.0,0.0,0.0,0.0
경북,구미시,종량제방식 등 혼합배출,기타(배출불명등),EMPTY,0.0,0.0,0.0,0.0
경북,구미시,"재활용 가능자원 분리배출",폐지류,종이팩,0.0,0.0,0.0,0.0
경북,구미시,"재활용 가능자원 분리배출",폐지류,기타,0.0,0.0,0.0,0.0
경북,구미시,"재활용 가능자원 분리배출",고철류,EMPTY,0.8,0.0,0.0,0.8
경북,구미시,"재활용 가능자원 분리배출",금속캔,EMPTY,0.4,0.0,0.0,0.4
경북,구미시,"재활용 가능자원 분리배출",폐합성수지류,비닐류,4.6,0.0,0.0,4.6
경북,구미시,"재활용 가능자원 분리배출",폐합성수지류,발포수지류,0.3,0.0,0.0,0.3
경북,구미시,"재활용 가능자원 분리배출",폐합성수지류,PET병,1.9,0.0,0.0,1.9
경북,구미시,"재활용 가능자원 분리배출",폐합성수지류,기타,0.4,0.0,0.0,0.4
경북,구미시,"재활용 가능자원 분리배출",폐고무류,EMPTY,0.0,0.0,0.0,0.0
경북,구미시,"재활용 가능자원 분리배출",폐유리병류,EMPTY,4.5,0.0,0.0,4.5
경북,구미시,"재활용 가능자원 분리배출",폐의류,EMPTY,0.0,0.0,0.0,0.0
경북,구미시,"재활용 가능자원 분리배출",폐섬유류,EMPTY,0.0,0.0,0.0,0.0
경북,구미시,"재활용 가능자원 분리배출",폐형광등,EMPTY,0.0,0.0,0.0,0.0
경북,구미시,"재활용 가능자원 분리배출",폐전지류,EMPTY,0.0,0.0,0.0,0.0
경북,구미시,"재활용 가능자원 분리배출",영농폐기물,농약용기류,0.0,0.0,0.0,0.0
경북,구미시,"재활용 가능자원 분리배출",영농폐기물,폐비닐,0.0,0.0,0.0,0.0
경북,구미시,"재활용 가능자원 분리배출",폐식용유,EMPTY,0.0,0.0,0.0,0.0
경북,구미시,"재활용 가능자원 분리배출",폐전기전자제품,EMPTY,0.0,0.0,0.0,0.0
경북,구미시,"재활용 가능자원 분리배출",폐가구류,EMPTY,0.0,0.0,0.0,0.0
경북,구미시,"재활용 가능자원 분리배출",기타,EMPTY,0.0,0.0,0.0,0.0
경북,구미시,"재활용 가능자원 분리배출",재활용 잔재물,EMPTY,10.4,0.1,10.3,0.0
경북,구미시,음식물류 폐기물 분리배출,EMPTY,EMPTY,112.8,0.0,0.0,112.8
경북,영주시,종량제방식 등 혼합배출,가연성,폐지류,19.5,16.1,3.4,0.0
경북,영주시,종량제방식 등 혼합배출,가연성,폐합성수지류,17.7,14.6,3.1,0.0
경북,영주시,종량제방식 등 혼합배출,가연성,폐고무류,0.6,0.5,0.1,0.0
경북,영주시,종량제방식 등 혼합배출,가연성,폐섬유류,4.2,3.5,0.7,0.0
경북,영주시,종량제방식 등 혼합배출,가연성,음식물류 폐기물,6.1,5.0,1.1,0.0
경북,영주시,종량제방식 등 혼합배출,가연성,폐목재류,1.7,1.4,0.3,0.0
경북,영주시,종량제방식 등 혼합배출,가연성,기타,37.4,30.9,6.5,0.0
경북,영주시,종량제방식 등 혼합배출,불연성,폐금속류,1.5,1.2,0.3,0.0
경북,영주시,종량제방식 등 혼합배출,불연성,폐유리류,2.1,1.7,0.4,0.0
경북,영주시,종량제방식 등 혼합배출,불연성,폐토사류,0.3,0.2,0.1,0.0
경북,영주시,종량제방식 등 혼합배출,불연성,폐타일 및 도자기류,0.1,0.1,0.0,0.0
경북,영주시,종량제방식 등 혼합배출,불연성,연탄재,0.0,0.0,0.0,0.0
경북,영주시,종량제방식 등 혼합배출,불연성,기타,2.7,2.2,0.5,0.0
경북,영주시,종량제방식 등 혼합배출,건설폐재류,EMPTY,0.0,0.0,0.0,0.0
경북,영주시,종량제방식 등 혼합배출,기타(배출불명등),EMPTY,0.0,0.0,0.0,0.0
경북,영주시,"재활용 가능자원 분리배출",폐지류,종이팩,0.0,0.0,0.0,0.0
경북,영주시,"재활용 가능자원 분리배출",폐지류,기타,1.6,0.0,0.0,1.6
경북,영주시,"재활용 가능자원 분리배출",고철류,EMPTY,0.7,0.0,0.0,0.7
경북,영주시,"재활용 가능자원 분리배출",금속캔,EMPTY,1.2,0.0,0.0,1.2
경북,영주시,"재활용 가능자원 분리배출",폐합성수지류,비닐류,0.6,0.0,0.0,0.6
경북,영주시,"재활용 가능자원 분리배출",폐합성수지류,발포수지류,0.1,0.0,0.0,0.1
경북,영주시,"재활용 가능자원 분리배출",폐합성수지류,PET병,0.5,0.0,0.0,0.5
경북,영주시,"재활용 가능자원 분리배출",폐합성수지류,기타,1.3,0.0,0.0,1.3
경북,영주시,"재활용 가능자원 분리배출",폐고무류,EMPTY,0.0,0.0,0.0,0.0
경북,영주시,"재활용 가능자원 분리배출",폐유리병류,EMPTY,2.0,0.0,0.0,2.0
경북,영주시,"재활용 가능자원 분리배출",폐의류,EMPTY,0.8,0.0,0.0,0.8
경북,영주시,"재활용 가능자원 분리배출",폐섬유류,EMPTY,0.0,0.0,0.0,0.0
경북,영주시,"재활용 가능자원 분리배출",폐형광등,EMPTY,0.0,0.0,0.0,0.0
경북,영주시,"재활용 가능자원 분리배출",폐전지류,EMPTY,0.0,0.0,0.0,0.0
경북,영주시,"재활용 가능자원 분리배출",영농폐기물,농약용기류,0.0,0.0,0.0,0.0
경북,영주시,"재활용 가능자원 분리배출",영농폐기물,폐비닐,6.1,0.0,0.0,6.1
경북,영주시,"재활용 가능자원 분리배출",폐식용유,EMPTY,0.0,0.0,0.0,0.0
경북,영주시,"재활용 가능자원 분리배출",폐전기전자제품,EMPTY,0.6,0.0,0.0,0.6
경북,영주시,"재활용 가능자원 분리배출",폐가구류,EMPTY,3.2,0.0,0.0,3.2
경북,영주시,"재활용 가능자원 분리배출",기타,EMPTY,0.2,0.0,0.0,0.2
경북,영주시,"재활용 가능자원 분리배출",재활용 잔재물,EMPTY,0.0,0.0,0.0,0.0
경북,영주시,음식물류 폐기물 분리배출,EMPTY,EMPTY,27.5,0.0,0.0,27.5
경북,영천시,종량제방식 등 혼합배출,가연성,폐지류,0.0,0.0,0.0,0.0
경북,영천시,종량제방식 등 혼합배출,가연성,폐합성수지류,42.2,0.0,42.2,0.0
경북,영천시,종량제방식 등 혼합배출,가연성,폐고무류,0.0,0.0,0.0,0.0
경북,영천시,종량제방식 등 혼합배출,가연성,폐섬유류,0.0,0.0,0.0,0.0
경북,영천시,종량제방식 등 혼합배출,가연성,음식물류 폐기물,0.0,0.0,0.0,0.0
경북,영천시,종량제방식 등 혼합배출,가연성,폐목재류,1.0,0.0,0.0,1.0
경북,영천시,종량제방식 등 혼합배출,가연성,기타,0.0,0.0,0.0,0.0
경북,영천시,종량제방식 등 혼합배출,불연성,폐금속류,0.0,0.0,0.0,0.0
경북,영천시,종량제방식 등 혼합배출,불연성,폐유리류,0.1,0.0,0.1,0.0
경북,영천시,종량제방식 등 혼합배출,불연성,폐토사류,0.0,0.0,0.0,0.0
경북,영천시,종량제방식 등 혼합배출,불연성,폐타일 및 도자기류,0.0,0.0,0.0,0.0
경북,영천시,종량제방식 등 혼합배출,불연성,연탄재,0.0,0.0,0.0,0.0
경북,영천시,종량제방식 등 혼합배출,불연성,기타,0.0,0.0,0.0,0.0
경북,영천시,종량제방식 등 혼합배출,건설폐재류,EMPTY,0.0,0.0,0.0,0.0
경북,영천시,종량제방식 등 혼합배출,기타(배출불명등),EMPTY,0.0,0.0,0.0,0.0
경북,영천시,"재활용 가능자원 분리배출",폐지류,종이팩,0.0,0.0,0.0,0.0
경북,영천시,"재활용 가능자원 분리배출",폐지류,기타,0.0,0.0,0.0,0.0
경북,영천시,"재활용 가능자원 분리배출",고철류,EMPTY,0.0,0.0,0.0,0.0
경북,영천시,"재활용 가능자원 분리배출",금속캔,EMPTY,0.1,0.0,0.0,0.1
경북,영천시,"재활용 가능자원 분리배출",폐합성수지류,비닐류,0.0,0.0,0.0,0.0
경북,영천시,"재활용 가능자원 분리배출",폐합성수지류,발포수지류,0.0,0.0,0.0,0.0
경북,영천시,"재활용 가능자원 분리배출",폐합성수지류,PET병,0.5,0.0,0.0,0.5
경북,영천시,"재활용 가능자원 분리배출",폐합성수지류,기타,0.3,0.0,0.0,0.3
경북,영천시,"재활용 가능자원 분리배출",폐고무류,EMPTY,0.0,0.0,0.0,0.0
경북,영천시,"재활용 가능자원 분리배출",폐유리병류,EMPTY,0.9,0.0,0.0,0.9
경북,영천시,"재활용 가능자원 분리배출",폐의류,EMPTY,0.0,0.0,0.0,0.0
경북,영천시,"재활용 가능자원 분리배출",폐섬유류,EMPTY,0.0,0.0,0.0,0.0
경북,영천시,"재활용 가능자원 분리배출",폐형광등,EMPTY,0.0,0.0,0.0,0.0
경북,영천시,"재활용 가능자원 분리배출",폐전지류,EMPTY,0.0,0.0,0.0,0.0
경북,영천시,"재활용 가능자원 분리배출",영농폐기물,농약용기류,0.1,0.0,0.0,0.1
경북,영천시,"재활용 가능자원 분리배출",영농폐기물,폐비닐,5.3,0.0,0.0,5.3
경북,영천시,"재활용 가능자원 분리배출",폐식용유,EMPTY,0.0,0.0,0.0,0.0
경북,영천시,"재활용 가능자원 분리배출",폐전기전자제품,EMPTY,0.5,0.0,0.0,0.5
경북,영천시,"재활용 가능자원 분리배출",폐가구류,EMPTY,0.0,0.0,0.0,0.0
경북,영천시,"재활용 가능자원 분리배출",기타,EMPTY,0.0,0.0,0.0,0.0
경북,영천시,"재활용 가능자원 분리배출",재활용 잔재물,EMPTY,2.3,0.0,2.3,0.0
경북,영천시,음식물류 폐기물 분리배출,EMPTY,EMPTY,23.5,0.0,0.0,23.5
경북,상주시,종량제방식 등 혼합배출,가연성,폐지류,16.0,0.0,16.0,0.0
경북,상주시,종량제방식 등 혼합배출,가연성,폐합성수지류,13.1,0.0,13.1,0.0
경북,상주시,종량제방식 등 혼합배출,가연성,폐고무류,0.8,0.0,0.8,0.0
경북,상주시,종량제방식 등 혼합배출,가연성,폐섬유류,2.2,0.0,2.2,0.0
경북,상주시,종량제방식 등 혼합배출,가연성,음식물류 폐기물,3.5,0.0,3.5,0.0
경북,상주시,종량제방식 등 혼합배출,가연성,폐목재류,1.6,0.0,1.6,0.0
경북,상주시,종량제방식 등 혼합배출,가연성,기타,10.1,0.0,10.1,0.0
경북,상주시,종량제방식 등 혼합배출,불연성,폐금속류,1.8,0.5,1.3,0.0
경북,상주시,종량제방식 등 혼합배출,불연성,폐유리류,2.7,0.8,1.9,0.0
경북,상주시,종량제방식 등 혼합배출,불연성,폐토사류,0.8,0.2,0.6,0.0
경북,상주시,종량제방식 등 혼합배출,불연성,폐타일 및 도자기류,0.3,0.1,0.2,0.0
경북,상주시,종량제방식 등 혼합배출,불연성,연탄재,0.3,0.1,0.2,0.0
경북,상주시,종량제방식 등 혼합배출,불연성,기타,1.3,0.4,0.9,0.0
경북,상주시,종량제방식 등 혼합배출,건설폐재류,EMPTY,0.0,0.0,0.0,0.0
경북,상주시,종량제방식 등 혼합배출,기타(배출불명등),EMPTY,0.0,0.0,0.0,0.0
경북,상주시,"재활용 가능자원 분리배출",폐지류,종이팩,0.4,0.0,0.0,0.4
경북,상주시,"재활용 가능자원 분리배출",폐지류,기타,0.0,0.0,0.0,0.0
경북,상주시,"재활용 가능자원 분리배출",고철류,EMPTY,0.3,0.0,0.0,0.3
경북,상주시,"재활용 가능자원 분리배출",금속캔,EMPTY,0.1,0.0,0.0,0.1
경북,상주시,"재활용 가능자원 분리배출",폐합성수지류,비닐류,0.3,0.0,0.0,0.3
경북,상주시,"재활용 가능자원 분리배출",폐합성수지류,발포수지류,0.0,0.0,0.0,0.0
경북,상주시,"재활용 가능자원 분리배출",폐합성수지류,PET병,0.4,0.0,0.0,0.4
경북,상주시,"재활용 가능자원 분리배출",폐합성수지류,기타,0.0,0.0,0.0,0.0
경북,상주시,"재활용 가능자원 분리배출",폐고무류,EMPTY,0.2,0.0,0.0,0.2
경북,상주시,"재활용 가능자원 분리배출",폐유리병류,EMPTY,0.4,0.0,0.0,0.4
경북,상주시,"재활용 가능자원 분리배출",폐의류,EMPTY,1.1,0.0,0.0,1.1
경북,상주시,"재활용 가능자원 분리배출",폐섬유류,EMPTY,0.0,0.0,0.0,0.0
경북,상주시,"재활용 가능자원 분리배출",폐형광등,EMPTY,0.0,0.0,0.0,0.0
경북,상주시,"재활용 가능자원 분리배출",폐전지류,EMPTY,0.0,0.0,0.0,0.0
경북,상주시,"재활용 가능자원 분리배출",영농폐기물,농약용기류,0.2,0.0,0.0,0.2
경북,상주시,"재활용 가능자원 분리배출",영농폐기물,폐비닐,4.8,0.0,0.0,4.8
경북,상주시,"재활용 가능자원 분리배출",폐식용유,EMPTY,0.0,0.0,0.0,0.0
경북,상주시,"재활용 가능자원 분리배출",폐전기전자제품,EMPTY,0.0,0.0,0.0,0.0
경북,상주시,"재활용 가능자원 분리배출",폐가구류,EMPTY,2.1,0.0,0.0,2.1
경북,상주시,"재활용 가능자원 분리배출",기타,EMPTY,0.2,0.0,0.0,0.2
경북,상주시,"재활용 가능자원 분리배출",재활용 잔재물,EMPTY,0.0,0.0,0.0,0.0
경북,상주시,음식물류 폐기물 분리배출,EMPTY,EMPTY,13.0,0.0,0.0,13.0
경북,문경시,종량제방식 등 혼합배출,가연성,폐지류,18.0,8.7,8.9,0.0
경북,문경시,종량제방식 등 혼합배출,가연성,폐합성수지류,14.0,6.8,6.9,0.0
경북,문경시,종량제방식 등 혼합배출,가연성,폐고무류,0.6,0.3,0.3,0.0
경북,문경시,종량제방식 등 혼합배출,가연성,폐섬유류,2.6,1.2,1.3,0.0
경북,문경시,종량제방식 등 혼합배출,가연성,음식물류 폐기물,3.5,1.7,1.7,0.0
경북,문경시,종량제방식 등 혼합배출,가연성,폐목재류,1.3,0.6,0.7,0.0
경북,문경시,종량제방식 등 혼합배출,가연성,기타,17.5,8.5,8.6,0.0
경북,문경시,종량제방식 등 혼합배출,불연성,폐금속류,1.2,0.6,0.6,0.0
경북,문경시,종량제방식 등 혼합배출,불연성,폐유리류,2.0,1.0,1.0,0.0
경북,문경시,종량제방식 등 혼합배출,불연성,폐토사류,0.2,0.1,0.1,0.0
경북,문경시,종량제방식 등 혼합배출,불연성,폐타일 및 도자기류,0.0,0.0,0.0,0.0
경북,문경시,종량제방식 등 혼합배출,불연성,연탄재,0.4,0.2,0.2,0.0
경북,문경시,종량제방식 등 혼합배출,불연성,기타,0.6,0.3,0.3,0.0
경북,문경시,종량제방식 등 혼합배출,건설폐재류,EMPTY,0.0,0.0,0.0,0.0
경북,문경시,종량제방식 등 혼합배출,기타(배출불명등),EMPTY,0.0,0.0,0.0,0.0
경북,문경시,"재활용 가능자원 분리배출",폐지류,종이팩,0.0,0.0,0.0,0.0
경북,문경시,"재활용 가능자원 분리배출",폐지류,기타,0.4,0.0,0.0,0.4
경북,문경시,"재활용 가능자원 분리배출",고철류,EMPTY,0.2,0.0,0.0,0.2
경북,문경시,"재활용 가능자원 분리배출",금속캔,EMPTY,0.3,0.0,0.0,0.3
경북,문경시,"재활용 가능자원 분리배출",폐합성수지류,비닐류,0.4,0.0,0.0,0.4
경북,문경시,"재활용 가능자원 분리배출",폐합성수지류,발포수지류,0.1,0.0,0.0,0.1
경북,문경시,"재활용 가능자원 분리배출",폐합성수지류,PET병,0.7,0.0,0.0,0.7
경북,문경시,"재활용 가능자원 분리배출",폐합성수지류,기타,0.5,0.0,0.0,0.5
경북,문경시,"재활용 가능자원 분리배출",폐고무류,EMPTY,0.0,0.0,0.0,0.0
경북,문경시,"재활용 가능자원 분리배출",폐유리병류,EMPTY,1.3,0.0,0.0,1.3
경북,문경시,"재활용 가능자원 분리배출",폐의류,EMPTY,0.0,0.0,0.0,0.0
경북,문경시,"재활용 가능자원 분리배출",폐섬유류,EMPTY,0.0,0.0,0.0,0.0
경북,문경시,"재활용 가능자원 분리배출",폐형광등,EMPTY,0.0,0.0,0.0,0.0
경북,문경시,"재활용 가능자원 분리배출",폐전지류,EMPTY,0.0,0.0,0.0,0.0
경북,문경시,"재활용 가능자원 분리배출",영농폐기물,농약용기류,1.0,0.0,0.0,1.0
경북,문경시,"재활용 가능자원 분리배출",영농폐기물,폐비닐,4.6,0.0,0.0,4.6
경북,문경시,"재활용 가능자원 분리배출",폐식용유,EMPTY,0.0,0.0,0.0,0.0
경북,문경시,"재활용 가능자원 분리배출",폐전기전자제품,EMPTY,0.4,0.0,0.0,0.4
경북,문경시,"재활용 가능자원 분리배출",폐가구류,EMPTY,0.0,0.0,0.0,0.0
경북,문경시,"재활용 가능자원 분리배출",기타,EMPTY,0.1,0.0,0.0,0.1
경북,문경시,"재활용 가능자원 분리배출",재활용 잔재물,EMPTY,2.2,0.5,1.7,0.0
경북,문경시,음식물류 폐기물 분리배출,EMPTY,EMPTY,18.6,0.0,15.9,2.7
경북,경산시,종량제방식 등 혼합배출,가연성,폐지류,37.0,10.7,26.3,0.0
경북,경산시,종량제방식 등 혼합배출,가연성,폐합성수지류,28.7,8.3,20.4,0.0
경북,경산시,종량제방식 등 혼합배출,가연성,폐고무류,1.3,0.4,0.9,0.0
경북,경산시,종량제방식 등 혼합배출,가연성,폐섬유류,5.3,1.5,3.8,0.0
경북,경산시,종량제방식 등 혼합배출,가연성,음식물류 폐기물,7.0,2.0,5.0,0.0
경북,경산시,종량제방식 등 혼합배출,가연성,폐목재류,9.1,0.8,2.0,6.3
경북,경산시,종량제방식 등 혼합배출,가연성,기타,35.9,10.4,25.5,0.0
경북,경산시,종량제방식 등 혼합배출,불연성,폐금속류,2.5,0.7,1.8,0.0
경북,경산시,종량제방식 등 혼합배출,불연성,폐유리류,4.1,1.2,2.9,0.0
경북,경산시,종량제방식 등 혼합배출,불연성,폐토사류,0.3,0.1,0.2,0.0
경북,경산시,종량제방식 등 혼합배출,불연성,폐타일 및 도자기류,0.1,0.0,0.1,0.0
경북,경산시,종량제방식 등 혼합배출,불연성,연탄재,0.9,0.3,0.6,0.0
경북,경산시,종량제방식 등 혼합배출,불연성,기타,1.1,0.3,0.8,0.0
경북,경산시,종량제방식 등 혼합배출,건설폐재류,EMPTY,0.0,0.0,0.0,0.0
경북,경산시,종량제방식 등 혼합배출,기타(배출불명등),EMPTY,0.0,0.0,0.0,0.0
경북,경산시,"재활용 가능자원 분리배출",폐지류,종이팩,0.1,0.0,0.0,0.1
경북,경산시,"재활용 가능자원 분리배출",폐지류,기타,0.1,0.0,0.0,0.1
경북,경산시,"재활용 가능자원 분리배출",고철류,EMPTY,0.4,0.0,0.0,0.4
경북,경산시,"재활용 가능자원 분리배출",금속캔,EMPTY,0.3,0.0,0.0,0.3
경북,경산시,"재활용 가능자원 분리배출",폐합성수지류,비닐류,0.0,0.0,0.0,0.0
경북,경산시,"재활용 가능자원 분리배출",폐합성수지류,발포수지류,0.3,0.0,0.0,0.3
경북,경산시,"재활용 가능자원 분리배출",폐합성수지류,PET병,1.2,0.0,0.0,1.2
경북,경산시,"재활용 가능자원 분리배출",폐합성수지류,기타,0.4,0.0,0.0,0.4
경북,경산시,"재활용 가능자원 분리배출",폐고무류,EMPTY,0.0,0.0,0.0,0.0
경북,경산시,"재활용 가능자원 분리배출",폐유리병류,EMPTY,1.7,0.0,0.0,1.7
경북,경산시,"재활용 가능자원 분리배출",폐의류,EMPTY,0.0,0.0,0.0,0.0
경북,경산시,"재활용 가능자원 분리배출",폐섬유류,EMPTY,0.0,0.0,0.0,0.0
경북,경산시,"재활용 가능자원 분리배출",폐형광등,EMPTY,0.1,0.0,0.0,0.1
경북,경산시,"재활용 가능자원 분리배출",폐전지류,EMPTY,0.0,0.0,0.0,0.0
경북,경산시,"재활용 가능자원 분리배출",영농폐기물,농약용기류,0.0,0.0,0.0,0.0
경북,경산시,"재활용 가능자원 분리배출",영농폐기물,폐비닐,0.2,0.0,0.0,0.2
경북,경산시,"재활용 가능자원 분리배출",폐식용유,EMPTY,0.0,0.0,0.0,0.0
경북,경산시,"재활용 가능자원 분리배출",폐전기전자제품,EMPTY,0.3,0.0,0.0,0.3
경북,경산시,"재활용 가능자원 분리배출",폐가구류,EMPTY,0.0,0.0,0.0,0.0
경북,경산시,"재활용 가능자원 분리배출",기타,EMPTY,0.0,0.0,0.0,0.0
경북,경산시,"재활용 가능자원 분리배출",재활용 잔재물,EMPTY,7.5,6.0,1.5,0.0
경북,경산시,음식물류 폐기물 분리배출,EMPTY,EMPTY,80.1,0.0,0.0,80.1
경북,의성군,종량제방식 등 혼합배출,가연성,폐지류,2.7,0.0,2.7,0.0
경북,의성군,종량제방식 등 혼합배출,가연성,폐합성수지류,2.4,0.0,2.4,0.0
경북,의성군,종량제방식 등 혼합배출,가연성,폐고무류,0.1,0.0,0.1,0.0
경북,의성군,종량제방식 등 혼합배출,가연성,폐섬유류,0.6,0.0,0.6,0.0
경북,의성군,종량제방식 등 혼합배출,가연성,음식물류 폐기물,0.8,0.0,0.8,0.0
경북,의성군,종량제방식 등 혼합배출,가연성,폐목재류,0.2,0.0,0.2,0.0
경북,의성군,종량제방식 등 혼합배출,가연성,기타,5.2,0.0,5.2,0.0
경북,의성군,종량제방식 등 혼합배출,불연성,폐금속류,2.0,2.0,0.0,0.0
경북,의성군,종량제방식 등 혼합배출,불연성,폐유리류,2.8,2.8,0.0,0.0
경북,의성군,종량제방식 등 혼합배출,불연성,폐토사류,0.4,0.4,0.0,0.0
경북,의성군,종량제방식 등 혼합배출,불연성,폐타일 및 도자기류,0.2,0.2,0.0,0.0
경북,의성군,종량제방식 등 혼합배출,불연성,연탄재,0.0,0.0,0.0,0.0
경북,의성군,종량제방식 등 혼합배출,불연성,기타,3.7,3.7,0.0,0.0
경북,의성군,종량제방식 등 혼합배출,건설폐재류,EMPTY,0.0,0.0,0.0,0.0
경북,의성군,종량제방식 등 혼합배출,기타(배출불명등),EMPTY,0.0,0.0,0.0,0.0
경북,의성군,"재활용 가능자원 분리배출",폐지류,종이팩,0.0,0.0,0.0,0.0
경북,의성군,"재활용 가능자원 분리배출",폐지류,기타,0.5,0.0,0.0,0.5
경북,의성군,"재활용 가능자원 분리배출",고철류,EMPTY,0.1,0.0,0.0,0.1
경북,의성군,"재활용 가능자원 분리배출",금속캔,EMPTY,0.2,0.0,0.0,0.2
경북,의성군,"재활용 가능자원 분리배출",폐합성수지류,비닐류,0.0,0.0,0.0,0.0
경북,의성군,"재활용 가능자원 분리배출",폐합성수지류,발포수지류,0.0,0.0,0.0,0.0
경북,의성군,"재활용 가능자원 분리배출",폐합성수지류,PET병,0.3,0.0,0.0,0.3
경북,의성군,"재활용 가능자원 분리배출",폐합성수지류,기타,0.2,0.0,0.0,0.2
경북,의성군,"재활용 가능자원 분리배출",폐고무류,EMPTY,0.0,0.0,0.0,0.0
경북,의성군,"재활용 가능자원 분리배출",폐유리병류,EMPTY,0.9,0.0,0.0,0.9
경북,의성군,"재활용 가능자원 분리배출",폐의류,EMPTY,0.0,0.0,0.0,0.0
경북,의성군,"재활용 가능자원 분리배출",폐섬유류,EMPTY,0.0,0.0,0.0,0.0
경북,의성군,"재활용 가능자원 분리배출",폐형광등,EMPTY,0.0,0.0,0.0,0.0
경북,의성군,"재활용 가능자원 분리배출",폐전지류,EMPTY,0.0,0.0,0.0,0.0
경북,의성군,"재활용 가능자원 분리배출",영농폐기물,농약용기류,1.1,0.0,0.0,1.1
경북,의성군,"재활용 가능자원 분리배출",영농폐기물,폐비닐,7.5,0.0,0.0,7.5
경북,의성군,"재활용 가능자원 분리배출",폐식용유,EMPTY,0.0,0.0,0.0,0.0
경북,의성군,"재활용 가능자원 분리배출",폐전기전자제품,EMPTY,0.0,0.0,0.0,0.0
경북,의성군,"재활용 가능자원 분리배출",폐가구류,EMPTY,0.0,0.0,0.0,0.0
경북,의성군,"재활용 가능자원 분리배출",기타,EMPTY,0.0,0.0,0.0,0.0
경북,의성군,"재활용 가능자원 분리배출",재활용 잔재물,EMPTY,0.0,0.0,0.0,0.0
경북,의성군,음식물류 폐기물 분리배출,EMPTY,EMPTY,4.0,0.0,0.0,4.0
경북,청송군,종량제방식 등 혼합배출,가연성,폐지류,2.3,0.0,2.3,0.0
경북,청송군,종량제방식 등 혼합배출,가연성,폐합성수지류,1.6,0.0,1.6,0.0
경북,청송군,종량제방식 등 혼합배출,가연성,폐고무류,0.0,0.0,0.0,0.0
경북,청송군,종량제방식 등 혼합배출,가연성,폐섬유류,0.0,0.0,0.0,0.0
경북,청송군,종량제방식 등 혼합배출,가연성,음식물류 폐기물,3.6,0.0,3.6,0.0
경북,청송군,종량제방식 등 혼합배출,가연성,폐목재류,0.6,0.0,0.6,0.0
경북,청송군,종량제방식 등 혼합배출,가연성,기타,18.6,0.0,18.6,0.0
경북,청송군,종량제방식 등 혼합배출,불연성,폐금속류,0.0,0.0,0.0,0.0
경북,청송군,종량제방식 등 혼합배출,불연성,폐유리류,0.0,0.0,0.0,0.0
경북,청송군,종량제방식 등 혼합배출,불연성,폐토사류,0.0,0.0,0.0,0.0
경북,청송군,종량제방식 등 혼합배출,불연성,폐타일 및 도자기류,0.0,0.0,0.0,0.0
경북,청송군,종량제방식 등 혼합배출,불연성,연탄재,0.0,0.0,0.0,0.0
경북,청송군,종량제방식 등 혼합배출,불연성,기타,0.0,0.0,0.0,0.0
경북,청송군,종량제방식 등 혼합배출,건설폐재류,EMPTY,0.0,0.0,0.0,0.0
경북,청송군,종량제방식 등 혼합배출,기타(배출불명등),EMPTY,0.0,0.0,0.0,0.0
경북,청송군,"재활용 가능자원 분리배출",폐지류,종이팩,0.0,0.0,0.0,0.0
경북,청송군,"재활용 가능자원 분리배출",폐지류,기타,0.0,0.0,0.0,0.0
경북,청송군,"재활용 가능자원 분리배출",고철류,EMPTY,0.0,0.0,0.0,0.0
경북,청송군,"재활용 가능자원 분리배출",금속캔,EMPTY,0.0,0.0,0.0,0.0
경북,청송군,"재활용 가능자원 분리배출",폐합성수지류,비닐류,0.0,0.0,0.0,0.0
경북,청송군,"재활용 가능자원 분리배출",폐합성수지류,발포수지류,0.0,0.0,0.0,0.0
경북,청송군,"재활용 가능자원 분리배출",폐합성수지류,PET병,0.1,0.0,0.0,0.1
경북,청송군,"재활용 가능자원 분리배출",폐합성수지류,기타,0.2,0.0,0.0,0.2
경북,청송군,"재활용 가능자원 분리배출",폐고무류,EMPTY,0.0,0.0,0.0,0.0
경북,청송군,"재활용 가능자원 분리배출",폐유리병류,EMPTY,0.0,0.0,0.0,0.0
경북,청송군,"재활용 가능자원 분리배출",폐의류,EMPTY,0.0,0.0,0.0,0.0
경북,청송군,"재활용 가능자원 분리배출",폐섬유류,EMPTY,0.0,0.0,0.0,0.0
경북,청송군,"재활용 가능자원 분리배출",폐형광등,EMPTY,0.0,0.0,0.0,0.0
경북,청송군,"재활용 가능자원 분리배출",폐전지류,EMPTY,0.0,0.0,0.0,0.0
경북,청송군,"재활용 가능자원 분리배출",영농폐기물,농약용기류,0.2,0.0,0.0,0.2
경북,청송군,"재활용 가능자원 분리배출",영농폐기물,폐비닐,2.9,0.0,0.0,2.9
경북,청송군,"재활용 가능자원 분리배출",폐식용유,EMPTY,0.0,0.0,0.0,0.0
경북,청송군,"재활용 가능자원 분리배출",폐전기전자제품,EMPTY,0.1,0.0,0.0,0.1
경북,청송군,"재활용 가능자원 분리배출",폐가구류,EMPTY,0.0,0.0,0.0,0.0
경북,청송군,"재활용 가능자원 분리배출",기타,EMPTY,0.0,0.0,0.0,0.0
경북,청송군,"재활용 가능자원 분리배출",재활용 잔재물,EMPTY,0.0,0.0,0.0,0.0
경북,청송군,음식물류 폐기물 분리배출,EMPTY,EMPTY,3.5,0.0,3.5,0.0
경북,영양군,종량제방식 등 혼합배출,가연성,폐지류,0.5,0.4,0.1,0.0
경북,영양군,종량제방식 등 혼합배출,가연성,폐합성수지류,0.5,0.4,0.1,0.0
경북,영양군,종량제방식 등 혼합배출,가연성,폐고무류,0.5,0.4,0.1,0.0
경북,영양군,종량제방식 등 혼합배출,가연성,폐섬유류,0.7,0.6,0.1,0.0
경북,영양군,종량제방식 등 혼합배출,가연성,음식물류 폐기물,0.7,0.6,0.1,0.0
경북,영양군,종량제방식 등 혼합배출,가연성,폐목재류,0.7,0.4,0.3,0.0
경북,영양군,종량제방식 등 혼합배출,가연성,기타,0.3,0.2,0.1,0.0
경북,영양군,종량제방식 등 혼합배출,불연성,폐금속류,0.6,0.6,0.0,0.0
경북,영양군,종량제방식 등 혼합배출,불연성,폐유리류,0.6,0.6,0.0,0.0
경북,영양군,종량제방식 등 혼합배출,불연성,폐토사류,2.7,2.7,0.0,0.0
경북,영양군,종량제방식 등 혼합배출,불연성,폐타일 및 도자기류,1.4,1.4,0.0,0.0
경북,영양군,종량제방식 등 혼합배출,불연성,연탄재,0.7,0.7,0.0,0.0
경북,영양군,종량제방식 등 혼합배출,불연성,기타,0.1,0.1,0.0,0.0
경북,영양군,종량제방식 등 혼합배출,건설폐재류,EMPTY,5.0,5.0,0.0,0.0
경북,영양군,종량제방식 등 혼합배출,기타(배출불명등),EMPTY,0.5,0.5,0.0,0.0
경북,영양군,"재활용 가능자원 분리배출",폐지류,종이팩,0.0,0.0,0.0,0.0
경북,영양군,"재활용 가능자원 분리배출",폐지류,기타,1.1,0.0,0.0,1.1
경북,영양군,"재활용 가능자원 분리배출",고철류,EMPTY,0.2,0.0,0.0,0.2
경북,영양군,"재활용 가능자원 분리배출",금속캔,EMPTY,0.1,0.0,0.0,0.1
경북,영양군,"재활용 가능자원 분리배출",폐합성수지류,비닐류,0.0,0.0,0.0,0.0
경북,영양군,"재활용 가능자원 분리배출",폐합성수지류,발포수지류,0.0,0.0,0.0,0.0
경북,영양군,"재활용 가능자원 분리배출",폐합성수지류,PET병,0.1,0.0,0.0,0.1
경북,영양군,"재활용 가능자원 분리배출",폐합성수지류,기타,0.1,0.0,0.0,0.1
경북,영양군,"재활용 가능자원 분리배출",폐고무류,EMPTY,0.0,0.0,0.0,0.0
경북,영양군,"재활용 가능자원 분리배출",폐유리병류,EMPTY,0.3,0.0,0.0,0.3
경북,영양군,"재활용 가능자원 분리배출",폐의류,EMPTY,0.0,0.0,0.0,0.0
경북,영양군,"재활용 가능자원 분리배출",폐섬유류,EMPTY,0.0,0.0,0.0,0.0
경북,영양군,"재활용 가능자원 분리배출",폐형광등,EMPTY,0.0,0.0,0.0,0.0
경북,영양군,"재활용 가능자원 분리배출",폐전지류,EMPTY,0.0,0.0,0.0,0.0
경북,영양군,"재활용 가능자원 분리배출",영농폐기물,농약용기류,0.1,0.0,0.0,0.1
경북,영양군,"재활용 가능자원 분리배출",영농폐기물,폐비닐,0.0,0.0,0.0,0.0
경북,영양군,"재활용 가능자원 분리배출",폐식용유,EMPTY,0.0,0.0,0.0,0.0
경북,영양군,"재활용 가능자원 분리배출",폐전기전자제품,EMPTY,0.3,0.0,0.0,0.3
경북,영양군,"재활용 가능자원 분리배출",폐가구류,EMPTY,0.0,0.0,0.0,0.0
경북,영양군,"재활용 가능자원 분리배출",기타,EMPTY,0.1,0.0,0.0,0.1
경북,영양군,"재활용 가능자원 분리배출",재활용 잔재물,EMPTY,0.1,0.0,0.0,0.1
경북,영양군,음식물류 폐기물 분리배출,EMPTY,EMPTY,2.0,1.9,0.0,0.1
경북,영덕군,종량제방식 등 혼합배출,가연성,폐지류,2.9,1.0,1.5,0.4
경북,영덕군,종량제방식 등 혼합배출,가연성,폐합성수지류,3.4,1.2,1.8,0.4
경북,영덕군,종량제방식 등 혼합배출,가연성,폐고무류,0.0,0.0,0.0,0.0
경북,영덕군,종량제방식 등 혼합배출,가연성,폐섬유류,0.0,0.0,0.0,0.0
경북,영덕군,종량제방식 등 혼합배출,가연성,음식물류 폐기물,0.0,0.0,0.0,0.0
경북,영덕군,종량제방식 등 혼합배출,가연성,폐목재류,4.0,1.6,2.4,0.0
경북,영덕군,종량제방식 등 혼합배출,가연성,기타,18.9,5.2,11.2,2.5
경북,영덕군,종량제방식 등 혼합배출,불연성,폐금속류,0.7,0.5,0.0,0.2
경북,영덕군,종량제방식 등 혼합배출,불연성,폐유리류,1.5,1.1,0.0,0.4
경북,영덕군,종량제방식 등 혼합배출,불연성,폐토사류,0.0,0.0,0.0,0.0
경북,영덕군,종량제방식 등 혼합배출,불연성,폐타일 및 도자기류,0.0,0.0,0.0,0.0
경북,영덕군,종량제방식 등 혼합배출,불연성,연탄재,0.0,0.0,0.0,0.0
경북,영덕군,종량제방식 등 혼합배출,불연성,기타,0.0,0.0,0.0,0.0
경북,영덕군,종량제방식 등 혼합배출,건설폐재류,EMPTY,0.0,0.0,0.0,0.0
경북,영덕군,종량제방식 등 혼합배출,기타(배출불명등),EMPTY,0.7,0.5,0.0,0.2
경북,영덕군,"재활용 가능자원 분리배출",폐지류,종이팩,0.0,0.0,0.0,0.0
경북,영덕군,"재활용 가능자원 분리배출",폐지류,기타,0.3,0.0,0.0,0.3
경북,영덕군,"재활용 가능자원 분리배출",고철류,EMPTY,0.0,0.0,0.0,0.0
경북,영덕군,"재활용 가능자원 분리배출",금속캔,EMPTY,0.2,0.0,0.0,0.2
경북,영덕군,"재활용 가능자원 분리배출",폐합성수지류,비닐류,0.0,0.0,0.0,0.0
경북,영덕군,"재활용 가능자원 분리배출",폐합성수지류,발포수지류,0.0,0.0,0.0,0.0
경북,영덕군,"재활용 가능자원 분리배출",폐합성수지류,PET병,0.3,0.0,0.0,0.3
경북,영덕군,"재활용 가능자원 분리배출",폐합성수지류,기타,0.2,0.0,0.0,0.2
경북,영덕군,"재활용 가능자원 분리배출",폐고무류,EMPTY,0.0,0.0,0.0,0.0
경북,영덕군,"재활용 가능자원 분리배출",폐유리병류,EMPTY,0.4,0.0,0.0,0.4
경북,영덕군,"재활용 가능자원 분리배출",폐의류,EMPTY,0.0,0.0,0.0,0.0
경북,영덕군,"재활용 가능자원 분리배출",폐섬유류,EMPTY,0.0,0.0,0.0,0.0
경북,영덕군,"재활용 가능자원 분리배출",폐형광등,EMPTY,0.0,0.0,0.0,0.0
경북,영덕군,"재활용 가능자원 분리배출",폐전지류,EMPTY,0.0,0.0,0.0,0.0
경북,영덕군,"재활용 가능자원 분리배출",영농폐기물,농약용기류,0.0,0.0,0.0,0.0
경북,영덕군,"재활용 가능자원 분리배출",영농폐기물,폐비닐,2.0,0.0,0.0,2.0
경북,영덕군,"재활용 가능자원 분리배출",폐식용유,EMPTY,0.0,0.0,0.0,0.0
경북,영덕군,"재활용 가능자원 분리배출",폐전기전자제품,EMPTY,0.0,0.0,0.0,0.0
경북,영덕군,"재활용 가능자원 분리배출",폐가구류,EMPTY,0.0,0.0,0.0,0.0
경북,영덕군,"재활용 가능자원 분리배출",기타,EMPTY,0.7,0.0,0.0,0.7
경북,영덕군,"재활용 가능자원 분리배출",재활용 잔재물,EMPTY,0.0,0.0,0.0,0.0
경북,영덕군,음식물류 폐기물 분리배출,EMPTY,EMPTY,13.1,7.7,5.4,0.0
경북,청도군,종량제방식 등 혼합배출,가연성,폐지류,4.1,0.6,3.5,0.0
경북,청도군,종량제방식 등 혼합배출,가연성,폐합성수지류,4.7,0.7,4.0,0.0
경북,청도군,종량제방식 등 혼합배출,가연성,폐고무류,0.2,0.0,0.2,0.0
경북,청도군,종량제방식 등 혼합배출,가연성,폐섬유류,0.7,0.1,0.6,0.0
경북,청도군,종량제방식 등 혼합배출,가연성,음식물류 폐기물,6.4,0.1,0.3,6.0
경북,청도군,종량제방식 등 혼합배출,가연성,폐목재류,0.1,0.0,0.1,0.0
경북,청도군,종량제방식 등 혼합배출,가연성,기타,0.2,0.0,0.2,0.0
경북,청도군,종량제방식 등 혼합배출,불연성,폐금속류,1.7,1.5,0.2,0.0
경북,청도군,종량제방식 등 혼합배출,불연성,폐유리류,2.5,2.3,0.2,0.0
경북,청도군,종량제방식 등 혼합배출,불연성,폐토사류,0.8,0.7,0.1,0.0
경북,청도군,종량제방식 등 혼합배출,불연성,폐타일 및 도자기류,0.2,0.2,0.0,0.0
경북,청도군,종량제방식 등 혼합배출,불연성,연탄재,0.2,0.2,0.0,0.0
경북,청도군,종량제방식 등 혼합배출,불연성,기타,1.2,1.1,0.1,0.0
경북,청도군,종량제방식 등 혼합배출,건설폐재류,EMPTY,0.0,0.0,0.0,0.0
경북,청도군,종량제방식 등 혼합배출,기타(배출불명등),EMPTY,0.0,0.0,0.0,0.0
경북,청도군,"재활용 가능자원 분리배출",폐지류,종이팩,0.0,0.0,0.0,0.0
경북,청도군,"재활용 가능자원 분리배출",폐지류,기타,0.2,0.0,0.0,0.2
경북,청도군,"재활용 가능자원 분리배출",고철류,EMPTY,0.1,0.0,0.0,0.1
경북,청도군,"재활용 가능자원 분리배출",금속캔,EMPTY,0.1,0.0,0.0,0.1
경북,청도군,"재활용 가능자원 분리배출",폐합성수지류,비닐류,0.0,0.0,0.0,0.0
경북,청도군,"재활용 가능자원 분리배출",폐합성수지류,발포수지류,0.0,0.0,0.0,0.0
경북,청도군,"재활용 가능자원 분리배출",폐합성수지류,PET병,0.2,0.0,0.0,0.2
경북,청도군,"재활용 가능자원 분리배출",폐합성수지류,기타,0.1,0.0,0.0,0.1
경북,청도군,"재활용 가능자원 분리배출",폐고무류,EMPTY,0.0,0.0,0.0,0.0
경북,청도군,"재활용 가능자원 분리배출",폐유리병류,EMPTY,0.5,0.0,0.0,0.5
경북,청도군,"재활용 가능자원 분리배출",폐의류,EMPTY,0.0,0.0,0.0,0.0
경북,청도군,"재활용 가능자원 분리배출",폐섬유류,EMPTY,0.0,0.0,0.0,0.0
경북,청도군,"재활용 가능자원 분리배출",폐형광등,EMPTY,0.0,0.0,0.0,0.0
경북,청도군,"재활용 가능자원 분리배출",폐전지류,EMPTY,0.0,0.0,0.0,0.0
경북,청도군,"재활용 가능자원 분리배출",영농폐기물,농약용기류,0.0,0.0,0.0,0.0
경북,청도군,"재활용 가능자원 분리배출",영농폐기물,폐비닐,0.0,0.0,0.0,0.0
경북,청도군,"재활용 가능자원 분리배출",폐식용유,EMPTY,0.0,0.0,0.0,0.0
경북,청도군,"재활용 가능자원 분리배출",폐전기전자제품,EMPTY,0.4,0.0,0.0,0.4
경북,청도군,"재활용 가능자원 분리배출",폐가구류,EMPTY,0.0,0.0,0.0,0.0
경북,청도군,"재활용 가능자원 분리배출",기타,EMPTY,0.0,0.0,0.0,0.0
경북,청도군,"재활용 가능자원 분리배출",재활용 잔재물,EMPTY,0.0,0.0,0.0,0.0
경북,청도군,음식물류 폐기물 분리배출,EMPTY,EMPTY,6.0,0.0,0.0,6.0
경북,고령군,종량제방식 등 혼합배출,가연성,폐지류,1.8,0.4,1.4,0.0
경북,고령군,종량제방식 등 혼합배출,가연성,폐합성수지류,5.6,1.3,4.3,0.0
경북,고령군,종량제방식 등 혼합배출,가연성,폐고무류,3.9,1.7,2.2,0.0
경북,고령군,종량제방식 등 혼합배출,가연성,폐섬유류,3.7,0.8,2.9,0.0
경북,고령군,종량제방식 등 혼합배출,가연성,음식물류 폐기물,0.0,0.0,0.0,0.0
경북,고령군,종량제방식 등 혼합배출,가연성,폐목재류,2.4,1.0,1.4,0.0
경북,고령군,종량제방식 등 혼합배출,가연성,기타,0.7,0.0,0.7,0.0
경북,고령군,종량제방식 등 혼합배출,불연성,폐금속류,0.3,0.3,0.0,0.0
경북,고령군,종량제방식 등 혼합배출,불연성,폐유리류,0.6,0.6,0.0,0.0
경북,고령군,종량제방식 등 혼합배출,불연성,폐토사류,3.4,3.4,0.0,0.0
경북,고령군,종량제방식 등 혼합배출,불연성,폐타일 및 도자기류,0.0,0.0,0.0,0.0
경북,고령군,종량제방식 등 혼합배출,불연성,연탄재,0.0,0.0,0.0,0.0
경북,고령군,종량제방식 등 혼합배출,불연성,기타,0.0,0.0,0.0,0.0
경북,고령군,종량제방식 등 혼합배출,건설폐재류,EMPTY,0.0,0.0,0.0,0.0
경북,고령군,종량제방식 등 혼합배출,기타(배출불명등),EMPTY,1.2,1.2,0.0,0.0
경북,고령군,"재활용 가능자원 분리배출",폐지류,종이팩,0.0,0.0,0.0,0.0
경북,고령군,"재활용 가능자원 분리배출",폐지류,기타,3.8,0.0,0.0,3.8
경북,고령군,"재활용 가능자원 분리배출",고철류,EMPTY,0.1,0.0,0.0,0.1
경북,고령군,"재활용 가능자원 분리배출",금속캔,EMPTY,0.0,0.0,0.0,0.0
경북,고령군,"재활용 가능자원 분리배출",폐합성수지류,비닐류,0.0,0.0,0.0,0.0
경북,고령군,"재활용 가능자원 분리배출",폐합성수지류,발포수지류,0.0,0.0,0.0,0.0
경북,고령군,"재활용 가능자원 분리배출",폐합성수지류,PET병,0.1,0.0,0.0,0.1
경북,고령군,"재활용 가능자원 분리배출",폐합성수지류,기타,0.1,0.0,0.0,0.1
경북,고령군,"재활용 가능자원 분리배출",폐고무류,EMPTY,0.0,0.0,0.0,0.0
경북,고령군,"재활용 가능자원 분리배출",폐유리병류,EMPTY,0.3,0.0,0.0,0.3
경북,고령군,"재활용 가능자원 분리배출",폐의류,EMPTY,0.0,0.0,0.0,0.0
경북,고령군,"재활용 가능자원 분리배출",폐섬유류,EMPTY,0.0,0.0,0.0,0.0
경북,고령군,"재활용 가능자원 분리배출",폐형광등,EMPTY,0.0,0.0,0.0,0.0
경북,고령군,"재활용 가능자원 분리배출",폐전지류,EMPTY,0.0,0.0,0.0,0.0
경북,고령군,"재활용 가능자원 분리배출",영농폐기물,농약용기류,0.0,0.0,0.0,0.0
경북,고령군,"재활용 가능자원 분리배출",영농폐기물,폐비닐,4.0,0.0,0.0,4.0
경북,고령군,"재활용 가능자원 분리배출",폐식용유,EMPTY,0.0,0.0,0.0,0.0
경북,고령군,"재활용 가능자원 분리배출",폐전기전자제품,EMPTY,0.0,0.0,0.0,0.0
경북,고령군,"재활용 가능자원 분리배출",폐가구류,EMPTY,0.0,0.0,0.0,0.0
경북,고령군,"재활용 가능자원 분리배출",기타,EMPTY,0.1,0.0,0.0,0.1
경북,고령군,"재활용 가능자원 분리배출",재활용 잔재물,EMPTY,0.1,0.0,0.1,0.0
경북,고령군,음식물류 폐기물 분리배출,EMPTY,EMPTY,7.8,0.0,3.3,4.5
경북,성주군,종량제방식 등 혼합배출,가연성,폐지류,3.6,0.0,3.6,0.0
경북,성주군,종량제방식 등 혼합배출,가연성,폐합성수지류,5.4,0.0,5.4,0.0
경북,성주군,종량제방식 등 혼합배출,가연성,폐고무류,0.1,0.0,0.1,0.0
경북,성주군,종량제방식 등 혼합배출,가연성,폐섬유류,0.0,0.0,0.0,0.0
경북,성주군,종량제방식 등 혼합배출,가연성,음식물류 폐기물,2.1,0.0,2.1,0.0
경북,성주군,종량제방식 등 혼합배출,가연성,폐목재류,1.7,0.0,1.7,0.0
경북,성주군,종량제방식 등 혼합배출,가연성,기타,5.7,0.0,5.7,0.0
경북,성주군,종량제방식 등 혼합배출,불연성,폐금속류,0.7,0.1,0.6,0.0
경북,성주군,종량제방식 등 혼합배출,불연성,폐유리류,1.0,0.2,0.8,0.0
경북,성주군,종량제방식 등 혼합배출,불연성,폐토사류,0.1,0.1,0.0,0.0
경북,성주군,종량제방식 등 혼합배출,불연성,폐타일 및 도자기류,0.1,0.1,0.0,0.0
경북,성주군,종량제방식 등 혼합배출,불연성,연탄재,0.1,0.1,0.0,0.0
경북,성주군,종량제방식 등 혼합배출,불연성,기타,0.3,0.2,0.1,0.0
경북,성주군,종량제방식 등 혼합배출,건설폐재류,EMPTY,0.0,0.0,0.0,0.0
경북,성주군,종량제방식 등 혼합배출,기타(배출불명등),EMPTY,0.6,0.6,0.0,0.0
경북,성주군,"재활용 가능자원 분리배출",폐지류,종이팩,0.0,0.0,0.0,0.0
경북,성주군,"재활용 가능자원 분리배출",폐지류,기타,0.1,0.0,0.0,0.1
경북,성주군,"재활용 가능자원 분리배출",고철류,EMPTY,0.1,0.0,0.0,0.1
경북,성주군,"재활용 가능자원 분리배출",금속캔,EMPTY,0.1,0.0,0.0,0.1
경북,성주군,"재활용 가능자원 분리배출",폐합성수지류,비닐류,0.0,0.0,0.0,0.0
경북,성주군,"재활용 가능자원 분리배출",폐합성수지류,발포수지류,0.0,0.0,0.0,0.0
경북,성주군,"재활용 가능자원 분리배출",폐합성수지류,PET병,0.2,0.0,0.0,0.2
경북,성주군,"재활용 가능자원 분리배출",폐합성수지류,기타,0.2,0.0,0.0,0.2
경북,성주군,"재활용 가능자원 분리배출",폐고무류,EMPTY,0.0,0.0,0.0,0.0
경북,성주군,"재활용 가능자원 분리배출",폐유리병류,EMPTY,0.6,0.0,0.0,0.6
경북,성주군,"재활용 가능자원 분리배출",폐의류,EMPTY,0.0,0.0,0.0,0.0
경북,성주군,"재활용 가능자원 분리배출",폐섬유류,EMPTY,0.0,0.0,0.0,0.0
경북,성주군,"재활용 가능자원 분리배출",폐형광등,EMPTY,0.0,0.0,0.0,0.0
경북,성주군,"재활용 가능자원 분리배출",폐전지류,EMPTY,0.0,0.0,0.0,0.0
경북,성주군,"재활용 가능자원 분리배출",영농폐기물,농약용기류,0.0,0.0,0.0,0.0
경북,성주군,"재활용 가능자원 분리배출",영농폐기물,폐비닐,0.0,0.0,0.0,0.0
경북,성주군,"재활용 가능자원 분리배출",폐식용유,EMPTY,0.0,0.0,0.0,0.0
경북,성주군,"재활용 가능자원 분리배출",폐전기전자제품,EMPTY,0.5,0.0,0.0,0.5
경북,성주군,"재활용 가능자원 분리배출",폐가구류,EMPTY,0.6,0.0,0.0,0.6
경북,성주군,"재활용 가능자원 분리배출",기타,EMPTY,0.0,0.0,0.0,0.0
경북,성주군,"재활용 가능자원 분리배출",재활용 잔재물,EMPTY,0.2,0.1,0.1,0.0
경북,성주군,음식물류 폐기물 분리배출,EMPTY,EMPTY,5.6,0.0,0.0,5.6
경북,칠곡군,종량제방식 등 혼합배출,가연성,폐지류,26.3,0.0,26.3,0.0
경북,칠곡군,종량제방식 등 혼합배출,가연성,폐합성수지류,21.6,0.0,21.6,0.0
경북,칠곡군,종량제방식 등 혼합배출,가연성,폐고무류,1.3,0.0,1.3,0.0
경북,칠곡군,종량제방식 등 혼합배출,가연성,폐섬유류,3.7,0.0,3.7,0.0
경북,칠곡군,종량제방식 등 혼합배출,가연성,음식물류 폐기물,5.6,0.0,5.6,0.0
경북,칠곡군,종량제방식 등 혼합배출,가연성,폐목재류,2.7,0.0,2.7,0.0
경북,칠곡군,종량제방식 등 혼합배출,가연성,기타,16.6,0.0,16.6,0.0
경북,칠곡군,종량제방식 등 혼합배출,불연성,폐금속류,0.3,0.3,0.0,0.0
경북,칠곡군,종량제방식 등 혼합배출,불연성,폐유리류,0.5,0.5,0.0,0.0
경북,칠곡군,종량제방식 등 혼합배출,불연성,폐토사류,0.1,0.1,0.0,0.0
경북,칠곡군,종량제방식 등 혼합배출,불연성,폐타일 및 도자기류,0.0,0.0,0.0,0.0
경북,칠곡군,종량제방식 등 혼합배출,불연성,연탄재,0.1,0.1,0.0,0.0
경북,칠곡군,종량제방식 등 혼합배출,불연성,기타,0.2,0.2,0.0,0.0
경북,칠곡군,종량제방식 등 혼합배출,건설폐재류,EMPTY,0.0,0.0,0.0,0.0
경북,칠곡군,종량제방식 등 혼합배출,기타(배출불명등),EMPTY,0.0,0.0,0.0,0.0
경북,칠곡군,"재활용 가능자원 분리배출",폐지류,종이팩,0.0,0.0,0.0,0.0
경북,칠곡군,"재활용 가능자원 분리배출",폐지류,기타,5.8,0.0,0.0,5.8
경북,칠곡군,"재활용 가능자원 분리배출",고철류,EMPTY,0.4,0.0,0.0,0.4
경북,칠곡군,"재활용 가능자원 분리배출",금속캔,EMPTY,0.2,0.0,0.0,0.2
경북,칠곡군,"재활용 가능자원 분리배출",폐합성수지류,비닐류,0.3,0.0,0.0,0.3
경북,칠곡군,"재활용 가능자원 분리배출",폐합성수지류,발포수지류,0.0,0.0,0.0,0.0
경북,칠곡군,"재활용 가능자원 분리배출",폐합성수지류,PET병,0.2,0.0,0.0,0.2
경북,칠곡군,"재활용 가능자원 분리배출",폐합성수지류,기타,0.6,0.0,0.0,0.6
경북,칠곡군,"재활용 가능자원 분리배출",폐고무류,EMPTY,0.0,0.0,0.0,0.0
경북,칠곡군,"재활용 가능자원 분리배출",폐유리병류,EMPTY,0.7,0.0,0.0,0.7
경북,칠곡군,"재활용 가능자원 분리배출",폐의류,EMPTY,0.0,0.0,0.0,0.0
경북,칠곡군,"재활용 가능자원 분리배출",폐섬유류,EMPTY,0.0,0.0,0.0,0.0
경북,칠곡군,"재활용 가능자원 분리배출",폐형광등,EMPTY,0.0,0.0,0.0,0.0
경북,칠곡군,"재활용 가능자원 분리배출",폐전지류,EMPTY,0.0,0.0,0.0,0.0
경북,칠곡군,"재활용 가능자원 분리배출",영농폐기물,농약용기류,0.0,0.0,0.0,0.0
경북,칠곡군,"재활용 가능자원 분리배출",영농폐기물,폐비닐,0.0,0.0,0.0,0.0
경북,칠곡군,"재활용 가능자원 분리배출",폐식용유,EMPTY,0.0,0.0,0.0,0.0
경북,칠곡군,"재활용 가능자원 분리배출",폐전기전자제품,EMPTY,0.0,0.0,0.0,0.0
경북,칠곡군,"재활용 가능자원 분리배출",폐가구류,EMPTY,0.0,0.0,0.0,0.0
경북,칠곡군,"재활용 가능자원 분리배출",기타,EMPTY,0.1,0.0,0.0,0.1
경북,칠곡군,"재활용 가능자원 분리배출",재활용 잔재물,EMPTY,3.2,0.0,0.0,3.2
경북,칠곡군,음식물류 폐기물 분리배출,EMPTY,EMPTY,21.9,0.0,20.3,1.6
경북,예천군,종량제방식 등 혼합배출,가연성,폐지류,3.7,0.0,3.7,0.0
경북,예천군,종량제방식 등 혼합배출,가연성,폐합성수지류,11.3,0.0,11.3,0.0
경북,예천군,종량제방식 등 혼합배출,가연성,폐고무류,0.1,0.0,0.1,0.0
경북,예천군,종량제방식 등 혼합배출,가연성,폐섬유류,1.5,0.0,1.5,0.0
경북,예천군,종량제방식 등 혼합배출,가연성,음식물류 폐기물,0.0,0.0,0.0,0.0
경북,예천군,종량제방식 등 혼합배출,가연성,폐목재류,2.0,0.0,0.0,2.0
경북,예천군,종량제방식 등 혼합배출,가연성,기타,0.0,0.0,0.0,0.0
경북,예천군,종량제방식 등 혼합배출,불연성,폐금속류,0.0,0.0,0.0,0.0
경북,예천군,종량제방식 등 혼합배출,불연성,폐유리류,0.3,0.3,0.0,0.0
경북,예천군,종량제방식 등 혼합배출,불연성,폐토사류,0.0,0.0,0.0,0.0
경북,예천군,종량제방식 등 혼합배출,불연성,폐타일 및 도자기류,0.0,0.0,0.0,0.0
경북,예천군,종량제방식 등 혼합배출,불연성,연탄재,0.0,0.0,0.0,0.0
경북,예천군,종량제방식 등 혼합배출,불연성,기타,0.0,0.0,0.0,0.0
경북,예천군,종량제방식 등 혼합배출,건설폐재류,EMPTY,0.0,0.0,0.0,0.0
경북,예천군,종량제방식 등 혼합배출,기타(배출불명등),EMPTY,0.0,0.0,0.0,0.0
경북,예천군,"재활용 가능자원 분리배출",폐지류,종이팩,0.0,0.0,0.0,0.0
경북,예천군,"재활용 가능자원 분리배출",폐지류,기타,0.4,0.0,0.0,0.4
경북,예천군,"재활용 가능자원 분리배출",고철류,EMPTY,0.1,0.0,0.0,0.1
경북,예천군,"재활용 가능자원 분리배출",금속캔,EMPTY,0.1,0.0,0.0,0.1
경북,예천군,"재활용 가능자원 분리배출",폐합성수지류,비닐류,0.1,0.0,0.0,0.1
경북,예천군,"재활용 가능자원 분리배출",폐합성수지류,발포수지류,0.0,0.0,0.0,0.0
경북,예천군,"재활용 가능자원 분리배출",폐합성수지류,PET병,0.4,0.0,0.0,0.4
경북,예천군,"재활용 가능자원 분리배출",폐합성수지류,기타,0.0,0.0,0.0,0.0
경북,예천군,"재활용 가능자원 분리배출",폐고무류,EMPTY,0.0,0.0,0.0,0.0
경북,예천군,"재활용 가능자원 분리배출",폐유리병류,EMPTY,0.9,0.0,0.0,0.9
경북,예천군,"재활용 가능자원 분리배출",폐의류,EMPTY,0.0,0.0,0.0,0.0
경북,예천군,"재활용 가능자원 분리배출",폐섬유류,EMPTY,0.0,0.0,0.0,0.0
경북,예천군,"재활용 가능자원 분리배출",폐형광등,EMPTY,0.0,0.0,0.0,0.0
경북,예천군,"재활용 가능자원 분리배출",폐전지류,EMPTY,0.0,0.0,0.0,0.0
경북,예천군,"재활용 가능자원 분리배출",영농폐기물,농약용기류,0.0,0.0,0.0,0.0
경북,예천군,"재활용 가능자원 분리배출",영농폐기물,폐비닐,0.1,0.0,0.0,0.1
경북,예천군,"재활용 가능자원 분리배출",폐식용유,EMPTY,0.0,0.0,0.0,0.0
경북,예천군,"재활용 가능자원 분리배출",폐전기전자제품,EMPTY,0.4,0.0,0.0,0.4
경북,예천군,"재활용 가능자원 분리배출",폐가구류,EMPTY,1.8,0.0,0.0,1.8
경북,예천군,"재활용 가능자원 분리배출",기타,EMPTY,0.0,0.0,0.0,0.0
경북,예천군,"재활용 가능자원 분리배출",재활용 잔재물,EMPTY,0.1,0.0,0.1,0.0
경북,예천군,음식물류 폐기물 분리배출,EMPTY,EMPTY,7.7,0.0,0.0,7.7
경북,봉화군,종량제방식 등 혼합배출,가연성,폐지류,8.2,6.8,1.4,0.0
경북,봉화군,종량제방식 등 혼합배출,가연성,폐합성수지류,7.3,5.6,1.2,0.5
경북,봉화군,종량제방식 등 혼합배출,가연성,폐고무류,0.3,0.2,0.1,0.0
경북,봉화군,종량제방식 등 혼합배출,가연성,폐섬유류,1.2,1.0,0.2,0.0
경북,봉화군,종량제방식 등 혼합배출,가연성,음식물류 폐기물,3.3,3.0,0.3,0.0
경북,봉화군,종량제방식 등 혼합배출,가연성,폐목재류,0.8,0.7,0.1,0.0
경북,봉화군,종량제방식 등 혼합배출,가연성,기타,4.3,2.9,1.4,0.0
경북,봉화군,종량제방식 등 혼합배출,불연성,폐금속류,0.8,0.6,0.0,0.2
경북,봉화군,종량제방식 등 혼합배출,불연성,폐유리류,1.2,0.8,0.0,0.4
경북,봉화군,종량제방식 등 혼합배출,불연성,폐토사류,0.2,0.2,0.0,0.0
경북,봉화군,종량제방식 등 혼합배출,불연성,폐타일 및 도자기류,0.1,0.1,0.0,0.0
경북,봉화군,종량제방식 등 혼합배출,불연성,연탄재,0.1,0.1,0.0,0.0
경북,봉화군,종량제방식 등 혼합배출,불연성,기타,0.4,0.4,0.0,0.0
경북,봉화군,종량제방식 등 혼합배출,건설폐재류,EMPTY,0.0,0.0,0.0,0.0
경북,봉화군,종량제방식 등 혼합배출,기타(배출불명등),EMPTY,0.0,0.0,0.0,0.0
경북,봉화군,"재활용 가능자원 분리배출",폐지류,종이팩,0.0,0.0,0.0,0.0
경북,봉화군,"재활용 가능자원 분리배출",폐지류,기타,2.6,0.0,0.0,2.6
경북,봉화군,"재활용 가능자원 분리배출",고철류,EMPTY,0.7,0.0,0.0,0.7
경북,봉화군,"재활용 가능자원 분리배출",금속캔,EMPTY,0.0,0.0,0.0,0.0
경북,봉화군,"재활용 가능자원 분리배출",폐합성수지류,비닐류,0.1,0.0,0.0,0.1
경북,봉화군,"재활용 가능자원 분리배출",폐합성수지류,발포수지류,0.0,0.0,0.0,0.0
경북,봉화군,"재활용 가능자원 분리배출",폐합성수지류,PET병,0.0,0.0,0.0,0.0
경북,봉화군,"재활용 가능자원 분리배출",폐합성수지류,기타,0.1,0.0,0.0,0.1
경북,봉화군,"재활용 가능자원 분리배출",폐고무류,EMPTY,0.0,0.0,0.0,0.0
경북,봉화군,"재활용 가능자원 분리배출",폐유리병류,EMPTY,0.1,0.0,0.0,0.1
경북,봉화군,"재활용 가능자원 분리배출",폐의류,EMPTY,0.0,0.0,0.0,0.0
경북,봉화군,"재활용 가능자원 분리배출",폐섬유류,EMPTY,0.0,0.0,0.0,0.0
경북,봉화군,"재활용 가능자원 분리배출",폐형광등,EMPTY,0.0,0.0,0.0,0.0
경북,봉화군,"재활용 가능자원 분리배출",폐전지류,EMPTY,0.0,0.0,0.0,0.0
경북,봉화군,"재활용 가능자원 분리배출",영농폐기물,농약용기류,0.1,0.0,0.0,0.1
경북,봉화군,"재활용 가능자원 분리배출",영농폐기물,폐비닐,9.0,0.0,0.0,9.0
경북,봉화군,"재활용 가능자원 분리배출",폐식용유,EMPTY,0.0,0.0,0.0,0.0
경북,봉화군,"재활용 가능자원 분리배출",폐전기전자제품,EMPTY,0.0,0.0,0.0,0.0
경북,봉화군,"재활용 가능자원 분리배출",폐가구류,EMPTY,0.0,0.0,0.0,0.0
경북,봉화군,"재활용 가능자원 분리배출",기타,EMPTY,0.0,0.0,0.0,0.0
경북,봉화군,"재활용 가능자원 분리배출",재활용 잔재물,EMPTY,0.0,0.0,0.0,0.0
경북,봉화군,음식물류 폐기물 분리배출,EMPTY,EMPTY,0.4,0.0,0.0,0.4
경북,울진군,종량제방식 등 혼합배출,가연성,폐지류,10.8,3.1,7.7,0.0
경북,울진군,종량제방식 등 혼합배출,가연성,폐합성수지류,8.8,2.5,6.3,0.0
경북,울진군,종량제방식 등 혼합배출,가연성,폐고무류,0.4,0.1,0.3,0.0
경북,울진군,종량제방식 등 혼합배출,가연성,폐섬유류,1.5,0.4,1.1,0.0
경북,울진군,종량제방식 등 혼합배출,가연성,음식물류 폐기물,2.3,0.7,1.6,0.0
경북,울진군,종량제방식 등 혼합배출,가연성,폐목재류,1.1,0.3,0.8,0.0
경북,울진군,종량제방식 등 혼합배출,가연성,기타,7.0,2.0,5.0,0.0
경북,울진군,종량제방식 등 혼합배출,불연성,폐금속류,0.8,0.2,0.6,0.0
경북,울진군,종량제방식 등 혼합배출,불연성,폐유리류,1.3,0.4,0.9,0.0
경북,울진군,종량제방식 등 혼합배출,불연성,폐토사류,0.4,0.1,0.3,0.0
경북,울진군,종량제방식 등 혼합배출,불연성,폐타일 및 도자기류,0.1,0.0,0.1,0.0
경북,울진군,종량제방식 등 혼합배출,불연성,연탄재,0.1,0.0,0.1,0.0
경북,울진군,종량제방식 등 혼합배출,불연성,기타,0.7,0.2,0.5,0.0
경북,울진군,종량제방식 등 혼합배출,건설폐재류,EMPTY,3.8,3.3,0.5,0.0
경북,울진군,종량제방식 등 혼합배출,기타(배출불명등),EMPTY,0.0,0.0,0.0,0.0
경북,울진군,"재활용 가능자원 분리배출",폐지류,종이팩,0.0,0.0,0.0,0.0
경북,울진군,"재활용 가능자원 분리배출",폐지류,기타,0.7,0.0,0.0,0.7
경북,울진군,"재활용 가능자원 분리배출",고철류,EMPTY,0.1,0.0,0.0,0.1
경북,울진군,"재활용 가능자원 분리배출",금속캔,EMPTY,0.3,0.0,0.0,0.3
경북,울진군,"재활용 가능자원 분리배출",폐합성수지류,비닐류,0.0,0.0,0.0,0.0
경북,울진군,"재활용 가능자원 분리배출",폐합성수지류,발포수지류,0.1,0.0,0.0,0.1
경북,울진군,"재활용 가능자원 분리배출",폐합성수지류,PET병,0.1,0.0,0.0,0.1
경북,울진군,"재활용 가능자원 분리배출",폐합성수지류,기타,0.0,0.0,0.0,0.0
경북,울진군,"재활용 가능자원 분리배출",폐고무류,EMPTY,0.0,0.0,0.0,0.0
경북,울진군,"재활용 가능자원 분리배출",폐유리병류,EMPTY,0.3,0.0,0.0,0.3
경북,울진군,"재활용 가능자원 분리배출",폐의류,EMPTY,0.0,0.0,0.0,0.0
경북,울진군,"재활용 가능자원 분리배출",폐섬유류,EMPTY,0.0,0.0,0.0,0.0
경북,울진군,"재활용 가능자원 분리배출",폐형광등,EMPTY,0.0,0.0,0.0,0.0
경북,울진군,"재활용 가능자원 분리배출",폐전지류,EMPTY,0.0,0.0,0.0,0.0
경북,울진군,"재활용 가능자원 분리배출",영농폐기물,농약용기류,0.0,0.0,0.0,0.0
경북,울진군,"재활용 가능자원 분리배출",영농폐기물,폐비닐,1.4,0.0,0.0,1.4
경북,울진군,"재활용 가능자원 분리배출",폐식용유,EMPTY,0.0,0.0,0.0,0.0
경북,울진군,"재활용 가능자원 분리배출",폐전기전자제품,EMPTY,0.1,0.0,0.0,0.1
경북,울진군,"재활용 가능자원 분리배출",폐가구류,EMPTY,0.0,0.0,0.0,0.0
경북,울진군,"재활용 가능자원 분리배출",기타,EMPTY,0.0,0.0,0.0,0.0
경북,울진군,"재활용 가능자원 분리배출",재활용 잔재물,EMPTY,0.3,0.1,0.2,0.0
경북,울진군,음식물류 폐기물 분리배출,EMPTY,EMPTY,15.2,0.0,0.0,15.2
경북,울릉군,종량제방식 등 혼합배출,가연성,폐지류,5.3,0.0,5.3,0.0
경북,울릉군,종량제방식 등 혼합배출,가연성,폐합성수지류,2.1,0.0,2.1,0.0
경북,울릉군,종량제방식 등 혼합배출,가연성,폐고무류,0.0,0.0,0.0,0.0
경북,울릉군,종량제방식 등 혼합배출,가연성,폐섬유류,0.7,0.0,0.7,0.0
경북,울릉군,종량제방식 등 혼합배출,가연성,음식물류 폐기물,0.0,0.0,0.0,0.0
경북,울릉군,종량제방식 등 혼합배출,가연성,폐목재류,0.6,0.0,0.6,0.0
경북,울릉군,종량제방식 등 혼합배출,가연성,기타,0.1,0.0,0.1,0.0
경북,울릉군,종량제방식 등 혼합배출,불연성,폐금속류,0.2,0.0,0.2,0.0
경북,울릉군,종량제방식 등 혼합배출,불연성,폐유리류,0.0,0.0,0.0,0.0
경북,울릉군,종량제방식 등 혼합배출,불연성,폐토사류,0.0,0.0,0.0,0.0
경북,울릉군,종량제방식 등 혼합배출,불연성,폐타일 및 도자기류,0.0,0.0,0.0,0.0
경북,울릉군,종량제방식 등 혼합배출,불연성,연탄재,0.0,0.0,0.0,0.0
경북,울릉군,종량제방식 등 혼합배출,불연성,기타,0.0,0.0,0.0,0.0
경북,울릉군,종량제방식 등 혼합배출,건설폐재류,EMPTY,0.0,0.0,0.0,0.0
경북,울릉군,종량제방식 등 혼합배출,기타(배출불명등),EMPTY,0.0,0.0,0.0,0.0
경북,울릉군,"재활용 가능자원 분리배출",폐지류,종이팩,0.0,0.0,0.0,0.0
경북,울릉군,"재활용 가능자원 분리배출",폐지류,기타,0.1,0.0,0.0,0.1
경북,울릉군,"재활용 가능자원 분리배출",고철류,EMPTY,0.1,0.0,0.0,0.1
경북,울릉군,"재활용 가능자원 분리배출",금속캔,EMPTY,0.1,0.0,0.0,0.1
경북,울릉군,"재활용 가능자원 분리배출",폐합성수지류,비닐류,0.0,0.0,0.0,0.0
경북,울릉군,"재활용 가능자원 분리배출",폐합성수지류,발포수지류,0.0,0.0,0.0,0.0
경북,울릉군,"재활용 가능자원 분리배출",폐합성수지류,PET병,0.0,0.0,0.0,0.0
경북,울릉군,"재활용 가능자원 분리배출",폐합성수지류,기타,0.6,0.0,0.0,0.6
경북,울릉군,"재활용 가능자원 분리배출",폐고무류,EMPTY,0.2,0.0,0.0,0.2
경북,울릉군,"재활용 가능자원 분리배출",폐유리병류,EMPTY,0.2,0.0,0.0,0.2
경북,울릉군,"재활용 가능자원 분리배출",폐의류,EMPTY,0.0,0.0,0.0,0.0
경북,울릉군,"재활용 가능자원 분리배출",폐섬유류,EMPTY,0.0,0.0,0.0,0.0
경북,울릉군,"재활용 가능자원 분리배출",폐형광등,EMPTY,0.0,0.0,0.0,0.0
경북,울릉군,"재활용 가능자원 분리배출",폐전지류,EMPTY,0.0,0.0,0.0,0.0
경북,울릉군,"재활용 가능자원 분리배출",영농폐기물,농약용기류,0.0,0.0,0.0,0.0
경북,울릉군,"재활용 가능자원 분리배출",영농폐기물,폐비닐,0.0,0.0,0.0,0.0
경북,울릉군,"재활용 가능자원 분리배출",폐식용유,EMPTY,0.0,0.0,0.0,0.0
경북,울릉군,"재활용 가능자원 분리배출",폐전기전자제품,EMPTY,0.3,0.0,0.0,0.3
경북,울릉군,"재활용 가능자원 분리배출",폐가구류,EMPTY,0.0,0.0,0.0,0.0
경북,울릉군,"재활용 가능자원 분리배출",기타,EMPTY,0.0,0.0,0.0,0.0
경북,울릉군,"재활용 가능자원 분리배출",재활용 잔재물,EMPTY,0.7,0.0,0.7,0.0
경북,울릉군,음식물류 폐기물 분리배출,EMPTY,EMPTY,4.1,1.2,0.0,2.9
경남,창원시,종량제방식 등 혼합배출,가연성,폐지류,155.3,1.3,154.0,0.0
경남,창원시,종량제방식 등 혼합배출,가연성,폐합성수지류,84.4,2.1,82.3,0.0
경남,창원시,종량제방식 등 혼합배출,가연성,폐고무류,5.0,1.2,3.8,0.0
경남,창원시,종량제방식 등 혼합배출,가연성,폐섬유류,25.7,0.8,24.9,0.0
경남,창원시,종량제방식 등 혼합배출,가연성,음식물류 폐기물,60.3,0.1,60.2,0.0
경남,창원시,종량제방식 등 혼합배출,가연성,폐목재류,34.4,1.9,32.5,0.0
경남,창원시,종량제방식 등 혼합배출,가연성,기타,1.5,0.0,1.5,0.0
경남,창원시,종량제방식 등 혼합배출,불연성,폐금속류,13.6,2.7,10.9,0.0
경남,창원시,종량제방식 등 혼합배출,불연성,폐유리류,22.8,11.9,10.9,0.0
경남,창원시,종량제방식 등 혼합배출,불연성,폐토사류,10.2,10.2,0.0,0.0
경남,창원시,종량제방식 등 혼합배출,불연성,폐타일 및 도자기류,16.6,16.6,0.0,0.0
경남,창원시,종량제방식 등 혼합배출,불연성,연탄재,0.6,0.6,0.0,0.0
경남,창원시,종량제방식 등 혼합배출,불연성,기타,20.4,20.4,0.0,0.0
경남,창원시,종량제방식 등 혼합배출,건설폐재류,EMPTY,39.9,39.9,0.0,0.0
경남,창원시,종량제방식 등 혼합배출,기타(배출불명등),EMPTY,19.7,4.0,15.7,0.0
경남,창원시,"재활용 가능자원 분리배출",폐지류,종이팩,135.9,0.0,0.0,135.9
경남,창원시,"재활용 가능자원 분리배출",폐지류,기타,12.6,0.0,0.0,12.6
경남,창원시,"재활용 가능자원 분리배출",고철류,EMPTY,6.0,0.0,0.0,6.0
경남,창원시,"재활용 가능자원 분리배출",금속캔,EMPTY,20.0,0.0,0.0,20.0
경남,창원시,"재활용 가능자원 분리배출",폐합성수지류,비닐류,11.9,0.0,0.0,11.9
경남,창원시,"재활용 가능자원 분리배출",폐합성수지류,발포수지류,11.3,0.0,0.0,11.3
경남,창원시,"재활용 가능자원 분리배출",폐합성수지류,PET병,31.6,0.0,0.0,31.6
경남,창원시,"재활용 가능자원 분리배출",폐합성수지류,기타,4.1,0.0,0.0,4.1
경남,창원시,"재활용 가능자원 분리배출",폐고무류,EMPTY,7.7,0.0,0.0,7.7
경남,창원시,"재활용 가능자원 분리배출",폐유리병류,EMPTY,11.9,0.0,0.0,11.9
경남,창원시,"재활용 가능자원 분리배출",폐의류,EMPTY,0.0,0.0,0.0,0.0
경남,창원시,"재활용 가능자원 분리배출",폐섬유류,EMPTY,0.0,0.0,0.0,0.0
경남,창원시,"재활용 가능자원 분리배출",폐형광등,EMPTY,0.6,0.0,0.0,0.6
경남,창원시,"재활용 가능자원 분리배출",폐전지류,EMPTY,0.2,0.0,0.0,0.2
경남,창원시,"재활용 가능자원 분리배출",영농폐기물,농약용기류,0.0,0.0,0.0,0.0
경남,창원시,"재활용 가능자원 분리배출",영농폐기물,폐비닐,3.0,0.0,0.0,3.0
경남,창원시,"재활용 가능자원 분리배출",폐식용유,EMPTY,0.0,0.0,0.0,0.0
경남,창원시,"재활용 가능자원 분리배출",폐전기전자제품,EMPTY,0.1,0.0,0.0,0.1
경남,창원시,"재활용 가능자원 분리배출",폐가구류,EMPTY,0.5,0.0,0.0,0.5
경남,창원시,"재활용 가능자원 분리배출",기타,EMPTY,13.2,0.0,0.0,13.2
경남,창원시,"재활용 가능자원 분리배출",재활용 잔재물,EMPTY,23.8,0.3,23.5,0.0
경남,창원시,음식물류 폐기물 분리배출,EMPTY,EMPTY,309.5,0.0,0.0,309.5
경남,진주시,종량제방식 등 혼합배출,가연성,폐지류,48.9,48.9,0.0,0.0
경남,진주시,종량제방식 등 혼합배출,가연성,폐합성수지류,38.0,38.0,0.0,0.0
경남,진주시,종량제방식 등 혼합배출,가연성,폐고무류,1.7,1.7,0.0,0.0
경남,진주시,종량제방식 등 혼합배출,가연성,폐섬유류,7.0,7.0,0.0,0.0
경남,진주시,종량제방식 등 혼합배출,가연성,음식물류 폐기물,9.3,9.3,0.0,0.0
경남,진주시,종량제방식 등 혼합배출,가연성,폐목재류,3.6,3.6,0.0,0.0
경남,진주시,종량제방식 등 혼합배출,가연성,기타,47.4,47.4,0.0,0.0
경남,진주시,종량제방식 등 혼합배출,불연성,폐금속류,3.4,3.4,0.0,0.0
경남,진주시,종량제방식 등 혼합배출,불연성,폐유리류,5.5,5.5,0.0,0.0
경남,진주시,종량제방식 등 혼합배출,불연성,폐토사류,0.3,0.3,0.0,0.0
경남,진주시,종량제방식 등 혼합배출,불연성,폐타일 및 도자기류,0.2,0.2,0.0,0.0
경남,진주시,종량제방식 등 혼합배출,불연성,연탄재,1.1,1.1,0.0,0.0
경남,진주시,종량제방식 등 혼합배출,불연성,기타,1.4,1.4,0.0,0.0
경남,진주시,종량제방식 등 혼합배출,건설폐재류,EMPTY,0.0,0.0,0.0,0.0
경남,진주시,종량제방식 등 혼합배출,기타(배출불명등),EMPTY,0.0,0.0,0.0,0.0
경남,진주시,"재활용 가능자원 분리배출",폐지류,종이팩,0.0,0.0,0.0,0.0
경남,진주시,"재활용 가능자원 분리배출",폐지류,기타,22.9,0.0,0.0,22.9
경남,진주시,"재활용 가능자원 분리배출",고철류,EMPTY,26.7,0.0,0.0,26.7
경남,진주시,"재활용 가능자원 분리배출",금속캔,EMPTY,2.6,0.0,0.0,2.6
경남,진주시,"재활용 가능자원 분리배출",폐합성수지류,비닐류,3.6,0.0,0.0,3.6
경남,진주시,"재활용 가능자원 분리배출",폐합성수지류,발포수지류,0.3,0.0,0.0,0.3
경남,진주시,"재활용 가능자원 분리배출",폐합성수지류,PET병,6.3,0.0,0.0,6.3
경남,진주시,"재활용 가능자원 분리배출",폐합성수지류,기타,2.0,0.0,0.0,2.0
경남,진주시,"재활용 가능자원 분리배출",폐고무류,EMPTY,12.5,0.0,0.0,12.5
경남,진주시,"재활용 가능자원 분리배출",폐유리병류,EMPTY,10.3,0.0,0.0,10.3
경남,진주시,"재활용 가능자원 분리배출",폐의류,EMPTY,0.1,0.0,0.0,0.1
경남,진주시,"재활용 가능자원 분리배출",폐섬유류,EMPTY,0.0,0.0,0.0,0.0
경남,진주시,"재활용 가능자원 분리배출",폐형광등,EMPTY,0.1,0.0,0.0,0.1
경남,진주시,"재활용 가능자원 분리배출",폐전지류,EMPTY,0.1,0.0,0.0,0.1
경남,진주시,"재활용 가능자원 분리배출",영농폐기물,농약용기류,0.1,0.0,0.0,0.1
경남,진주시,"재활용 가능자원 분리배출",영농폐기물,폐비닐,7.4,0.0,0.0,7.4
경남,진주시,"재활용 가능자원 분리배출",폐식용유,EMPTY,0.5,0.0,0.0,0.5
경남,진주시,"재활용 가능자원 분리배출",폐전기전자제품,EMPTY,9.1,0.0,0.0,9.1
경남,진주시,"재활용 가능자원 분리배출",폐가구류,EMPTY,32.5,0.0,0.0,32.5
경남,진주시,"재활용 가능자원 분리배출",기타,EMPTY,0.0,0.0,0.0,0.0
경남,진주시,"재활용 가능자원 분리배출",재활용 잔재물,EMPTY,15.9,15.9,0.0,0.0
경남,진주시,음식물류 폐기물 분리배출,EMPTY,EMPTY,96.7,0.0,0.0,96.7
경남,통영시,종량제방식 등 혼합배출,가연성,폐지류,7.8,1.0,6.8,0.0
경남,통영시,종량제방식 등 혼합배출,가연성,폐합성수지류,11.5,1.5,10.0,0.0
경남,통영시,종량제방식 등 혼합배출,가연성,폐고무류,0.7,0.1,0.6,0.0
경남,통영시,종량제방식 등 혼합배출,가연성,폐섬유류,1.8,0.2,1.6,0.0
경남,통영시,종량제방식 등 혼합배출,가연성,음식물류 폐기물,4.4,0.6,3.8,0.0
경남,통영시,종량제방식 등 혼합배출,가연성,폐목재류,13.0,1.7,11.3,0.0
경남,통영시,종량제방식 등 혼합배출,가연성,기타,10.6,1.4,9.2,0.0
경남,통영시,종량제방식 등 혼합배출,불연성,폐금속류,0.6,0.1,0.5,0.0
경남,통영시,종량제방식 등 혼합배출,불연성,폐유리류,0.7,0.1,0.6,0.0
경남,통영시,종량제방식 등 혼합배출,불연성,폐토사류,0.7,0.1,0.6,0.0
경남,통영시,종량제방식 등 혼합배출,불연성,폐타일 및 도자기류,0.1,0.0,0.1,0.0
경남,통영시,종량제방식 등 혼합배출,불연성,연탄재,0.1,0.0,0.1,0.0
경남,통영시,종량제방식 등 혼합배출,불연성,기타,3.7,0.5,3.2,0.0
경남,통영시,종량제방식 등 혼합배출,건설폐재류,EMPTY,2.1,2.1,0.0,0.0
경남,통영시,종량제방식 등 혼합배출,기타(배출불명등),EMPTY,13.8,6.9,6.9,0.0
경남,통영시,"재활용 가능자원 분리배출",폐지류,종이팩,0.0,0.0,0.0,0.0
경남,통영시,"재활용 가능자원 분리배출",폐지류,기타,37.9,0.0,0.0,37.9
경남,통영시,"재활용 가능자원 분리배출",고철류,EMPTY,5.2,0.0,0.0,5.2
경남,통영시,"재활용 가능자원 분리배출",금속캔,EMPTY,0.7,0.0,0.0,0.7
경남,통영시,"재활용 가능자원 분리배출",폐합성수지류,비닐류,0.2,0.0,0.0,0.2
경남,통영시,"재활용 가능자원 분리배출",폐합성수지류,발포수지류,0.2,0.0,0.0,0.2
경남,통영시,"재활용 가능자원 분리배출",폐합성수지류,PET병,1.0,0.0,0.0,1.0
경남,통영시,"재활용 가능자원 분리배출",폐합성수지류,기타,0.9,0.0,0.0,0.9
경남,통영시,"재활용 가능자원 분리배출",폐고무류,EMPTY,0.0,0.0,0.0,0.0
경남,통영시,"재활용 가능자원 분리배출",폐유리병류,EMPTY,1.4,0.0,0.0,1.4
경남,통영시,"재활용 가능자원 분리배출",폐의류,EMPTY,0.5,0.0,0.0,0.5
경남,통영시,"재활용 가능자원 분리배출",폐섬유류,EMPTY,0.0,0.0,0.0,0.0
경남,통영시,"재활용 가능자원 분리배출",폐형광등,EMPTY,0.1,0.0,0.0,0.1
경남,통영시,"재활용 가능자원 분리배출",폐전지류,EMPTY,0.0,0.0,0.0,0.0
경남,통영시,"재활용 가능자원 분리배출",영농폐기물,농약용기류,0.0,0.0,0.0,0.0
경남,통영시,"재활용 가능자원 분리배출",영농폐기물,폐비닐,0.1,0.0,0.0,0.1
경남,통영시,"재활용 가능자원 분리배출",폐식용유,EMPTY,0.0,0.0,0.0,0.0
경남,통영시,"재활용 가능자원 분리배출",폐전기전자제품,EMPTY,0.9,0.0,0.0,0.9
경남,통영시,"재활용 가능자원 분리배출",폐가구류,EMPTY,0.0,0.0,0.0,0.0
경남,통영시,"재활용 가능자원 분리배출",기타,EMPTY,0.0,0.0,0.0,0.0
경남,통영시,"재활용 가능자원 분리배출",재활용 잔재물,EMPTY,9.6,0.0,0.0,9.6
경남,통영시,음식물류 폐기물 분리배출,EMPTY,EMPTY,42.5,0.0,41.2,1.3
경남,사천시,종량제방식 등 혼합배출,가연성,폐지류,21.3,10.0,11.3,0.0
경남,사천시,종량제방식 등 혼합배출,가연성,폐합성수지류,17.5,8.2,9.3,0.0
경남,사천시,종량제방식 등 혼합배출,가연성,폐고무류,0.8,0.4,0.4,0.0
경남,사천시,종량제방식 등 혼합배출,가연성,폐섬유류,3.0,1.4,1.6,0.0
경남,사천시,종량제방식 등 혼합배출,가연성,음식물류 폐기물,4.5,2.1,2.4,0.0
경남,사천시,종량제방식 등 혼합배출,가연성,폐목재류,3.3,0.0,0.0,3.3
경남,사천시,종량제방식 등 혼합배출,가연성,기타,16.0,7.5,8.5,0.0
경남,사천시,종량제방식 등 혼합배출,불연성,폐금속류,1.7,0.8,0.9,0.0
경남,사천시,종량제방식 등 혼합배출,불연성,폐유리류,2.6,1.2,1.4,0.0
경남,사천시,종량제방식 등 혼합배출,불연성,폐토사류,0.8,0.4,0.4,0.0
경남,사천시,종량제방식 등 혼합배출,불연성,폐타일 및 도자기류,0.4,0.2,0.2,0.0
경남,사천시,종량제방식 등 혼합배출,불연성,연탄재,0.0,0.0,0.0,0.0
경남,사천시,종량제방식 등 혼합배출,불연성,기타,1.5,0.7,0.8,0.0
경남,사천시,종량제방식 등 혼합배출,건설폐재류,EMPTY,1.5,1.5,0.0,0.0
경남,사천시,종량제방식 등 혼합배출,기타(배출불명등),EMPTY,0.0,0.0,0.0,0.0
경남,사천시,"재활용 가능자원 분리배출",폐지류,종이팩,0.0,0.0,0.0,0.0
경남,사천시,"재활용 가능자원 분리배출",폐지류,기타,7.2,0.0,0.0,7.2
경남,사천시,"재활용 가능자원 분리배출",고철류,EMPTY,17.5,0.0,0.0,17.5
경남,사천시,"재활용 가능자원 분리배출",금속캔,EMPTY,0.3,0.0,0.0,0.3
경남,사천시,"재활용 가능자원 분리배출",폐합성수지류,비닐류,0.6,0.0,0.0,0.6
경남,사천시,"재활용 가능자원 분리배출",폐합성수지류,발포수지류,0.2,0.0,0.0,0.2
경남,사천시,"재활용 가능자원 분리배출",폐합성수지류,PET병,0.7,0.0,0.0,0.7
경남,사천시,"재활용 가능자원 분리배출",폐합성수지류,기타,0.4,0.0,0.0,0.4
경남,사천시,"재활용 가능자원 분리배출",폐고무류,EMPTY,0.0,0.0,0.0,0.0
경남,사천시,"재활용 가능자원 분리배출",폐유리병류,EMPTY,1.1,0.0,0.0,1.1
경남,사천시,"재활용 가능자원 분리배출",폐의류,EMPTY,0.0,0.0,0.0,0.0
경남,사천시,"재활용 가능자원 분리배출",폐섬유류,EMPTY,0.0,0.0,0.0,0.0
경남,사천시,"재활용 가능자원 분리배출",폐형광등,EMPTY,0.0,0.0,0.0,0.0
경남,사천시,"재활용 가능자원 분리배출",폐전지류,EMPTY,0.0,0.0,0.0,0.0
경남,사천시,"재활용 가능자원 분리배출",영농폐기물,농약용기류,0.0,0.0,0.0,0.0
경남,사천시,"재활용 가능자원 분리배출",영농폐기물,폐비닐,0.0,0.0,0.0,0.0
경남,사천시,"재활용 가능자원 분리배출",폐식용유,EMPTY,0.0,0.0,0.0,0.0
경남,사천시,"재활용 가능자원 분리배출",폐전기전자제품,EMPTY,0.0,0.0,0.0,0.0
경남,사천시,"재활용 가능자원 분리배출",폐가구류,EMPTY,0.0,0.0,0.0,0.0
경남,사천시,"재활용 가능자원 분리배출",기타,EMPTY,0.0,0.0,0.0,0.0
경남,사천시,"재활용 가능자원 분리배출",재활용 잔재물,EMPTY,2.4,0.5,1.9,0.0
경남,사천시,음식물류 폐기물 분리배출,EMPTY,EMPTY,32.9,0.0,0.0,32.9
경남,김해시,종량제방식 등 혼합배출,가연성,폐지류,57.2,0.0,44.8,12.4
경남,김해시,종량제방식 등 혼합배출,가연성,폐합성수지류,48.6,0.0,30.3,18.3
경남,김해시,종량제방식 등 혼합배출,가연성,폐고무류,0.0,0.0,0.0,0.0
경남,김해시,종량제방식 등 혼합배출,가연성,폐섬유류,19.2,0.0,15.0,4.2
경남,김해시,종량제방식 등 혼합배출,가연성,음식물류 폐기물,25.0,0.0,19.6,5.4
경남,김해시,종량제방식 등 혼합배출,가연성,폐목재류,8.8,0.0,1.1,7.7
경남,김해시,종량제방식 등 혼합배출,가연성,기타,0.0,0.0,0.0,0.0
경남,김해시,종량제방식 등 혼합배출,불연성,폐금속류,5.2,0.0,4.1,1.1
경남,김해시,종량제방식 등 혼합배출,불연성,폐유리류,6.2,0.8,4.2,1.2
경남,김해시,종량제방식 등 혼합배출,불연성,폐토사류,5.7,5.7,0.0,0.0
경남,김해시,종량제방식 등 혼합배출,불연성,폐타일 및 도자기류,2.9,2.9,0.0,0.0
경남,김해시,종량제방식 등 혼합배출,불연성,연탄재,0.1,0.1,0.0,0.0
경남,김해시,종량제방식 등 혼합배출,불연성,기타,19.1,19.1,0.0,0.0
경남,김해시,종량제방식 등 혼합배출,건설폐재류,EMPTY,0.0,0.0,0.0,0.0
경남,김해시,종량제방식 등 혼합배출,기타(배출불명등),EMPTY,0.0,0.0,0.0,0.0
경남,김해시,"재활용 가능자원 분리배출",폐지류,종이팩,0.1,0.0,0.0,0.1
경남,김해시,"재활용 가능자원 분리배출",폐지류,기타,0.3,0.0,0.0,0.3
경남,김해시,"재활용 가능자원 분리배출",고철류,EMPTY,0.0,0.0,0.0,0.0
경남,김해시,"재활용 가능자원 분리배출",금속캔,EMPTY,2.1,0.0,0.0,2.1
경남,김해시,"재활용 가능자원 분리배출",폐합성수지류,비닐류,10.3,0.0,0.0,10.3
경남,김해시,"재활용 가능자원 분리배출",폐합성수지류,발포수지류,0.7,0.0,0.0,0.7
경남,김해시,"재활용 가능자원 분리배출",폐합성수지류,PET병,6.6,0.0,0.0,6.6
경남,김해시,"재활용 가능자원 분리배출",폐합성수지류,기타,4.3,0.0,0.0,4.3
경남,김해시,"재활용 가능자원 분리배출",폐고무류,EMPTY,0.0,0.0,0.0,0.0
경남,김해시,"재활용 가능자원 분리배출",폐유리병류,EMPTY,11.5,0.0,0.0,11.5
경남,김해시,"재활용 가능자원 분리배출",폐의류,EMPTY,0.0,0.0,0.0,0.0
경남,김해시,"재활용 가능자원 분리배출",폐섬유류,EMPTY,0.0,0.0,0.0,0.0
경남,김해시,"재활용 가능자원 분리배출",폐형광등,EMPTY,0.0,0.0,0.0,0.0
경남,김해시,"재활용 가능자원 분리배출",폐전지류,EMPTY,0.1,0.0,0.0,0.1
경남,김해시,"재활용 가능자원 분리배출",영농폐기물,농약용기류,0.0,0.0,0.0,0.0
경남,김해시,"재활용 가능자원 분리배출",영농폐기물,폐비닐,1.6,0.0,0.0,1.6
경남,김해시,"재활용 가능자원 분리배출",폐식용유,EMPTY,0.0,0.0,0.0,0.0
경남,김해시,"재활용 가능자원 분리배출",폐전기전자제품,EMPTY,0.5,0.0,0.0,0.5
경남,김해시,"재활용 가능자원 분리배출",폐가구류,EMPTY,0.0,0.0,0.0,0.0
경남,김해시,"재활용 가능자원 분리배출",기타,EMPTY,0.0,0.0,0.0,0.0
경남,김해시,"재활용 가능자원 분리배출",재활용 잔재물,EMPTY,7.1,0.0,3.0,4.1
경남,김해시,음식물류 폐기물 분리배출,EMPTY,EMPTY,264.2,0.0,0.0,264.2
경남,밀양시,종량제방식 등 혼합배출,가연성,폐지류,10.3,0.0,10.3,0.0
경남,밀양시,종량제방식 등 혼합배출,가연성,폐합성수지류,8.5,0.0,8.5,0.0
경남,밀양시,종량제방식 등 혼합배출,가연성,폐고무류,3.0,0.0,3.0,0.0
경남,밀양시,종량제방식 등 혼합배출,가연성,폐섬유류,1.5,0.0,1.5,0.0
경남,밀양시,종량제방식 등 혼합배출,가연성,음식물류 폐기물,0.0,0.0,0.0,0.0
경남,밀양시,종량제방식 등 혼합배출,가연성,폐목재류,3.7,0.0,3.7,0.0
경남,밀양시,종량제방식 등 혼합배출,가연성,기타,9.3,0.0,9.3,0.0
경남,밀양시,종량제방식 등 혼합배출,불연성,폐금속류,0.7,0.7,0.0,0.0
경남,밀양시,종량제방식 등 혼합배출,불연성,폐유리류,0.8,0.8,0.0,0.0
경남,밀양시,종량제방식 등 혼합배출,불연성,폐토사류,3.5,3.5,0.0,0.0
경남,밀양시,종량제방식 등 혼합배출,불연성,폐타일 및 도자기류,0.5,0.5,0.0,0.0
경남,밀양시,종량제방식 등 혼합배출,불연성,연탄재,0.6,0.6,0.0,0.0
경남,밀양시,종량제방식 등 혼합배출,불연성,기타,8.4,8.4,0.0,0.0
경남,밀양시,종량제방식 등 혼합배출,건설폐재류,EMPTY,0.0,0.0,0.0,0.0
경남,밀양시,종량제방식 등 혼합배출,기타(배출불명등),EMPTY,0.0,0.0,0.0,0.0
경남,밀양시,"재활용 가능자원 분리배출",폐지류,종이팩,0.0,0.0,0.0,0.0
경남,밀양시,"재활용 가능자원 분리배출",폐지류,기타,2.0,0.0,0.0,2.0
경남,밀양시,"재활용 가능자원 분리배출",고철류,EMPTY,5.1,0.0,0.0,5.1
경남,밀양시,"재활용 가능자원 분리배출",금속캔,EMPTY,1.8,0.0,0.0,1.8
경남,밀양시,"재활용 가능자원 분리배출",폐합성수지류,비닐류,0.7,0.0,0.0,0.7
경남,밀양시,"재활용 가능자원 분리배출",폐합성수지류,발포수지류,0.1,0.0,0.0,0.1
경남,밀양시,"재활용 가능자원 분리배출",폐합성수지류,PET병,1.0,0.0,0.0,1.0
경남,밀양시,"재활용 가능자원 분리배출",폐합성수지류,기타,1.0,0.0,0.0,1.0
경남,밀양시,"재활용 가능자원 분리배출",폐고무류,EMPTY,0.0,0.0,0.0,0.0
경남,밀양시,"재활용 가능자원 분리배출",폐유리병류,EMPTY,5.4,0.0,0.0,5.4
경남,밀양시,"재활용 가능자원 분리배출",폐의류,EMPTY,0.3,0.0,0.0,0.3
경남,밀양시,"재활용 가능자원 분리배출",폐섬유류,EMPTY,0.0,0.0,0.0,0.0
경남,밀양시,"재활용 가능자원 분리배출",폐형광등,EMPTY,0.0,0.0,0.0,0.0
경남,밀양시,"재활용 가능자원 분리배출",폐전지류,EMPTY,0.0,0.0,0.0,0.0
경남,밀양시,"재활용 가능자원 분리배출",영농폐기물,농약용기류,0.1,0.0,0.0,0.1
경남,밀양시,"재활용 가능자원 분리배출",영농폐기물,폐비닐,4.3,0.0,0.0,4.3
경남,밀양시,"재활용 가능자원 분리배출",폐식용유,EMPTY,0.1,0.0,0.0,0.1
경남,밀양시,"재활용 가능자원 분리배출",폐전기전자제품,EMPTY,0.9,0.0,0.0,0.9
경남,밀양시,"재활용 가능자원 분리배출",폐가구류,EMPTY,0.0,0.0,0.0,0.0
경남,밀양시,"재활용 가능자원 분리배출",기타,EMPTY,0.3,0.0,0.0,0.3
경남,밀양시,"재활용 가능자원 분리배출",재활용 잔재물,EMPTY,0.0,0.0,0.0,0.0
경남,밀양시,음식물류 폐기물 분리배출,EMPTY,EMPTY,22.2,0.0,0.8,21.4
경남,거제시,종량제방식 등 혼합배출,가연성,폐지류,19.9,0.0,19.9,0.0
경남,거제시,종량제방식 등 혼합배출,가연성,폐합성수지류,17.8,0.0,17.8,0.0
경남,거제시,종량제방식 등 혼합배출,가연성,폐고무류,8.4,0.0,8.4,0.0
경남,거제시,종량제방식 등 혼합배출,가연성,폐섬유류,19.9,0.0,19.9,0.0
경남,거제시,종량제방식 등 혼합배출,가연성,음식물류 폐기물,17.7,0.0,17.7,0.0
경남,거제시,종량제방식 등 혼합배출,가연성,폐목재류,23.2,0.0,23.2,0.0
경남,거제시,종량제방식 등 혼합배출,가연성,기타,4.9,0.0,4.9,0.0
경남,거제시,종량제방식 등 혼합배출,불연성,폐금속류,13.2,0.0,13.2,0.0
경남,거제시,종량제방식 등 혼합배출,불연성,폐유리류,13.3,0.5,12.8,0.0
경남,거제시,종량제방식 등 혼합배출,불연성,폐토사류,7.2,7.2,0.0,0.0
경남,거제시,종량제방식 등 혼합배출,불연성,폐타일 및 도자기류,0.4,0.4,0.0,0.0
경남,거제시,종량제방식 등 혼합배출,불연성,연탄재,0.0,0.0,0.0,0.0
경남,거제시,종량제방식 등 혼합배출,불연성,기타,14.5,14.5,0.0,0.0
경남,거제시,종량제방식 등 혼합배출,건설폐재류,EMPTY,0.0,0.0,0.0,0.0
경남,거제시,종량제방식 등 혼합배출,기타(배출불명등),EMPTY,0.0,0.0,0.0,0.0
경남,거제시,"재활용 가능자원 분리배출",폐지류,종이팩,0.0,0.0,0.0,0.0
경남,거제시,"재활용 가능자원 분리배출",폐지류,기타,0.9,0.0,0.0,0.9
경남,거제시,"재활용 가능자원 분리배출",고철류,EMPTY,18.6,0.0,0.0,18.6
경남,거제시,"재활용 가능자원 분리배출",금속캔,EMPTY,2.6,0.0,0.0,2.6
경남,거제시,"재활용 가능자원 분리배출",폐합성수지류,비닐류,0.0,0.0,0.0,0.0
경남,거제시,"재활용 가능자원 분리배출",폐합성수지류,발포수지류,0.1,0.0,0.0,0.1
경남,거제시,"재활용 가능자원 분리배출",폐합성수지류,PET병,2.3,0.0,0.0,2.3
경남,거제시,"재활용 가능자원 분리배출",폐합성수지류,기타,2.9,0.0,0.0,2.9
경남,거제시,"재활용 가능자원 분리배출",폐고무류,EMPTY,0.0,0.0,0.0,0.0
경남,거제시,"재활용 가능자원 분리배출",폐유리병류,EMPTY,3.5,0.0,0.0,3.5
경남,거제시,"재활용 가능자원 분리배출",폐의류,EMPTY,0.1,0.0,0.0,0.1
경남,거제시,"재활용 가능자원 분리배출",폐섬유류,EMPTY,0.0,0.0,0.0,0.0
경남,거제시,"재활용 가능자원 분리배출",폐형광등,EMPTY,0.1,0.0,0.0,0.1
경남,거제시,"재활용 가능자원 분리배출",폐전지류,EMPTY,0.0,0.0,0.0,0.0
경남,거제시,"재활용 가능자원 분리배출",영농폐기물,농약용기류,0.0,0.0,0.0,0.0
경남,거제시,"재활용 가능자원 분리배출",영농폐기물,폐비닐,0.1,0.0,0.0,0.1
경남,거제시,"재활용 가능자원 분리배출",폐식용유,EMPTY,0.1,0.0,0.0,0.1
경남,거제시,"재활용 가능자원 분리배출",폐전기전자제품,EMPTY,2.2,0.0,0.0,2.2
경남,거제시,"재활용 가능자원 분리배출",폐가구류,EMPTY,0.0,0.0,0.0,0.0
경남,거제시,"재활용 가능자원 분리배출",기타,EMPTY,0.2,0.0,0.0,0.2
경남,거제시,"재활용 가능자원 분리배출",재활용 잔재물,EMPTY,13.1,0.0,13.1,0.0
경남,거제시,음식물류 폐기물 분리배출,EMPTY,EMPTY,81.6,0.0,0.0,81.6
경남,양산시,종량제방식 등 혼합배출,가연성,폐지류,11.5,0.0,11.5,0.0
경남,양산시,종량제방식 등 혼합배출,가연성,폐합성수지류,14.8,0.0,14.8,0.0
경남,양산시,종량제방식 등 혼합배출,가연성,폐고무류,16.8,0.0,16.8,0.0
경남,양산시,종량제방식 등 혼합배출,가연성,폐섬유류,0.0,0.0,0.0,0.0
경남,양산시,종량제방식 등 혼합배출,가연성,음식물류 폐기물,0.0,0.0,0.0,0.0
경남,양산시,종량제방식 등 혼합배출,가연성,폐목재류,46.9,0.0,46.9,0.0
경남,양산시,종량제방식 등 혼합배출,가연성,기타,2.8,0.0,2.8,0.0
경남,양산시,종량제방식 등 혼합배출,불연성,폐금속류,1.4,1.4,0.0,0.0
경남,양산시,종량제방식 등 혼합배출,불연성,폐유리류,1.9,1.9,0.0,0.0
경남,양산시,종량제방식 등 혼합배출,불연성,폐토사류,0.0,0.0,0.0,0.0
경남,양산시,종량제방식 등 혼합배출,불연성,폐타일 및 도자기류,0.0,0.0,0.0,0.0
경남,양산시,종량제방식 등 혼합배출,불연성,연탄재,0.0,0.0,0.0,0.0
경남,양산시,종량제방식 등 혼합배출,불연성,기타,41.2,41.2,0.0,0.0
경남,양산시,종량제방식 등 혼합배출,건설폐재류,EMPTY,0.3,0.0,0.3,0.0
경남,양산시,종량제방식 등 혼합배출,기타(배출불명등),EMPTY,0.0,0.0,0.0,0.0
경남,양산시,"재활용 가능자원 분리배출",폐지류,종이팩,0.0,0.0,0.0,0.0
경남,양산시,"재활용 가능자원 분리배출",폐지류,기타,29.3,0.0,0.0,29.3
경남,양산시,"재활용 가능자원 분리배출",고철류,EMPTY,14.0,0.0,0.0,14.0
경남,양산시,"재활용 가능자원 분리배출",금속캔,EMPTY,1.9,0.0,0.0,1.9
경남,양산시,"재활용 가능자원 분리배출",폐합성수지류,비닐류,3.8,0.0,0.0,3.8
경남,양산시,"재활용 가능자원 분리배출",폐합성수지류,발포수지류,1.3,0.0,0.0,1.3
경남,양산시,"재활용 가능자원 분리배출",폐합성수지류,PET병,4.8,0.0,0.0,4.8
경남,양산시,"재활용 가능자원 분리배출",폐합성수지류,기타,3.0,0.0,0.0,3.0
경남,양산시,"재활용 가능자원 분리배출",폐고무류,EMPTY,0.0,0.0,0.0,0.0
경남,양산시,"재활용 가능자원 분리배출",폐유리병류,EMPTY,10.0,0.0,0.0,10.0
경남,양산시,"재활용 가능자원 분리배출",폐의류,EMPTY,5.2,0.0,0.0,5.2
경남,양산시,"재활용 가능자원 분리배출",폐섬유류,EMPTY,0.0,0.0,0.0,0.0
경남,양산시,"재활용 가능자원 분리배출",폐형광등,EMPTY,0.1,0.0,0.0,0.1
경남,양산시,"재활용 가능자원 분리배출",폐전지류,EMPTY,0.1,0.0,0.0,0.1
경남,양산시,"재활용 가능자원 분리배출",영농폐기물,농약용기류,0.0,0.0,0.0,0.0
경남,양산시,"재활용 가능자원 분리배출",영농폐기물,폐비닐,1.1,0.0,0.0,1.1
경남,양산시,"재활용 가능자원 분리배출",폐식용유,EMPTY,0.0,0.0,0.0,0.0
경남,양산시,"재활용 가능자원 분리배출",폐전기전자제품,EMPTY,2.0,0.0,0.0,2.0
경남,양산시,"재활용 가능자원 분리배출",폐가구류,EMPTY,6.9,0.0,0.0,6.9
경남,양산시,"재활용 가능자원 분리배출",기타,EMPTY,10.2,0.0,0.0,10.2
경남,양산시,"재활용 가능자원 분리배출",재활용 잔재물,EMPTY,0.0,0.0,0.0,0.0
경남,양산시,음식물류 폐기물 분리배출,EMPTY,EMPTY,85.2,0.0,0.0,85.2
경남,의령군,종량제방식 등 혼합배출,가연성,폐지류,3.1,0.0,0.0,3.1
경남,의령군,종량제방식 등 혼합배출,가연성,폐합성수지류,2.5,0.0,0.0,2.5
경남,의령군,종량제방식 등 혼합배출,가연성,폐고무류,0.1,0.0,0.0,0.1
경남,의령군,종량제방식 등 혼합배출,가연성,폐섬유류,0.4,0.0,0.0,0.4
경남,의령군,종량제방식 등 혼합배출,가연성,음식물류 폐기물,0.6,0.0,0.0,0.6
경남,의령군,종량제방식 등 혼합배출,가연성,폐목재류,0.3,0.0,0.0,0.3
경남,의령군,종량제방식 등 혼합배출,가연성,기타,2.0,0.0,0.0,2.0
경남,의령군,종량제방식 등 혼합배출,불연성,폐금속류,0.2,0.0,0.0,0.2
경남,의령군,종량제방식 등 혼합배출,불연성,폐유리류,0.4,0.0,0.0,0.4
경남,의령군,종량제방식 등 혼합배출,불연성,폐토사류,0.1,0.0,0.0,0.1
경남,의령군,종량제방식 등 혼합배출,불연성,폐타일 및 도자기류,0.0,0.0,0.0,0.0
경남,의령군,종량제방식 등 혼합배출,불연성,연탄재,0.0,0.0,0.0,0.0
경남,의령군,종량제방식 등 혼합배출,불연성,기타,0.2,0.0,0.0,0.2
경남,의령군,종량제방식 등 혼합배출,건설폐재류,EMPTY,0.0,0.0,0.0,0.0
경남,의령군,종량제방식 등 혼합배출,기타(배출불명등),EMPTY,0.0,0.0,0.0,0.0
경남,의령군,"재활용 가능자원 분리배출",폐지류,종이팩,2.6,0.0,0.0,2.6
경남,의령군,"재활용 가능자원 분리배출",폐지류,기타,0.0,0.0,0.0,0.0
경남,의령군,"재활용 가능자원 분리배출",고철류,EMPTY,0.9,0.0,0.0,0.9
경남,의령군,"재활용 가능자원 분리배출",금속캔,EMPTY,0.0,0.0,0.0,0.0
경남,의령군,"재활용 가능자원 분리배출",폐합성수지류,비닐류,0.0,0.0,0.0,0.0
경남,의령군,"재활용 가능자원 분리배출",폐합성수지류,발포수지류,0.1,0.0,0.0,0.1
경남,의령군,"재활용 가능자원 분리배출",폐합성수지류,PET병,0.0,0.0,0.0,0.0
경남,의령군,"재활용 가능자원 분리배출",폐합성수지류,기타,0.0,0.0,0.0,0.0
경남,의령군,"재활용 가능자원 분리배출",폐고무류,EMPTY,0.0,0.0,0.0,0.0
경남,의령군,"재활용 가능자원 분리배출",폐유리병류,EMPTY,0.2,0.0,0.0,0.2
경남,의령군,"재활용 가능자원 분리배출",폐의류,EMPTY,0.3,0.0,0.0,0.3
경남,의령군,"재활용 가능자원 분리배출",폐섬유류,EMPTY,0.0,0.0,0.0,0.0
경남,의령군,"재활용 가능자원 분리배출",폐형광등,EMPTY,0.0,0.0,0.0,0.0
경남,의령군,"재활용 가능자원 분리배출",폐전지류,EMPTY,0.0,0.0,0.0,0.0
경남,의령군,"재활용 가능자원 분리배출",영농폐기물,농약용기류,0.0,0.0,0.0,0.0
경남,의령군,"재활용 가능자원 분리배출",영농폐기물,폐비닐,3.6,0.0,0.0,3.6
경남,의령군,"재활용 가능자원 분리배출",폐식용유,EMPTY,0.0,0.0,0.0,0.0
경남,의령군,"재활용 가능자원 분리배출",폐전기전자제품,EMPTY,0.1,0.0,0.0,0.1
경남,의령군,"재활용 가능자원 분리배출",폐가구류,EMPTY,0.0,0.0,0.0,0.0
경남,의령군,"재활용 가능자원 분리배출",기타,EMPTY,0.0,0.0,0.0,0.0
경남,의령군,"재활용 가능자원 분리배출",재활용 잔재물,EMPTY,0.0,0.0,0.0,0.0
경남,의령군,음식물류 폐기물 분리배출,EMPTY,EMPTY,3.8,3.8,0.0,0.0
경남,함안군,종량제방식 등 혼합배출,가연성,폐지류,3.1,0.0,3.1,0.0
경남,함안군,종량제방식 등 혼합배출,가연성,폐합성수지류,13.2,0.0,13.2,0.0
경남,함안군,종량제방식 등 혼합배출,가연성,폐고무류,1.4,0.0,1.4,0.0
경남,함안군,종량제방식 등 혼합배출,가연성,폐섬유류,1.4,0.0,1.4,0.0
경남,함안군,종량제방식 등 혼합배출,가연성,음식물류 폐기물,4.1,0.0,4.1,0.0
경남,함안군,종량제방식 등 혼합배출,가연성,폐목재류,1.4,0.0,1.4,0.0
경남,함안군,종량제방식 등 혼합배출,가연성,기타,16.2,0.0,16.2,0.0
경남,함안군,종량제방식 등 혼합배출,불연성,폐금속류,2.0,2.0,0.0,0.0
경남,함안군,종량제방식 등 혼합배출,불연성,폐유리류,1.1,1.1,0.0,0.0
경남,함안군,종량제방식 등 혼합배출,불연성,폐토사류,0.0,0.0,0.0,0.0
경남,함안군,종량제방식 등 혼합배출,불연성,폐타일 및 도자기류,0.0,0.0,0.0,0.0
경남,함안군,종량제방식 등 혼합배출,불연성,연탄재,0.0,0.0,0.0,0.0
경남,함안군,종량제방식 등 혼합배출,불연성,기타,0.0,0.0,0.0,0.0
경남,함안군,종량제방식 등 혼합배출,건설폐재류,EMPTY,0.0,0.0,0.0,0.0
경남,함안군,종량제방식 등 혼합배출,기타(배출불명등),EMPTY,0.0,0.0,0.0,0.0
경남,함안군,"재활용 가능자원 분리배출",폐지류,종이팩,2.7,0.0,0.0,2.7
경남,함안군,"재활용 가능자원 분리배출",폐지류,기타,0.3,0.0,0.0,0.3
경남,함안군,"재활용 가능자원 분리배출",고철류,EMPTY,0.3,0.0,0.0,0.3
경남,함안군,"재활용 가능자원 분리배출",금속캔,EMPTY,0.2,0.0,0.0,0.2
경남,함안군,"재활용 가능자원 분리배출",폐합성수지류,비닐류,0.1,0.0,0.0,0.1
경남,함안군,"재활용 가능자원 분리배출",폐합성수지류,발포수지류,0.4,0.0,0.0,0.4
경남,함안군,"재활용 가능자원 분리배출",폐합성수지류,PET병,0.0,0.0,0.0,0.0
경남,함안군,"재활용 가능자원 분리배출",폐합성수지류,기타,0.0,0.0,0.0,0.0
경남,함안군,"재활용 가능자원 분리배출",폐고무류,EMPTY,0.0,0.0,0.0,0.0
경남,함안군,"재활용 가능자원 분리배출",폐유리병류,EMPTY,0.6,0.0,0.0,0.6
경남,함안군,"재활용 가능자원 분리배출",폐의류,EMPTY,0.0,0.0,0.0,0.0
경남,함안군,"재활용 가능자원 분리배출",폐섬유류,EMPTY,0.0,0.0,0.0,0.0
경남,함안군,"재활용 가능자원 분리배출",폐형광등,EMPTY,15.9,0.0,0.0,15.9
경남,함안군,"재활용 가능자원 분리배출",폐전지류,EMPTY,23.8,0.0,0.0,23.8
경남,함안군,"재활용 가능자원 분리배출",영농폐기물,농약용기류,0.1,0.0,0.0,0.1
경남,함안군,"재활용 가능자원 분리배출",영농폐기물,폐비닐,3.9,0.0,0.0,3.9
경남,함안군,"재활용 가능자원 분리배출",폐식용유,EMPTY,0.0,0.0,0.0,0.0
경남,함안군,"재활용 가능자원 분리배출",폐전기전자제품,EMPTY,0.0,0.0,0.0,0.0
경남,함안군,"재활용 가능자원 분리배출",폐가구류,EMPTY,0.0,0.0,0.0,0.0
경남,함안군,"재활용 가능자원 분리배출",기타,EMPTY,0.0,0.0,0.0,0.0
경남,함안군,"재활용 가능자원 분리배출",재활용 잔재물,EMPTY,0.2,0.0,0.0,0.2
경남,함안군,음식물류 폐기물 분리배출,EMPTY,EMPTY,8.8,0.0,5.9,2.9
경남,창녕군,종량제방식 등 혼합배출,가연성,폐지류,9.6,0.4,7.7,1.5
경남,창녕군,종량제방식 등 혼합배출,가연성,폐합성수지류,5.1,0.3,3.7,1.1
경남,창녕군,종량제방식 등 혼합배출,가연성,폐고무류,1.4,0.0,1.4,0.0
경남,창녕군,종량제방식 등 혼합배출,가연성,폐섬유류,0.0,0.0,0.0,0.0
경남,창녕군,종량제방식 등 혼합배출,가연성,음식물류 폐기물,0.0,0.0,0.0,0.0
경남,창녕군,종량제방식 등 혼합배출,가연성,폐목재류,4.0,0.0,4.0,0.0
경남,창녕군,종량제방식 등 혼합배출,가연성,기타,6.0,0.3,4.6,1.1
경남,창녕군,종량제방식 등 혼합배출,불연성,폐금속류,0.2,0.0,0.0,0.2
경남,창녕군,종량제방식 등 혼합배출,불연성,폐유리류,0.8,0.0,0.0,0.8
경남,창녕군,종량제방식 등 혼합배출,불연성,폐토사류,0.0,0.0,0.0,0.0
경남,창녕군,종량제방식 등 혼합배출,불연성,폐타일 및 도자기류,0.0,0.0,0.0,0.0
경남,창녕군,종량제방식 등 혼합배출,불연성,연탄재,0.0,0.0,0.0,0.0
경남,창녕군,종량제방식 등 혼합배출,불연성,기타,0.2,0.2,0.0,0.0
경남,창녕군,종량제방식 등 혼합배출,건설폐재류,EMPTY,0.0,0.0,0.0,0.0
경남,창녕군,종량제방식 등 혼합배출,기타(배출불명등),EMPTY,0.0,0.0,0.0,0.0
경남,창녕군,"재활용 가능자원 분리배출",폐지류,종이팩,0.0,0.0,0.0,0.0
경남,창녕군,"재활용 가능자원 분리배출",폐지류,기타,0.1,0.0,0.0,0.1
경남,창녕군,"재활용 가능자원 분리배출",고철류,EMPTY,0.4,0.0,0.0,0.4
경남,창녕군,"재활용 가능자원 분리배출",금속캔,EMPTY,0.1,0.0,0.0,0.1
경남,창녕군,"재활용 가능자원 분리배출",폐합성수지류,비닐류,0.0,0.0,0.0,0.0
경남,창녕군,"재활용 가능자원 분리배출",폐합성수지류,발포수지류,0.1,0.0,0.0,0.1
경남,창녕군,"재활용 가능자원 분리배출",폐합성수지류,PET병,0.4,0.0,0.0,0.4
경남,창녕군,"재활용 가능자원 분리배출",폐합성수지류,기타,0.2,0.0,0.0,0.2
경남,창녕군,"재활용 가능자원 분리배출",폐고무류,EMPTY,0.0,0.0,0.0,0.0
경남,창녕군,"재활용 가능자원 분리배출",폐유리병류,EMPTY,0.8,0.0,0.0,0.8
경남,창녕군,"재활용 가능자원 분리배출",폐의류,EMPTY,0.0,0.0,0.0,0.0
경남,창녕군,"재활용 가능자원 분리배출",폐섬유류,EMPTY,0.0,0.0,0.0,0.0
경남,창녕군,"재활용 가능자원 분리배출",폐형광등,EMPTY,0.0,0.0,0.0,0.0
경남,창녕군,"재활용 가능자원 분리배출",폐전지류,EMPTY,0.0,0.0,0.0,0.0
경남,창녕군,"재활용 가능자원 분리배출",영농폐기물,농약용기류,0.1,0.0,0.0,0.1
경남,창녕군,"재활용 가능자원 분리배출",영농폐기물,폐비닐,9.4,0.0,0.0,9.4
경남,창녕군,"재활용 가능자원 분리배출",폐식용유,EMPTY,0.0,0.0,0.0,0.0
경남,창녕군,"재활용 가능자원 분리배출",폐전기전자제품,EMPTY,0.0,0.0,0.0,0.0
경남,창녕군,"재활용 가능자원 분리배출",폐가구류,EMPTY,0.0,0.0,0.0,0.0
경남,창녕군,"재활용 가능자원 분리배출",기타,EMPTY,0.1,0.0,0.0,0.1
경남,창녕군,"재활용 가능자원 분리배출",재활용 잔재물,EMPTY,1.0,0.0,0.0,1.0
경남,창녕군,음식물류 폐기물 분리배출,EMPTY,EMPTY,14.1,0.0,0.0,14.1
경남,고성군,종량제방식 등 혼합배출,가연성,폐지류,7.1,3.0,4.1,0.0
경남,고성군,종량제방식 등 혼합배출,가연성,폐합성수지류,5.8,2.4,3.4,0.0
경남,고성군,종량제방식 등 혼합배출,가연성,폐고무류,0.2,0.1,0.1,0.0
경남,고성군,종량제방식 등 혼합배출,가연성,폐섬유류,1.0,0.4,0.6,0.0
경남,고성군,종량제방식 등 혼합배출,가연성,음식물류 폐기물,1.5,0.6,0.9,0.0
경남,고성군,종량제방식 등 혼합배출,가연성,폐목재류,0.7,0.3,0.4,0.0
경남,고성군,종량제방식 등 혼합배출,가연성,기타,4.5,1.9,2.6,0.0
경남,고성군,종량제방식 등 혼합배출,불연성,폐금속류,0.5,0.2,0.3,0.0
경남,고성군,종량제방식 등 혼합배출,불연성,폐유리류,0.9,0.4,0.5,0.0
경남,고성군,종량제방식 등 혼합배출,불연성,폐토사류,0.2,0.1,0.1,0.0
경남,고성군,종량제방식 등 혼합배출,불연성,폐타일 및 도자기류,0.0,0.0,0.0,0.0
경남,고성군,종량제방식 등 혼합배출,불연성,연탄재,0.1,0.0,0.1,0.0
경남,고성군,종량제방식 등 혼합배출,불연성,기타,0.4,0.2,0.2,0.0
경남,고성군,종량제방식 등 혼합배출,건설폐재류,EMPTY,0.0,0.0,0.0,0.0
경남,고성군,종량제방식 등 혼합배출,기타(배출불명등),EMPTY,0.0,0.0,0.0,0.0
경남,고성군,"재활용 가능자원 분리배출",폐지류,종이팩,0.3,0.0,0.0,0.3
경남,고성군,"재활용 가능자원 분리배출",폐지류,기타,0.0,0.0,0.0,0.0
경남,고성군,"재활용 가능자원 분리배출",고철류,EMPTY,0.1,0.0,0.0,0.1
경남,고성군,"재활용 가능자원 분리배출",금속캔,EMPTY,0.1,0.0,0.0,0.1
경남,고성군,"재활용 가능자원 분리배출",폐합성수지류,비닐류,0.0,0.0,0.0,0.0
경남,고성군,"재활용 가능자원 분리배출",폐합성수지류,발포수지류,0.0,0.0,0.0,0.0
경남,고성군,"재활용 가능자원 분리배출",폐합성수지류,PET병,0.3,0.0,0.0,0.3
경남,고성군,"재활용 가능자원 분리배출",폐합성수지류,기타,0.2,0.0,0.0,0.2
경남,고성군,"재활용 가능자원 분리배출",폐고무류,EMPTY,0.0,0.0,0.0,0.0
경남,고성군,"재활용 가능자원 분리배출",폐유리병류,EMPTY,0.9,0.0,0.0,0.9
경남,고성군,"재활용 가능자원 분리배출",폐의류,EMPTY,0.0,0.0,0.0,0.0
경남,고성군,"재활용 가능자원 분리배출",폐섬유류,EMPTY,0.0,0.0,0.0,0.0
경남,고성군,"재활용 가능자원 분리배출",폐형광등,EMPTY,0.0,0.0,0.0,0.0
경남,고성군,"재활용 가능자원 분리배출",폐전지류,EMPTY,0.0,0.0,0.0,0.0
경남,고성군,"재활용 가능자원 분리배출",영농폐기물,농약용기류,0.0,0.0,0.0,0.0
경남,고성군,"재활용 가능자원 분리배출",영농폐기물,폐비닐,0.0,0.0,0.0,0.0
경남,고성군,"재활용 가능자원 분리배출",폐식용유,EMPTY,0.0,0.0,0.0,0.0
경남,고성군,"재활용 가능자원 분리배출",폐전기전자제품,EMPTY,0.0,0.0,0.0,0.0
경남,고성군,"재활용 가능자원 분리배출",폐가구류,EMPTY,0.0,0.0,0.0,0.0
경남,고성군,"재활용 가능자원 분리배출",기타,EMPTY,0.5,0.0,0.0,0.5
경남,고성군,"재활용 가능자원 분리배출",재활용 잔재물,EMPTY,0.8,0.0,0.0,0.8
경남,고성군,음식물류 폐기물 분리배출,EMPTY,EMPTY,4.4,0.0,0.0,4.4
경남,남해군,종량제방식 등 혼합배출,가연성,폐지류,5.6,0.0,0.0,5.6
경남,남해군,종량제방식 등 혼합배출,가연성,폐합성수지류,8.9,8.9,0.0,0.0
경남,남해군,종량제방식 등 혼합배출,가연성,폐고무류,0.2,0.2,0.0,0.0
경남,남해군,종량제방식 등 혼합배출,가연성,폐섬유류,3.1,3.1,0.0,0.0
경남,남해군,종량제방식 등 혼합배출,가연성,음식물류 폐기물,0.9,0.9,0.0,0.0
경남,남해군,종량제방식 등 혼합배출,가연성,폐목재류,0.2,0.2,0.0,0.0
경남,남해군,종량제방식 등 혼합배출,가연성,기타,1.5,0.0,0.0,1.5
경남,남해군,종량제방식 등 혼합배출,불연성,폐금속류,0.4,0.4,0.0,0.0
경남,남해군,종량제방식 등 혼합배출,불연성,폐유리류,0.6,0.6,0.0,0.0
경남,남해군,종량제방식 등 혼합배출,불연성,폐토사류,0.1,0.1,0.0,0.0
경남,남해군,종량제방식 등 혼합배출,불연성,폐타일 및 도자기류,0.6,0.6,0.0,0.0
경남,남해군,종량제방식 등 혼합배출,불연성,연탄재,0.0,0.0,0.0,0.0
경남,남해군,종량제방식 등 혼합배출,불연성,기타,0.0,0.0,0.0,0.0
경남,남해군,종량제방식 등 혼합배출,건설폐재류,EMPTY,0.0,0.0,0.0,0.0
경남,남해군,종량제방식 등 혼합배출,기타(배출불명등),EMPTY,0.0,0.0,0.0,0.0
경남,남해군,"재활용 가능자원 분리배출",폐지류,종이팩,0.0,0.0,0.0,0.0
경남,남해군,"재활용 가능자원 분리배출",폐지류,기타,3.2,0.0,0.0,3.2
경남,남해군,"재활용 가능자원 분리배출",고철류,EMPTY,0.3,0.0,0.0,0.3
경남,남해군,"재활용 가능자원 분리배출",금속캔,EMPTY,0.1,0.0,0.0,0.1
경남,남해군,"재활용 가능자원 분리배출",폐합성수지류,비닐류,1.2,0.0,0.0,1.2
경남,남해군,"재활용 가능자원 분리배출",폐합성수지류,발포수지류,0.1,0.0,0.0,0.1
경남,남해군,"재활용 가능자원 분리배출",폐합성수지류,PET병,0.5,0.0,0.0,0.5
경남,남해군,"재활용 가능자원 분리배출",폐합성수지류,기타,0.2,0.0,0.0,0.2
경남,남해군,"재활용 가능자원 분리배출",폐고무류,EMPTY,0.0,0.0,0.0,0.0
경남,남해군,"재활용 가능자원 분리배출",폐유리병류,EMPTY,0.5,0.0,0.0,0.5
경남,남해군,"재활용 가능자원 분리배출",폐의류,EMPTY,0.2,0.0,0.0,0.2
경남,남해군,"재활용 가능자원 분리배출",폐섬유류,EMPTY,0.0,0.0,0.0,0.0
경남,남해군,"재활용 가능자원 분리배출",폐형광등,EMPTY,0.0,0.0,0.0,0.0
경남,남해군,"재활용 가능자원 분리배출",폐전지류,EMPTY,0.0,0.0,0.0,0.0
경남,남해군,"재활용 가능자원 분리배출",영농폐기물,농약용기류,0.1,0.0,0.0,0.1
경남,남해군,"재활용 가능자원 분리배출",영농폐기물,폐비닐,2.3,0.0,0.0,2.3
경남,남해군,"재활용 가능자원 분리배출",폐식용유,EMPTY,0.0,0.0,0.0,0.0
경남,남해군,"재활용 가능자원 분리배출",폐전기전자제품,EMPTY,0.0,0.0,0.0,0.0
경남,남해군,"재활용 가능자원 분리배출",폐가구류,EMPTY,0.0,0.0,0.0,0.0
경남,남해군,"재활용 가능자원 분리배출",기타,EMPTY,0.0,0.0,0.0,0.0
경남,남해군,"재활용 가능자원 분리배출",재활용 잔재물,EMPTY,1.1,1.1,0.0,0.0
경남,남해군,음식물류 폐기물 분리배출,EMPTY,EMPTY,9.7,0.0,0.0,9.7
경남,하동군,종량제방식 등 혼합배출,가연성,폐지류,5.4,0.0,5.4,0.0
경남,하동군,종량제방식 등 혼합배출,가연성,폐합성수지류,3.4,0.0,3.4,0.0
경남,하동군,종량제방식 등 혼합배출,가연성,폐고무류,0.3,0.0,0.3,0.0
경남,하동군,종량제방식 등 혼합배출,가연성,폐섬유류,0.4,0.0,0.4,0.0
경남,하동군,종량제방식 등 혼합배출,가연성,음식물류 폐기물,0.3,0.0,0.3,0.0
경남,하동군,종량제방식 등 혼합배출,가연성,폐목재류,0.8,0.0,0.8,0.0
경남,하동군,종량제방식 등 혼합배출,가연성,기타,0.0,0.0,0.0,0.0
경남,하동군,종량제방식 등 혼합배출,불연성,폐금속류,0.0,0.0,0.0,0.0
경남,하동군,종량제방식 등 혼합배출,불연성,폐유리류,0.1,0.1,0.0,0.0
경남,하동군,종량제방식 등 혼합배출,불연성,폐토사류,0.0,0.0,0.0,0.0
경남,하동군,종량제방식 등 혼합배출,불연성,폐타일 및 도자기류,0.0,0.0,0.0,0.0
경남,하동군,종량제방식 등 혼합배출,불연성,연탄재,0.0,0.0,0.0,0.0
경남,하동군,종량제방식 등 혼합배출,불연성,기타,1.2,1.2,0.0,0.0
경남,하동군,종량제방식 등 혼합배출,건설폐재류,EMPTY,0.0,0.0,0.0,0.0
경남,하동군,종량제방식 등 혼합배출,기타(배출불명등),EMPTY,8.4,0.0,0.0,8.4
경남,하동군,"재활용 가능자원 분리배출",폐지류,종이팩,0.0,0.0,0.0,0.0
경남,하동군,"재활용 가능자원 분리배출",폐지류,기타,0.5,0.0,0.0,0.5
경남,하동군,"재활용 가능자원 분리배출",고철류,EMPTY,0.2,0.0,0.0,0.2
경남,하동군,"재활용 가능자원 분리배출",금속캔,EMPTY,0.0,0.0,0.0,0.0
경남,하동군,"재활용 가능자원 분리배출",폐합성수지류,비닐류,0.0,0.0,0.0,0.0
경남,하동군,"재활용 가능자원 분리배출",폐합성수지류,발포수지류,0.0,0.0,0.0,0.0
경남,하동군,"재활용 가능자원 분리배출",폐합성수지류,PET병,0.1,0.0,0.0,0.1
경남,하동군,"재활용 가능자원 분리배출",폐합성수지류,기타,0.0,0.0,0.0,0.0
경남,하동군,"재활용 가능자원 분리배출",폐고무류,EMPTY,0.0,0.0,0.0,0.0
경남,하동군,"재활용 가능자원 분리배출",폐유리병류,EMPTY,0.1,0.0,0.0,0.1
경남,하동군,"재활용 가능자원 분리배출",폐의류,EMPTY,0.0,0.0,0.0,0.0
경남,하동군,"재활용 가능자원 분리배출",폐섬유류,EMPTY,0.0,0.0,0.0,0.0
경남,하동군,"재활용 가능자원 분리배출",폐형광등,EMPTY,0.0,0.0,0.0,0.0
경남,하동군,"재활용 가능자원 분리배출",폐전지류,EMPTY,0.0,0.0,0.0,0.0
경남,하동군,"재활용 가능자원 분리배출",영농폐기물,농약용기류,0.0,0.0,0.0,0.0
경남,하동군,"재활용 가능자원 분리배출",영농폐기물,폐비닐,0.0,0.0,0.0,0.0
경남,하동군,"재활용 가능자원 분리배출",폐식용유,EMPTY,0.0,0.0,0.0,0.0
경남,하동군,"재활용 가능자원 분리배출",폐전기전자제품,EMPTY,0.0,0.0,0.0,0.0
경남,하동군,"재활용 가능자원 분리배출",폐가구류,EMPTY,0.0,0.0,0.0,0.0
경남,하동군,"재활용 가능자원 분리배출",기타,EMPTY,0.0,0.0,0.0,0.0
경남,하동군,"재활용 가능자원 분리배출",재활용 잔재물,EMPTY,0.0,0.0,0.0,0.0
경남,하동군,음식물류 폐기물 분리배출,EMPTY,EMPTY,7.5,7.5,0.0,0.0
경남,산청군,종량제방식 등 혼합배출,가연성,폐지류,4.6,3.2,1.4,0.0
경남,산청군,종량제방식 등 혼합배출,가연성,폐합성수지류,4.1,2.8,1.3,0.0
경남,산청군,종량제방식 등 혼합배출,가연성,폐고무류,0.0,0.0,0.0,0.0
경남,산청군,종량제방식 등 혼합배출,가연성,폐섬유류,5.9,4.0,1.9,0.0
경남,산청군,종량제방식 등 혼합배출,가연성,음식물류 폐기물,2.4,1.6,0.8,0.0
경남,산청군,종량제방식 등 혼합배출,가연성,폐목재류,6.0,4.4,1.6,0.0
경남,산청군,종량제방식 등 혼합배출,가연성,기타,0.0,0.0,0.0,0.0
경남,산청군,종량제방식 등 혼합배출,불연성,폐금속류,0.0,0.0,0.0,0.0
경남,산청군,종량제방식 등 혼합배출,불연성,폐유리류,0.0,0.0,0.0,0.0
경남,산청군,종량제방식 등 혼합배출,불연성,폐토사류,0.0,0.0,0.0,0.0
경남,산청군,종량제방식 등 혼합배출,불연성,폐타일 및 도자기류,0.0,0.0,0.0,0.0
경남,산청군,종량제방식 등 혼합배출,불연성,연탄재,0.0,0.0,0.0,0.0
경남,산청군,종량제방식 등 혼합배출,불연성,기타,2.2,1.6,0.6,0.0
경남,산청군,종량제방식 등 혼합배출,건설폐재류,EMPTY,0.0,0.0,0.0,0.0
경남,산청군,종량제방식 등 혼합배출,기타(배출불명등),EMPTY,0.0,0.0,0.0,0.0
경남,산청군,"재활용 가능자원 분리배출",폐지류,종이팩,0.0,0.0,0.0,0.0
경남,산청군,"재활용 가능자원 분리배출",폐지류,기타,1.9,0.0,0.0,1.9
경남,산청군,"재활용 가능자원 분리배출",고철류,EMPTY,2.3,0.0,0.0,2.3
경남,산청군,"재활용 가능자원 분리배출",금속캔,EMPTY,0.2,0.0,0.0,0.2
경남,산청군,"재활용 가능자원 분리배출",폐합성수지류,비닐류,0.0,0.0,0.0,0.0
경남,산청군,"재활용 가능자원 분리배출",폐합성수지류,발포수지류,0.1,0.0,0.0,0.1
경남,산청군,"재활용 가능자원 분리배출",폐합성수지류,PET병,0.2,0.0,0.0,0.2
경남,산청군,"재활용 가능자원 분리배출",폐합성수지류,기타,0.9,0.0,0.0,0.9
경남,산청군,"재활용 가능자원 분리배출",폐고무류,EMPTY,0.0,0.0,0.0,0.0
경남,산청군,"재활용 가능자원 분리배출",폐유리병류,EMPTY,0.3,0.0,0.0,0.3
경남,산청군,"재활용 가능자원 분리배출",폐의류,EMPTY,0.1,0.0,0.0,0.1
경남,산청군,"재활용 가능자원 분리배출",폐섬유류,EMPTY,0.0,0.0,0.0,0.0
경남,산청군,"재활용 가능자원 분리배출",폐형광등,EMPTY,0.0,0.0,0.0,0.0
경남,산청군,"재활용 가능자원 분리배출",폐전지류,EMPTY,0.0,0.0,0.0,0.0
경남,산청군,"재활용 가능자원 분리배출",영농폐기물,농약용기류,0.0,0.0,0.0,0.0
경남,산청군,"재활용 가능자원 분리배출",영농폐기물,폐비닐,1.4,0.0,0.0,1.4
경남,산청군,"재활용 가능자원 분리배출",폐식용유,EMPTY,0.0,0.0,0.0,0.0
경남,산청군,"재활용 가능자원 분리배출",폐전기전자제품,EMPTY,0.1,0.0,0.0,0.1
경남,산청군,"재활용 가능자원 분리배출",폐가구류,EMPTY,0.0,0.0,0.0,0.0
경남,산청군,"재활용 가능자원 분리배출",기타,EMPTY,0.3,0.0,0.0,0.3
경남,산청군,"재활용 가능자원 분리배출",재활용 잔재물,EMPTY,0.1,0.1,0.0,0.0
경남,산청군,음식물류 폐기물 분리배출,EMPTY,EMPTY,4.1,1.1,0.0,3.0
경남,함양군,종량제방식 등 혼합배출,가연성,폐지류,10.6,5.0,5.4,0.2
경남,함양군,종량제방식 등 혼합배출,가연성,폐합성수지류,10.0,4.5,5.3,0.2
경남,함양군,종량제방식 등 혼합배출,가연성,폐고무류,0.4,0.2,0.2,0.0
경남,함양군,종량제방식 등 혼합배출,가연성,폐섬유류,1.5,0.7,0.8,0.0
경남,함양군,종량제방식 등 혼합배출,가연성,음식물류 폐기물,2.3,1.1,1.2,0.0
경남,함양군,종량제방식 등 혼합배출,가연성,폐목재류,1.4,0.5,0.6,0.3
경남,함양군,종량제방식 등 혼합배출,가연성,기타,5.8,2.8,3.0,0.0
경남,함양군,종량제방식 등 혼합배출,불연성,폐금속류,0.9,0.4,0.4,0.1
경남,함양군,종량제방식 등 혼합배출,불연성,폐유리류,1.6,0.6,0.7,0.3
경남,함양군,종량제방식 등 혼합배출,불연성,폐토사류,0.4,0.2,0.2,0.0
경남,함양군,종량제방식 등 혼합배출,불연성,폐타일 및 도자기류,0.2,0.1,0.1,0.0
경남,함양군,종량제방식 등 혼합배출,불연성,연탄재,0.2,0.1,0.1,0.0
경남,함양군,종량제방식 등 혼합배출,불연성,기타,0.6,0.3,0.3,0.0
경남,함양군,종량제방식 등 혼합배출,건설폐재류,EMPTY,1.1,1.1,0.0,0.0
경남,함양군,종량제방식 등 혼합배출,기타(배출불명등),EMPTY,0.0,0.0,0.0,0.0
경남,함양군,"재활용 가능자원 분리배출",폐지류,종이팩,0.0,0.0,0.0,0.0
경남,함양군,"재활용 가능자원 분리배출",폐지류,기타,0.1,0.0,0.0,0.1
경남,함양군,"재활용 가능자원 분리배출",고철류,EMPTY,0.0,0.0,0.0,0.0
경남,함양군,"재활용 가능자원 분리배출",금속캔,EMPTY,0.0,0.0,0.0,0.0
경남,함양군,"재활용 가능자원 분리배출",폐합성수지류,비닐류,0.0,0.0,0.0,0.0
경남,함양군,"재활용 가능자원 분리배출",폐합성수지류,발포수지류,0.0,0.0,0.0,0.0
경남,함양군,"재활용 가능자원 분리배출",폐합성수지류,PET병,0.0,0.0,0.0,0.0
경남,함양군,"재활용 가능자원 분리배출",폐합성수지류,기타,0.1,0.0,0.0,0.1
경남,함양군,"재활용 가능자원 분리배출",폐고무류,EMPTY,0.0,0.0,0.0,0.0
경남,함양군,"재활용 가능자원 분리배출",폐유리병류,EMPTY,0.1,0.0,0.0,0.1
경남,함양군,"재활용 가능자원 분리배출",폐의류,EMPTY,0.0,0.0,0.0,0.0
경남,함양군,"재활용 가능자원 분리배출",폐섬유류,EMPTY,0.0,0.0,0.0,0.0
경남,함양군,"재활용 가능자원 분리배출",폐형광등,EMPTY,0.0,0.0,0.0,0.0
경남,함양군,"재활용 가능자원 분리배출",폐전지류,EMPTY,0.0,0.0,0.0,0.0
경남,함양군,"재활용 가능자원 분리배출",영농폐기물,농약용기류,0.0,0.0,0.0,0.0
경남,함양군,"재활용 가능자원 분리배출",영농폐기물,폐비닐,3.3,0.0,0.0,3.3
경남,함양군,"재활용 가능자원 분리배출",폐식용유,EMPTY,0.0,0.0,0.0,0.0
경남,함양군,"재활용 가능자원 분리배출",폐전기전자제품,EMPTY,0.1,0.0,0.0,0.1
경남,함양군,"재활용 가능자원 분리배출",폐가구류,EMPTY,0.0,0.0,0.0,0.0
경남,함양군,"재활용 가능자원 분리배출",기타,EMPTY,0.0,0.0,0.0,0.0
경남,함양군,"재활용 가능자원 분리배출",재활용 잔재물,EMPTY,0.0,0.0,0.0,0.0
경남,함양군,음식물류 폐기물 분리배출,EMPTY,EMPTY,5.9,0.4,0.0,5.5
경남,거창군,종량제방식 등 혼합배출,가연성,폐지류,8.7,0.0,8.7,0.0
경남,거창군,종량제방식 등 혼합배출,가연성,폐합성수지류,7.1,0.0,7.1,0.0
경남,거창군,종량제방식 등 혼합배출,가연성,폐고무류,0.4,0.0,0.4,0.0
경남,거창군,종량제방식 등 혼합배출,가연성,폐섬유류,1.2,0.0,1.2,0.0
경남,거창군,종량제방식 등 혼합배출,가연성,음식물류 폐기물,1.8,0.0,1.8,0.0
경남,거창군,종량제방식 등 혼합배출,가연성,폐목재류,0.9,0.0,0.9,0.0
경남,거창군,종량제방식 등 혼합배출,가연성,기타,5.5,0.0,5.5,0.0
경남,거창군,종량제방식 등 혼합배출,불연성,폐금속류,4.5,4.5,0.0,0.0
경남,거창군,종량제방식 등 혼합배출,불연성,폐유리류,6.7,6.7,0.0,0.0
경남,거창군,종량제방식 등 혼합배출,불연성,폐토사류,3.0,3.0,0.0,0.0
경남,거창군,종량제방식 등 혼합배출,불연성,폐타일 및 도자기류,0.9,0.9,0.0,0.0
경남,거창군,종량제방식 등 혼합배출,불연성,연탄재,0.1,0.1,0.0,0.0
경남,거창군,종량제방식 등 혼합배출,불연성,기타,2.7,2.7,0.0,0.0
경남,거창군,종량제방식 등 혼합배출,건설폐재류,EMPTY,0.0,0.0,0.0,0.0
경남,거창군,종량제방식 등 혼합배출,기타(배출불명등),EMPTY,0.0,0.0,0.0,0.0
경남,거창군,"재활용 가능자원 분리배출",폐지류,종이팩,13.5,0.0,0.0,13.5
경남,거창군,"재활용 가능자원 분리배출",폐지류,기타,3.9,0.0,0.0,3.9
경남,거창군,"재활용 가능자원 분리배출",고철류,EMPTY,17.8,0.0,0.0,17.8
경남,거창군,"재활용 가능자원 분리배출",금속캔,EMPTY,0.3,0.0,0.0,0.3
경남,거창군,"재활용 가능자원 분리배출",폐합성수지류,비닐류,0.0,0.0,0.0,0.0
경남,거창군,"재활용 가능자원 분리배출",폐합성수지류,발포수지류,0.0,0.0,0.0,0.0
경남,거창군,"재활용 가능자원 분리배출",폐합성수지류,PET병,0.2,0.0,0.0,0.2
경남,거창군,"재활용 가능자원 분리배출",폐합성수지류,기타,0.4,0.0,0.0,0.4
경남,거창군,"재활용 가능자원 분리배출",폐고무류,EMPTY,0.0,0.0,0.0,0.0
경남,거창군,"재활용 가능자원 분리배출",폐유리병류,EMPTY,1.5,0.0,0.0,1.5
경남,거창군,"재활용 가능자원 분리배출",폐의류,EMPTY,0.3,0.0,0.0,0.3
경남,거창군,"재활용 가능자원 분리배출",폐섬유류,EMPTY,0.0,0.0,0.0,0.0
경남,거창군,"재활용 가능자원 분리배출",폐형광등,EMPTY,0.0,0.0,0.0,0.0
경남,거창군,"재활용 가능자원 분리배출",폐전지류,EMPTY,0.0,0.0,0.0,0.0
경남,거창군,"재활용 가능자원 분리배출",영농폐기물,농약용기류,0.1,0.0,0.0,0.1
경남,거창군,"재활용 가능자원 분리배출",영농폐기물,폐비닐,2.6,0.0,0.0,2.6
경남,거창군,"재활용 가능자원 분리배출",폐식용유,EMPTY,0.0,0.0,0.0,0.0
경남,거창군,"재활용 가능자원 분리배출",폐전기전자제품,EMPTY,0.7,0.0,0.0,0.7
경남,거창군,"재활용 가능자원 분리배출",폐가구류,EMPTY,0.0,0.0,0.0,0.0
경남,거창군,"재활용 가능자원 분리배출",기타,EMPTY,0.6,0.0,0.0,0.6
경남,거창군,"재활용 가능자원 분리배출",재활용 잔재물,EMPTY,0.9,0.0,0.0,0.9
경남,거창군,음식물류 폐기물 분리배출,EMPTY,EMPTY,11.0,0.0,0.0,11.0
경남,합천군,종량제방식 등 혼합배출,가연성,폐지류,5.1,0.0,5.1,0.0
경남,합천군,종량제방식 등 혼합배출,가연성,폐합성수지류,4.2,0.0,4.2,0.0
경남,합천군,종량제방식 등 혼합배출,가연성,폐고무류,0.3,0.0,0.3,0.0
경남,합천군,종량제방식 등 혼합배출,가연성,폐섬유류,0.7,0.0,0.7,0.0
경남,합천군,종량제방식 등 혼합배출,가연성,음식물류 폐기물,1.1,0.0,1.1,0.0
경남,합천군,종량제방식 등 혼합배출,가연성,폐목재류,0.5,0.0,0.5,0.0
경남,합천군,종량제방식 등 혼합배출,가연성,기타,3.2,0.0,3.2,0.0
경남,합천군,종량제방식 등 혼합배출,불연성,폐금속류,1.7,1.7,0.0,0.0
경남,합천군,종량제방식 등 혼합배출,불연성,폐유리류,2.5,2.5,0.0,0.0
경남,합천군,종량제방식 등 혼합배출,불연성,폐토사류,0.8,0.8,0.0,0.0
경남,합천군,종량제방식 등 혼합배출,불연성,폐타일 및 도자기류,0.2,0.2,0.0,0.0
경남,합천군,종량제방식 등 혼합배출,불연성,연탄재,0.3,0.3,0.0,0.0
경남,합천군,종량제방식 등 혼합배출,불연성,기타,1.2,1.2,0.0,0.0
경남,합천군,종량제방식 등 혼합배출,건설폐재류,EMPTY,0.0,0.0,0.0,0.0
경남,합천군,종량제방식 등 혼합배출,기타(배출불명등),EMPTY,0.0,0.0,0.0,0.0
경남,합천군,"재활용 가능자원 분리배출",폐지류,종이팩,0.0,0.0,0.0,0.0
경남,합천군,"재활용 가능자원 분리배출",폐지류,기타,1.7,0.0,0.0,1.7
경남,합천군,"재활용 가능자원 분리배출",고철류,EMPTY,0.1,0.0,0.0,0.1
경남,합천군,"재활용 가능자원 분리배출",금속캔,EMPTY,0.2,0.0,0.0,0.2
경남,합천군,"재활용 가능자원 분리배출",폐합성수지류,비닐류,0.0,0.0,0.0,0.0
경남,합천군,"재활용 가능자원 분리배출",폐합성수지류,발포수지류,0.0,0.0,0.0,0.0
경남,합천군,"재활용 가능자원 분리배출",폐합성수지류,PET병,0.3,0.0,0.0,0.3
경남,합천군,"재활용 가능자원 분리배출",폐합성수지류,기타,0.2,0.0,0.0,0.2
경남,합천군,"재활용 가능자원 분리배출",폐고무류,EMPTY,0.0,0.0,0.0,0.0
경남,합천군,"재활용 가능자원 분리배출",폐유리병류,EMPTY,0.9,0.0,0.0,0.9
경남,합천군,"재활용 가능자원 분리배출",폐의류,EMPTY,0.0,0.0,0.0,0.0
경남,합천군,"재활용 가능자원 분리배출",폐섬유류,EMPTY,0.0,0.0,0.0,0.0
경남,합천군,"재활용 가능자원 분리배출",폐형광등,EMPTY,0.0,0.0,0.0,0.0
경남,합천군,"재활용 가능자원 분리배출",폐전지류,EMPTY,0.0,0.0,0.0,0.0
경남,합천군,"재활용 가능자원 분리배출",영농폐기물,농약용기류,0.1,0.0,0.0,0.1
경남,합천군,"재활용 가능자원 분리배출",영농폐기물,폐비닐,7.4,0.0,0.0,7.4
경남,합천군,"재활용 가능자원 분리배출",폐식용유,EMPTY,0.0,0.0,0.0,0.0
경남,합천군,"재활용 가능자원 분리배출",폐전기전자제품,EMPTY,0.5,0.0,0.0,0.5
경남,합천군,"재활용 가능자원 분리배출",폐가구류,EMPTY,0.0,0.0,0.0,0.0
경남,합천군,"재활용 가능자원 분리배출",기타,EMPTY,0.0,0.0,0.0,0.0
경남,합천군,"재활용 가능자원 분리배출",재활용 잔재물,EMPTY,0.0,0.0,0.0,0.0
경남,합천군,음식물류 폐기물 분리배출,EMPTY,EMPTY,9.3,0.0,4.8,4.5
제주,제주시,종량제방식 등 혼합배출,가연성,폐지류,48.7,0.0,45.8,2.9
제주,제주시,종량제방식 등 혼합배출,가연성,폐합성수지류,44.3,0.0,41.7,2.6
제주,제주시,종량제방식 등 혼합배출,가연성,폐고무류,2.3,0.0,2.1,0.2
제주,제주시,종량제방식 등 혼합배출,가연성,폐섬유류,11.0,0.0,10.4,0.6
제주,제주시,종량제방식 등 혼합배출,가연성,음식물류 폐기물,15.5,0.0,14.6,0.9
제주,제주시,종량제방식 등 혼합배출,가연성,폐목재류,4.6,0.0,4.2,0.4
제주,제주시,종량제방식 등 혼합배출,가연성,기타,95.2,0.0,89.6,5.6
제주,제주시,종량제방식 등 혼합배출,불연성,폐금속류,4.7,4.7,0.0,0.0
제주,제주시,종량제방식 등 혼합배출,불연성,폐유리류,6.7,6.7,0.0,0.0
제주,제주시,종량제방식 등 혼합배출,불연성,폐토사류,0.8,0.8,0.0,0.0
제주,제주시,종량제방식 등 혼합배출,불연성,폐타일 및 도자기류,0.4,0.4,0.0,0.0
제주,제주시,종량제방식 등 혼합배출,불연성,연탄재,0.3,0.3,0.0,0.0
제주,제주시,종량제방식 등 혼합배출,불연성,기타,8.6,8.6,0.0,0.0
제주,제주시,종량제방식 등 혼합배출,건설폐재류,EMPTY,0.0,0.0,0.0,0.0
제주,제주시,종량제방식 등 혼합배출,기타(배출불명등),EMPTY,0.0,0.0,0.0,0.0
제주,제주시,"재활용 가능자원 분리배출",폐지류,종이팩,2.0,0.0,0.0,2.0
제주,제주시,"재활용 가능자원 분리배출",폐지류,기타,132.7,0.0,0.0,132.7
제주,제주시,"재활용 가능자원 분리배출",고철류,EMPTY,96.2,0.0,0.0,96.2
제주,제주시,"재활용 가능자원 분리배출",금속캔,EMPTY,17.5,0.0,0.0,17.5
제주,제주시,"재활용 가능자원 분리배출",폐합성수지류,비닐류,3.8,0.0,0.0,3.8
제주,제주시,"재활용 가능자원 분리배출",폐합성수지류,발포수지류,0.5,0.0,0.0,0.5
제주,제주시,"재활용 가능자원 분리배출",폐합성수지류,PET병,9.6,0.0,0.0,9.6
제주,제주시,"재활용 가능자원 분리배출",폐합성수지류,기타,9.7,0.0,0.0,9.7
제주,제주시,"재활용 가능자원 분리배출",폐고무류,EMPTY,0.0,0.0,0.0,0.0
제주,제주시,"재활용 가능자원 분리배출",폐유리병류,EMPTY,15.1,0.0,0.0,15.1
제주,제주시,"재활용 가능자원 분리배출",폐의류,EMPTY,0.0,0.0,0.0,0.0
제주,제주시,"재활용 가능자원 분리배출",폐섬유류,EMPTY,0.0,0.0,0.0,0.0
제주,제주시,"재활용 가능자원 분리배출",폐형광등,EMPTY,0.3,0.0,0.0,0.3
제주,제주시,"재활용 가능자원 분리배출",폐전지류,EMPTY,0.1,0.0,0.0,0.1
제주,제주시,"재활용 가능자원 분리배출",영농폐기물,농약용기류,0.0,0.0,0.0,0.0
제주,제주시,"재활용 가능자원 분리배출",영농폐기물,폐비닐,4.6,0.0,0.0,4.6
제주,제주시,"재활용 가능자원 분리배출",폐식용유,EMPTY,0.0,0.0,0.0,0.0
제주,제주시,"재활용 가능자원 분리배출",폐전기전자제품,EMPTY,4.8,0.0,0.0,4.8
제주,제주시,"재활용 가능자원 분리배출",폐가구류,EMPTY,0.0,0.0,0.0,0.0
제주,제주시,"재활용 가능자원 분리배출",기타,EMPTY,0.4,0.0,0.0,0.4
제주,제주시,"재활용 가능자원 분리배출",재활용 잔재물,EMPTY,14.2,0.3,13.9,0.0
제주,제주시,음식물류 폐기물 분리배출,EMPTY,EMPTY,143.0,0.0,1.2,141.8
제주,서귀포시,종량제방식 등 혼합배출,가연성,폐지류,17.4,6.4,11.0,0.0
제주,서귀포시,종량제방식 등 혼합배출,가연성,폐합성수지류,14.5,5.9,8.6,0.0
제주,서귀포시,종량제방식 등 혼합배출,가연성,폐고무류,0.6,0.2,0.4,0.0
제주,서귀포시,종량제방식 등 혼합배출,가연성,폐섬유류,2.5,0.9,1.6,0.0
제주,서귀포시,종량제방식 등 혼합배출,가연성,음식물류 폐기물,3.3,1.2,2.1,0.0
제주,서귀포시,종량제방식 등 혼합배출,가연성,폐목재류,3.2,0.5,2.7,0.0
제주,서귀포시,종량제방식 등 혼합배출,가연성,기타,16.9,6.2,10.7,0.0
제주,서귀포시,종량제방식 등 혼합배출,불연성,폐금속류,1.2,1.2,0.0,0.0
제주,서귀포시,종량제방식 등 혼합배출,불연성,폐유리류,1.9,1.9,0.0,0.0
제주,서귀포시,종량제방식 등 혼합배출,불연성,폐토사류,1.2,1.2,0.0,0.0
제주,서귀포시,종량제방식 등 혼합배출,불연성,폐타일 및 도자기류,0.1,0.1,0.0,0.0
제주,서귀포시,종량제방식 등 혼합배출,불연성,연탄재,0.4,0.4,0.0,0.0
제주,서귀포시,종량제방식 등 혼합배출,불연성,기타,0.5,0.5,0.0,0.0
제주,서귀포시,종량제방식 등 혼합배출,건설폐재류,EMPTY,0.0,0.0,0.0,0.0
제주,서귀포시,종량제방식 등 혼합배출,기타(배출불명등),EMPTY,0.0,0.0,0.0,0.0
제주,서귀포시,"재활용 가능자원 분리배출",폐지류,종이팩,0.2,0.0,0.0,0.2
제주,서귀포시,"재활용 가능자원 분리배출",폐지류,기타,39.9,0.0,0.0,39.9
제주,서귀포시,"재활용 가능자원 분리배출",고철류,EMPTY,1.1,0.0,0.0,1.1
제주,서귀포시,"재활용 가능자원 분리배출",금속캔,EMPTY,1.3,0.0,0.0,1.3
제주,서귀포시,"재활용 가능자원 분리배출",폐합성수지류,비닐류,3.4,0.0,0.0,3.4
제주,서귀포시,"재활용 가능자원 분리배출",폐합성수지류,발포수지류,0.5,0.0,0.0,0.5
제주,서귀포시,"재활용 가능자원 분리배출",폐합성수지류,PET병,5.0,0.0,0.0,5.0
제주,서귀포시,"재활용 가능자원 분리배출",폐합성수지류,기타,2.1,0.0,0.0,2.1
제주,서귀포시,"재활용 가능자원 분리배출",폐고무류,EMPTY,0.0,0.0,0.0,0.0
제주,서귀포시,"재활용 가능자원 분리배출",폐유리병류,EMPTY,7.8,0.0,0.0,7.8
제주,서귀포시,"재활용 가능자원 분리배출",폐의류,EMPTY,0.0,0.0,0.0,0.0
제주,서귀포시,"재활용 가능자원 분리배출",폐섬유류,EMPTY,0.0,0.0,0.0,0.0
제주,서귀포시,"재활용 가능자원 분리배출",폐형광등,EMPTY,0.1,0.0,0.0,0.1
제주,서귀포시,"재활용 가능자원 분리배출",폐전지류,EMPTY,0.0,0.0,0.0,0.0
제주,서귀포시,"재활용 가능자원 분리배출",영농폐기물,농약용기류,0.0,0.0,0.0,0.0
제주,서귀포시,"재활용 가능자원 분리배출",영농폐기물,폐비닐,0.1,0.0,0.0,0.1
제주,서귀포시,"재활용 가능자원 분리배출",폐식용유,EMPTY,0.0,0.0,0.0,0.0
제주,서귀포시,"재활용 가능자원 분리배출",폐전기전자제품,EMPTY,2.4,0.0,0.0,2.4
제주,서귀포시,"재활용 가능자원 분리배출",폐가구류,EMPTY,0.0,0.0,0.0,0.0
제주,서귀포시,"재활용 가능자원 분리배출",기타,EMPTY,43.8,0.0,0.0,43.8
제주,서귀포시,"재활용 가능자원 분리배출",재활용 잔재물,EMPTY,10.8,10.8,0.0,0.0
제주,서귀포시,음식물류 폐기물 분리배출,EMPTY,EMPTY,79.4,0.0,0.0,79.4
강원,춘천시,종량제방식 등 혼합배출,가연성,폐지류,47.0,0.7,46.3,0.0
강원,춘천시,종량제방식 등 혼합배출,가연성,폐합성수지류,45.5,1.1,44.4,0.0
강원,춘천시,종량제방식 등 혼합배출,가연성,폐고무류,0.3,0.3,0.0,0.0
강원,춘천시,종량제방식 등 혼합배출,가연성,폐섬유류,5.3,0.7,4.6,0.0
강원,춘천시,종량제방식 등 혼합배출,가연성,음식물류 폐기물,12.2,0.0,12.2,0.0
강원,춘천시,종량제방식 등 혼합배출,가연성,폐목재류,8.6,0.2,8.4,0.0
강원,춘천시,종량제방식 등 혼합배출,가연성,기타,0.0,0.0,0.0,0.0
강원,춘천시,종량제방식 등 혼합배출,불연성,폐금속류,0.4,0.4,0.0,0.0
강원,춘천시,종량제방식 등 혼합배출,불연성,폐유리류,0.3,0.3,0.0,0.0
강원,춘천시,종량제방식 등 혼합배출,불연성,폐토사류,0.0,0.0,0.0,0.0
강원,춘천시,종량제방식 등 혼합배출,불연성,폐타일 및 도자기류,0.0,0.0,0.0,0.0
강원,춘천시,종량제방식 등 혼합배출,불연성,연탄재,0.0,0.0,0.0,0.0
강원,춘천시,종량제방식 등 혼합배출,불연성,기타,13.2,1.3,11.9,0.0
강원,춘천시,종량제방식 등 혼합배출,건설폐재류,EMPTY,0.0,0.0,0.0,0.0
강원,춘천시,종량제방식 등 혼합배출,기타(배출불명등),EMPTY,0.0,0.0,0.0,0.0
강원,춘천시,"재활용 가능자원 분리배출",폐지류,종이팩,0.0,0.0,0.0,0.0
강원,춘천시,"재활용 가능자원 분리배출",폐지류,기타,0.8,0.0,0.0,0.8
강원,춘천시,"재활용 가능자원 분리배출",고철류,EMPTY,0.0,0.0,0.0,0.0
강원,춘천시,"재활용 가능자원 분리배출",금속캔,EMPTY,0.9,0.0,0.0,0.9
강원,춘천시,"재활용 가능자원 분리배출",폐합성수지류,비닐류,0.5,0.0,0.0,0.5
강원,춘천시,"재활용 가능자원 분리배출",폐합성수지류,발포수지류,0.3,0.0,0.0,0.3
강원,춘천시,"재활용 가능자원 분리배출",폐합성수지류,PET병,2.2,0.0,0.0,2.2
강원,춘천시,"재활용 가능자원 분리배출",폐합성수지류,기타,1.6,0.0,0.0,1.6
강원,춘천시,"재활용 가능자원 분리배출",폐고무류,EMPTY,0.0,0.0,0.0,0.0
강원,춘천시,"재활용 가능자원 분리배출",폐유리병류,EMPTY,3.2,0.0,0.0,3.2
강원,춘천시,"재활용 가능자원 분리배출",폐의류,EMPTY,0.0,0.0,0.0,0.0
강원,춘천시,"재활용 가능자원 분리배출",폐섬유류,EMPTY,0.0,0.0,0.0,0.0
강원,춘천시,"재활용 가능자원 분리배출",폐형광등,EMPTY,0.0,0.0,0.0,0.0
강원,춘천시,"재활용 가능자원 분리배출",폐전지류,EMPTY,0.0,0.0,0.0,0.0
강원,춘천시,"재활용 가능자원 분리배출",영농폐기물,농약용기류,0.0,0.0,0.0,0.0
강원,춘천시,"재활용 가능자원 분리배출",영농폐기물,폐비닐,0.0,0.0,0.0,0.0
강원,춘천시,"재활용 가능자원 분리배출",폐식용유,EMPTY,0.0,0.0,0.0,0.0
강원,춘천시,"재활용 가능자원 분리배출",폐전기전자제품,EMPTY,0.0,0.0,0.0,0.0
강원,춘천시,"재활용 가능자원 분리배출",폐가구류,EMPTY,0.0,0.0,0.0,0.0
강원,춘천시,"재활용 가능자원 분리배출",기타,EMPTY,0.9,0.0,0.0,0.9
강원,춘천시,"재활용 가능자원 분리배출",재활용 잔재물,EMPTY,15.4,0.0,0.0,15.4
강원,춘천시,음식물류 폐기물 분리배출,EMPTY,EMPTY,67.2,0.0,0.0,67.2
강원,원주시,종량제방식 등 혼합배출,가연성,폐지류,24.3,0.0,0.0,24.3
강원,원주시,종량제방식 등 혼합배출,가연성,폐합성수지류,18.9,0.0,0.0,18.9
강원,원주시,종량제방식 등 혼합배출,가연성,폐고무류,0.9,0.0,0.0,0.9
강원,원주시,종량제방식 등 혼합배출,가연성,폐섬유류,3.5,0.0,0.0,3.5
강원,원주시,종량제방식 등 혼합배출,가연성,음식물류 폐기물,4.6,0.0,0.0,4.6
강원,원주시,종량제방식 등 혼합배출,가연성,폐목재류,1.8,0.0,0.0,1.8
강원,원주시,종량제방식 등 혼합배출,가연성,기타,23.5,0.0,0.0,23.5
강원,원주시,종량제방식 등 혼합배출,불연성,폐금속류,12.5,12.5,0.0,0.0
강원,원주시,종량제방식 등 혼합배출,불연성,폐유리류,20.4,20.4,0.0,0.0
강원,원주시,종량제방식 등 혼합배출,불연성,폐토사류,1.2,1.2,0.0,0.0
강원,원주시,종량제방식 등 혼합배출,불연성,폐타일 및 도자기류,0.8,0.8,0.0,0.0
강원,원주시,종량제방식 등 혼합배출,불연성,연탄재,4.2,4.2,0.0,0.0
강원,원주시,종량제방식 등 혼합배출,불연성,기타,5.4,5.4,0.0,0.0
강원,원주시,종량제방식 등 혼합배출,건설폐재류,EMPTY,0.0,0.0,0.0,0.0
강원,원주시,종량제방식 등 혼합배출,기타(배출불명등),EMPTY,0.0,0.0,0.0,0.0
강원,원주시,"재활용 가능자원 분리배출",폐지류,종이팩,0.1,0.0,0.0,0.1
강원,원주시,"재활용 가능자원 분리배출",폐지류,기타,97.1,0.0,0.0,97.1
강원,원주시,"재활용 가능자원 분리배출",고철류,EMPTY,6.6,0.0,0.0,6.6
강원,원주시,"재활용 가능자원 분리배출",금속캔,EMPTY,6.1,0.0,0.0,6.1
강원,원주시,"재활용 가능자원 분리배출",폐합성수지류,비닐류,12.6,0.0,0.0,12.6
강원,원주시,"재활용 가능자원 분리배출",폐합성수지류,발포수지류,0.5,0.0,0.0,0.5
강원,원주시,"재활용 가능자원 분리배출",폐합성수지류,PET병,6.4,0.0,0.0,6.4
강원,원주시,"재활용 가능자원 분리배출",폐합성수지류,기타,3.7,0.0,0.0,3.7
강원,원주시,"재활용 가능자원 분리배출",폐고무류,EMPTY,0.0,0.0,0.0,0.0
강원,원주시,"재활용 가능자원 분리배출",폐유리병류,EMPTY,4.8,0.0,0.0,4.8
강원,원주시,"재활용 가능자원 분리배출",폐의류,EMPTY,14.4,0.0,0.0,14.4
강원,원주시,"재활용 가능자원 분리배출",폐섬유류,EMPTY,0.0,0.0,0.0,0.0
강원,원주시,"재활용 가능자원 분리배출",폐형광등,EMPTY,0.2,0.0,0.0,0.2
강원,원주시,"재활용 가능자원 분리배출",폐전지류,EMPTY,0.0,0.0,0.0,0.0
강원,원주시,"재활용 가능자원 분리배출",영농폐기물,농약용기류,0.0,0.0,0.0,0.0
강원,원주시,"재활용 가능자원 분리배출",영농폐기물,폐비닐,3.8,0.0,0.0,3.8
강원,원주시,"재활용 가능자원 분리배출",폐식용유,EMPTY,0.0,0.0,0.0,0.0
강원,원주시,"재활용 가능자원 분리배출",폐전기전자제품,EMPTY,1.3,0.0,0.0,1.3
강원,원주시,"재활용 가능자원 분리배출",폐가구류,EMPTY,0.0,0.0,0.0,0.0
강원,원주시,"재활용 가능자원 분리배출",기타,EMPTY,6.5,0.0,0.0,6.5
강원,원주시,"재활용 가능자원 분리배출",재활용 잔재물,EMPTY,19.7,19.7,0.0,0.0
강원,원주시,음식물류 폐기물 분리배출,EMPTY,EMPTY,88.4,0.0,0.0,88.4
강원,강릉시,종량제방식 등 혼합배출,가연성,폐지류,40.7,38.5,2.2,0.0
강원,강릉시,종량제방식 등 혼합배출,가연성,폐합성수지류,25.5,24.1,1.4,0.0
강원,강릉시,종량제방식 등 혼합배출,가연성,폐고무류,1.0,0.9,0.1,0.0
강원,강릉시,종량제방식 등 혼합배출,가연성,폐섬유류,4.0,3.8,0.2,0.0
강원,강릉시,종량제방식 등 혼합배출,가연성,음식물류 폐기물,12.5,11.8,0.7,0.0
강원,강릉시,종량제방식 등 혼합배출,가연성,폐목재류,1.8,1.7,0.1,0.0
강원,강릉시,종량제방식 등 혼합배출,가연성,기타,12.3,11.6,0.7,0.0
강원,강릉시,종량제방식 등 혼합배출,불연성,폐금속류,2.4,2.4,0.0,0.0
강원,강릉시,종량제방식 등 혼합배출,불연성,폐유리류,3.0,3.0,0.0,0.0
강원,강릉시,종량제방식 등 혼합배출,불연성,폐토사류,0.5,0.5,0.0,0.0
강원,강릉시,종량제방식 등 혼합배출,불연성,폐타일 및 도자기류,0.3,0.3,0.0,0.0
강원,강릉시,종량제방식 등 혼합배출,불연성,연탄재,0.4,0.4,0.0,0.0
강원,강릉시,종량제방식 등 혼합배출,불연성,기타,0.9,0.9,0.0,0.0
강원,강릉시,종량제방식 등 혼합배출,건설폐재류,EMPTY,1.4,1.4,0.0,0.0
강원,강릉시,종량제방식 등 혼합배출,기타(배출불명등),EMPTY,0.0,0.0,0.0,0.0
강원,강릉시,"재활용 가능자원 분리배출",폐지류,종이팩,0.1,0.0,0.0,0.1
강원,강릉시,"재활용 가능자원 분리배출",폐지류,기타,30.8,0.0,0.0,30.8
강원,강릉시,"재활용 가능자원 분리배출",고철류,EMPTY,6.0,0.0,0.0,6.0
강원,강릉시,"재활용 가능자원 분리배출",금속캔,EMPTY,0.1,0.0,0.0,0.1
강원,강릉시,"재활용 가능자원 분리배출",폐합성수지류,비닐류,3.4,0.0,0.0,3.4
강원,강릉시,"재활용 가능자원 분리배출",폐합성수지류,발포수지류,0.4,0.0,0.0,0.4
강원,강릉시,"재활용 가능자원 분리배출",폐합성수지류,PET병,1.7,0.0,0.0,1.7
강원,강릉시,"재활용 가능자원 분리배출",폐합성수지류,기타,2.9,0.0,0.0,2.9
강원,강릉시,"재활용 가능자원 분리배출",폐고무류,EMPTY,0.0,0.0,0.0,0.0
강원,강릉시,"재활용 가능자원 분리배출",폐유리병류,EMPTY,3.2,0.0,0.0,3.2
강원,강릉시,"재활용 가능자원 분리배출",폐의류,EMPTY,6.0,0.0,0.0,6.0
강원,강릉시,"재활용 가능자원 분리배출",폐섬유류,EMPTY,0.8,0.0,0.0,0.8
강원,강릉시,"재활용 가능자원 분리배출",폐형광등,EMPTY,0.0,0.0,0.0,0.0
강원,강릉시,"재활용 가능자원 분리배출",폐전지류,EMPTY,0.0,0.0,0.0,0.0
강원,강릉시,"재활용 가능자원 분리배출",영농폐기물,농약용기류,0.0,0.0,0.0,0.0
강원,강릉시,"재활용 가능자원 분리배출",영농폐기물,폐비닐,3.7,0.0,0.0,3.7
강원,강릉시,"재활용 가능자원 분리배출",폐식용유,EMPTY,0.0,0.0,0.0,0.0
강원,강릉시,"재활용 가능자원 분리배출",폐전기전자제품,EMPTY,2.0,0.0,0.0,2.0
강원,강릉시,"재활용 가능자원 분리배출",폐가구류,EMPTY,5.1,0.0,0.0,5.1
강원,강릉시,"재활용 가능자원 분리배출",기타,EMPTY,3.4,0.0,0.0,3.4
강원,강릉시,"재활용 가능자원 분리배출",재활용 잔재물,EMPTY,9.3,9.3,0.0,0.0
강원,강릉시,음식물류 폐기물 분리배출,EMPTY,EMPTY,63.3,0.0,0.0,63.3
강원,동해시,종량제방식 등 혼합배출,가연성,폐지류,11.7,11.7,0.0,0.0
강원,동해시,종량제방식 등 혼합배출,가연성,폐합성수지류,20.2,11.1,0.0,9.1
강원,동해시,종량제방식 등 혼합배출,가연성,폐고무류,4.0,4.0,0.0,0.0
강원,동해시,종량제방식 등 혼합배출,가연성,폐섬유류,2.3,2.3,0.0,0.0
강원,동해시,종량제방식 등 혼합배출,가연성,음식물류 폐기물,0.0,0.0,0.0,0.0
강원,동해시,종량제방식 등 혼합배출,가연성,폐목재류,8.2,4.1,0.0,4.1
강원,동해시,종량제방식 등 혼합배출,가연성,기타,12.2,12.2,0.0,0.0
강원,동해시,종량제방식 등 혼합배출,불연성,폐금속류,3.6,3.6,0.0,0.0
강원,동해시,종량제방식 등 혼합배출,불연성,폐유리류,1.9,1.9,0.0,0.0
강원,동해시,종량제방식 등 혼합배출,불연성,폐토사류,3.0,3.0,0.0,0.0
강원,동해시,종량제방식 등 혼합배출,불연성,폐타일 및 도자기류,2.4,2.4,0.0,0.0
강원,동해시,종량제방식 등 혼합배출,불연성,연탄재,4.8,4.8,0.0,0.0
강원,동해시,종량제방식 등 혼합배출,불연성,기타,2.8,2.8,0.0,0.0
강원,동해시,종량제방식 등 혼합배출,건설폐재류,EMPTY,2.6,2.6,0.0,0.0
강원,동해시,종량제방식 등 혼합배출,기타(배출불명등),EMPTY,0.0,0.0,0.0,0.0
강원,동해시,"재활용 가능자원 분리배출",폐지류,종이팩,0.0,0.0,0.0,0.0
강원,동해시,"재활용 가능자원 분리배출",폐지류,기타,15.2,0.0,0.0,15.2
강원,동해시,"재활용 가능자원 분리배출",고철류,EMPTY,3.1,0.0,0.0,3.1
강원,동해시,"재활용 가능자원 분리배출",금속캔,EMPTY,0.2,0.0,0.0,0.2
강원,동해시,"재활용 가능자원 분리배출",폐합성수지류,비닐류,0.3,0.0,0.0,0.3
강원,동해시,"재활용 가능자원 분리배출",폐합성수지류,발포수지류,0.3,0.0,0.0,0.3
강원,동해시,"재활용 가능자원 분리배출",폐합성수지류,PET병,1.0,0.0,0.0,1.0
강원,동해시,"재활용 가능자원 분리배출",폐합성수지류,기타,1.2,0.0,0.0,1.2
강원,동해시,"재활용 가능자원 분리배출",폐고무류,EMPTY,0.0,0.0,0.0,0.0
강원,동해시,"재활용 가능자원 분리배출",폐유리병류,EMPTY,2.9,0.0,0.0,2.9
강원,동해시,"재활용 가능자원 분리배출",폐의류,EMPTY,0.3,0.0,0.0,0.3
강원,동해시,"재활용 가능자원 분리배출",폐섬유류,EMPTY,0.0,0.0,0.0,0.0
강원,동해시,"재활용 가능자원 분리배출",폐형광등,EMPTY,0.0,0.0,0.0,0.0
강원,동해시,"재활용 가능자원 분리배출",폐전지류,EMPTY,0.0,0.0,0.0,0.0
강원,동해시,"재활용 가능자원 분리배출",영농폐기물,농약용기류,0.0,0.0,0.0,0.0
강원,동해시,"재활용 가능자원 분리배출",영농폐기물,폐비닐,0.2,0.0,0.0,0.2
강원,동해시,"재활용 가능자원 분리배출",폐식용유,EMPTY,0.0,0.0,0.0,0.0
강원,동해시,"재활용 가능자원 분리배출",폐전기전자제품,EMPTY,0.0,0.0,0.0,0.0
강원,동해시,"재활용 가능자원 분리배출",폐가구류,EMPTY,0.2,0.0,0.0,0.2
강원,동해시,"재활용 가능자원 분리배출",기타,EMPTY,0.0,0.0,0.0,0.0
강원,동해시,"재활용 가능자원 분리배출",재활용 잔재물,EMPTY,0.8,0.8,0.0,0.0
강원,동해시,음식물류 폐기물 분리배출,EMPTY,EMPTY,26.8,0.0,0.0,26.8
강원,태백시,종량제방식 등 혼합배출,가연성,폐지류,6.1,0.0,6.1,0.0
강원,태백시,종량제방식 등 혼합배출,가연성,폐합성수지류,12.0,0.0,12.0,0.0
강원,태백시,종량제방식 등 혼합배출,가연성,폐고무류,0.0,0.0,0.0,0.0
강원,태백시,종량제방식 등 혼합배출,가연성,폐섬유류,0.2,0.0,0.2,0.0
강원,태백시,종량제방식 등 혼합배출,가연성,음식물류 폐기물,0.0,0.0,0.0,0.0
강원,태백시,종량제방식 등 혼합배출,가연성,폐목재류,0.5,0.0,0.5,0.0
강원,태백시,종량제방식 등 혼합배출,가연성,기타,5.5,0.0,5.5,0.0
강원,태백시,종량제방식 등 혼합배출,불연성,폐금속류,0.0,0.0,0.0,0.0
강원,태백시,종량제방식 등 혼합배출,불연성,폐유리류,0.0,0.0,0.0,0.0
강원,태백시,종량제방식 등 혼합배출,불연성,폐토사류,0.0,0.0,0.0,0.0
강원,태백시,종량제방식 등 혼합배출,불연성,폐타일 및 도자기류,0.0,0.0,0.0,0.0
강원,태백시,종량제방식 등 혼합배출,불연성,연탄재,23.2,23.2,0.0,0.0
강원,태백시,종량제방식 등 혼합배출,불연성,기타,9.0,9.0,0.0,0.0
강원,태백시,종량제방식 등 혼합배출,건설폐재류,EMPTY,0.0,0.0,0.0,0.0
강원,태백시,종량제방식 등 혼합배출,기타(배출불명등),EMPTY,0.0,0.0,0.0,0.0
강원,태백시,"재활용 가능자원 분리배출",폐지류,종이팩,0.0,0.0,0.0,0.0
강원,태백시,"재활용 가능자원 분리배출",폐지류,기타,1.1,0.0,0.0,1.1
강원,태백시,"재활용 가능자원 분리배출",고철류,EMPTY,0.2,0.0,0.0,0.2
강원,태백시,"재활용 가능자원 분리배출",금속캔,EMPTY,0.1,0.0,0.0,0.1
강원,태백시,"재활용 가능자원 분리배출",폐합성수지류,비닐류,0.0,0.0,0.0,0.0
강원,태백시,"재활용 가능자원 분리배출",폐합성수지류,발포수지류,0.0,0.0,0.0,0.0
강원,태백시,"재활용 가능자원 분리배출",폐합성수지류,PET병,0.2,0.0,0.0,0.2
강원,태백시,"재활용 가능자원 분리배출",폐합성수지류,기타,0.4,0.0,0.0,0.4
강원,태백시,"재활용 가능자원 분리배출",폐고무류,EMPTY,0.0,0.0,0.0,0.0
강원,태백시,"재활용 가능자원 분리배출",폐유리병류,EMPTY,0.4,0.0,0.0,0.4
강원,태백시,"재활용 가능자원 분리배출",폐의류,EMPTY,0.0,0.0,0.0,0.0
강원,태백시,"재활용 가능자원 분리배출",폐섬유류,EMPTY,0.0,0.0,0.0,0.0
강원,태백시,"재활용 가능자원 분리배출",폐형광등,EMPTY,0.0,0.0,0.0,0.0
강원,태백시,"재활용 가능자원 분리배출",폐전지류,EMPTY,0.0,0.0,0.0,0.0
강원,태백시,"재활용 가능자원 분리배출",영농폐기물,농약용기류,0.0,0.0,0.0,0.0
강원,태백시,"재활용 가능자원 분리배출",영농폐기물,폐비닐,0.4,0.0,0.0,0.4
강원,태백시,"재활용 가능자원 분리배출",폐식용유,EMPTY,0.0,0.0,0.0,0.0
강원,태백시,"재활용 가능자원 분리배출",폐전기전자제품,EMPTY,0.0,0.0,0.0,0.0
강원,태백시,"재활용 가능자원 분리배출",폐가구류,EMPTY,0.0,0.0,0.0,0.0
강원,태백시,"재활용 가능자원 분리배출",기타,EMPTY,0.0,0.0,0.0,0.0
강원,태백시,"재활용 가능자원 분리배출",재활용 잔재물,EMPTY,3.2,0.0,0.0,3.2
강원,태백시,음식물류 폐기물 분리배출,EMPTY,EMPTY,14.2,0.0,0.0,14.2
강원,속초시,종량제방식 등 혼합배출,가연성,폐지류,12.7,0.0,12.7,0.0
강원,속초시,종량제방식 등 혼합배출,가연성,폐합성수지류,0.0,0.0,0.0,0.0
강원,속초시,종량제방식 등 혼합배출,가연성,폐고무류,0.0,0.0,0.0,0.0
강원,속초시,종량제방식 등 혼합배출,가연성,폐섬유류,0.0,0.0,0.0,0.0
강원,속초시,종량제방식 등 혼합배출,가연성,음식물류 폐기물,2.7,0.0,2.7,0.0
강원,속초시,종량제방식 등 혼합배출,가연성,폐목재류,1.3,0.0,1.3,0.0
강원,속초시,종량제방식 등 혼합배출,가연성,기타,52.1,0.0,52.1,0.0
강원,속초시,종량제방식 등 혼합배출,불연성,폐금속류,0.0,0.0,0.0,0.0
강원,속초시,종량제방식 등 혼합배출,불연성,폐유리류,0.0,0.0,0.0,0.0
강원,속초시,종량제방식 등 혼합배출,불연성,폐토사류,0.0,0.0,0.0,0.0
강원,속초시,종량제방식 등 혼합배출,불연성,폐타일 및 도자기류,0.0,0.0,0.0,0.0
강원,속초시,종량제방식 등 혼합배출,불연성,연탄재,0.0,0.0,0.0,0.0
강원,속초시,종량제방식 등 혼합배출,불연성,기타,38.9,38.9,0.0,0.0
강원,속초시,종량제방식 등 혼합배출,건설폐재류,EMPTY,0.0,0.0,0.0,0.0
강원,속초시,종량제방식 등 혼합배출,기타(배출불명등),EMPTY,0.0,0.0,0.0,0.0
강원,속초시,"재활용 가능자원 분리배출",폐지류,종이팩,0.5,0.0,0.0,0.5
강원,속초시,"재활용 가능자원 분리배출",폐지류,기타,0.0,0.0,0.0,0.0
강원,속초시,"재활용 가능자원 분리배출",고철류,EMPTY,0.5,0.0,0.0,0.5
강원,속초시,"재활용 가능자원 분리배출",금속캔,EMPTY,0.0,0.0,0.0,0.0
강원,속초시,"재활용 가능자원 분리배출",폐합성수지류,비닐류,0.0,0.0,0.0,0.0
강원,속초시,"재활용 가능자원 분리배출",폐합성수지류,발포수지류,0.0,0.0,0.0,0.0
강원,속초시,"재활용 가능자원 분리배출",폐합성수지류,PET병,0.5,0.0,0.0,0.5
강원,속초시,"재활용 가능자원 분리배출",폐합성수지류,기타,0.5,0.0,0.0,0.5
강원,속초시,"재활용 가능자원 분리배출",폐고무류,EMPTY,0.0,0.0,0.0,0.0
강원,속초시,"재활용 가능자원 분리배출",폐유리병류,EMPTY,0.2,0.0,0.0,0.2
강원,속초시,"재활용 가능자원 분리배출",폐의류,EMPTY,0.0,0.0,0.0,0.0
강원,속초시,"재활용 가능자원 분리배출",폐섬유류,EMPTY,0.0,0.0,0.0,0.0
강원,속초시,"재활용 가능자원 분리배출",폐형광등,EMPTY,0.0,0.0,0.0,0.0
강원,속초시,"재활용 가능자원 분리배출",폐전지류,EMPTY,0.0,0.0,0.0,0.0
강원,속초시,"재활용 가능자원 분리배출",영농폐기물,농약용기류,0.0,0.0,0.0,0.0
강원,속초시,"재활용 가능자원 분리배출",영농폐기물,폐비닐,0.1,0.0,0.0,0.1
강원,속초시,"재활용 가능자원 분리배출",폐식용유,EMPTY,0.0,0.0,0.0,0.0
강원,속초시,"재활용 가능자원 분리배출",폐전기전자제품,EMPTY,0.0,0.0,0.0,0.0
강원,속초시,"재활용 가능자원 분리배출",폐가구류,EMPTY,0.0,0.0,0.0,0.0
강원,속초시,"재활용 가능자원 분리배출",기타,EMPTY,0.2,0.0,0.0,0.2
강원,속초시,"재활용 가능자원 분리배출",재활용 잔재물,EMPTY,5.6,0.0,0.0,5.6
강원,속초시,음식물류 폐기물 분리배출,EMPTY,EMPTY,8.2,6.4,1.5,0.3
강원,삼척시,종량제방식 등 혼합배출,가연성,폐지류,19.5,17.1,0.0,2.4
강원,삼척시,종량제방식 등 혼합배출,가연성,폐합성수지류,21.7,18.9,0.0,2.8
강원,삼척시,종량제방식 등 혼합배출,가연성,폐고무류,4.3,3.7,0.0,0.6
강원,삼척시,종량제방식 등 혼합배출,가연성,폐섬유류,2.2,1.9,0.0,0.3
강원,삼척시,종량제방식 등 혼합배출,가연성,음식물류 폐기물,0.4,0.4,0.0,0.0
강원,삼척시,종량제방식 등 혼합배출,가연성,폐목재류,0.7,0.7,0.0,0.0
강원,삼척시,종량제방식 등 혼합배출,가연성,기타,8.6,8.6,0.0,0.0
강원,삼척시,종량제방식 등 혼합배출,불연성,폐금속류,0.1,0.1,0.0,0.0
강원,삼척시,종량제방식 등 혼합배출,불연성,폐유리류,0.2,0.2,0.0,0.0
강원,삼척시,종량제방식 등 혼합배출,불연성,폐토사류,2.2,2.2,0.0,0.0
강원,삼척시,종량제방식 등 혼합배출,불연성,폐타일 및 도자기류,1.4,1.4,0.0,0.0
강원,삼척시,종량제방식 등 혼합배출,불연성,연탄재,7.2,7.2,0.0,0.0
강원,삼척시,종량제방식 등 혼합배출,불연성,기타,3.6,3.6,0.0,0.0
강원,삼척시,종량제방식 등 혼합배출,건설폐재류,EMPTY,13.4,13.4,0.0,0.0
강원,삼척시,종량제방식 등 혼합배출,기타(배출불명등),EMPTY,0.0,0.0,0.0,0.0
강원,삼척시,"재활용 가능자원 분리배출",폐지류,종이팩,0.1,0.0,0.0,0.1
강원,삼척시,"재활용 가능자원 분리배출",폐지류,기타,12.8,0.0,0.0,12.8
강원,삼척시,"재활용 가능자원 분리배출",고철류,EMPTY,0.7,0.0,0.0,0.7
강원,삼척시,"재활용 가능자원 분리배출",금속캔,EMPTY,0.6,0.0,0.0,0.6
강원,삼척시,"재활용 가능자원 분리배출",폐합성수지류,비닐류,0.0,0.0,0.0,0.0
강원,삼척시,"재활용 가능자원 분리배출",폐합성수지류,발포수지류,0.3,0.0,0.0,0.3
강원,삼척시,"재활용 가능자원 분리배출",폐합성수지류,PET병,1.9,0.0,0.0,1.9
강원,삼척시,"재활용 가능자원 분리배출",폐합성수지류,기타,1.3,0.0,0.0,1.3
강원,삼척시,"재활용 가능자원 분리배출",폐고무류,EMPTY,0.0,0.0,0.0,0.0
강원,삼척시,"재활용 가능자원 분리배출",폐유리병류,EMPTY,3.4,0.0,0.0,3.4
강원,삼척시,"재활용 가능자원 분리배출",폐의류,EMPTY,0.0,0.0,0.0,0.0
강원,삼척시,"재활용 가능자원 분리배출",폐섬유류,EMPTY,0.0,0.0,0.0,0.0
강원,삼척시,"재활용 가능자원 분리배출",폐형광등,EMPTY,0.0,0.0,0.0,0.0
강원,삼척시,"재활용 가능자원 분리배출",폐전지류,EMPTY,0.0,0.0,0.0,0.0
강원,삼척시,"재활용 가능자원 분리배출",영농폐기물,농약용기류,0.0,0.0,0.0,0.0
강원,삼척시,"재활용 가능자원 분리배출",영농폐기물,폐비닐,0.9,0.0,0.0,0.9
강원,삼척시,"재활용 가능자원 분리배출",폐식용유,EMPTY,0.0,0.0,0.0,0.0
강원,삼척시,"재활용 가능자원 분리배출",폐전기전자제품,EMPTY,0.5,0.0,0.0,0.5
강원,삼척시,"재활용 가능자원 분리배출",폐가구류,EMPTY,0.8,0.0,0.0,0.8
강원,삼척시,"재활용 가능자원 분리배출",기타,EMPTY,0.0,0.0,0.0,0.0
강원,삼척시,"재활용 가능자원 분리배출",재활용 잔재물,EMPTY,0.0,0.0,0.0,0.0
강원,삼척시,음식물류 폐기물 분리배출,EMPTY,EMPTY,10.1,0.1,0.0,10.0
강원,홍천군,종량제방식 등 혼합배출,가연성,폐지류,20.3,0.0,15.1,5.2
강원,홍천군,종량제방식 등 혼합배출,가연성,폐합성수지류,31.4,0.0,23.8,7.6
강원,홍천군,종량제방식 등 혼합배출,가연성,폐고무류,0.2,0.0,0.2,0.0
강원,홍천군,종량제방식 등 혼합배출,가연성,폐섬유류,2.4,0.0,2.1,0.3
강원,홍천군,종량제방식 등 혼합배출,가연성,음식물류 폐기물,3.6,0.0,1.4,2.2
강원,홍천군,종량제방식 등 혼합배출,가연성,폐목재류,2.3,0.0,2.2,0.1
강원,홍천군,종량제방식 등 혼합배출,가연성,기타,0.5,0.1,0.3,0.1
강원,홍천군,종량제방식 등 혼합배출,불연성,폐금속류,0.7,0.0,0.5,0.2
강원,홍천군,종량제방식 등 혼합배출,불연성,폐유리류,0.6,0.4,0.0,0.2
강원,홍천군,종량제방식 등 혼합배출,불연성,폐토사류,0.0,0.0,0.0,0.0
강원,홍천군,종량제방식 등 혼합배출,불연성,폐타일 및 도자기류,0.6,0.0,0.6,0.0
강원,홍천군,종량제방식 등 혼합배출,불연성,연탄재,1.4,1.4,0.0,0.0
강원,홍천군,종량제방식 등 혼합배출,불연성,기타,0.7,0.0,0.7,0.0
강원,홍천군,종량제방식 등 혼합배출,건설폐재류,EMPTY,0.0,0.0,0.0,0.0
강원,홍천군,종량제방식 등 혼합배출,기타(배출불명등),EMPTY,0.0,0.0,0.0,0.0
강원,홍천군,"재활용 가능자원 분리배출",폐지류,종이팩,0.0,0.0,0.0,0.0
강원,홍천군,"재활용 가능자원 분리배출",폐지류,기타,2.3,0.0,0.0,2.3
강원,홍천군,"재활용 가능자원 분리배출",고철류,EMPTY,0.4,0.0,0.0,0.4
강원,홍천군,"재활용 가능자원 분리배출",금속캔,EMPTY,0.5,0.0,0.0,0.5
강원,홍천군,"재활용 가능자원 분리배출",폐합성수지류,비닐류,0.0,0.0,0.0,0.0
강원,홍천군,"재활용 가능자원 분리배출",폐합성수지류,발포수지류,0.1,0.0,0.0,0.1
강원,홍천군,"재활용 가능자원 분리배출",폐합성수지류,PET병,1.9,0.0,0.0,1.9
강원,홍천군,"재활용 가능자원 분리배출",폐합성수지류,기타,0.0,0.0,0.0,0.0
강원,홍천군,"재활용 가능자원 분리배출",폐고무류,EMPTY,0.0,0.0,0.0,0.0
강원,홍천군,"재활용 가능자원 분리배출",폐유리병류,EMPTY,2.1,0.0,0.0,2.1
강원,홍천군,"재활용 가능자원 분리배출",폐의류,EMPTY,0.0,0.0,0.0,0.0
강원,홍천군,"재활용 가능자원 분리배출",폐섬유류,EMPTY,0.0,0.0,0.0,0.0
강원,홍천군,"재활용 가능자원 분리배출",폐형광등,EMPTY,0.0,0.0,0.0,0.0
강원,홍천군,"재활용 가능자원 분리배출",폐전지류,EMPTY,0.0,0.0,0.0,0.0
강원,홍천군,"재활용 가능자원 분리배출",영농폐기물,농약용기류,0.0,0.0,0.0,0.0
강원,홍천군,"재활용 가능자원 분리배출",영농폐기물,폐비닐,0.0,0.0,0.0,0.0
강원,홍천군,"재활용 가능자원 분리배출",폐식용유,EMPTY,0.0,0.0,0.0,0.0
강원,홍천군,"재활용 가능자원 분리배출",폐전기전자제품,EMPTY,0.0,0.0,0.0,0.0
강원,홍천군,"재활용 가능자원 분리배출",폐가구류,EMPTY,0.0,0.0,0.0,0.0
강원,홍천군,"재활용 가능자원 분리배출",기타,EMPTY,0.0,0.0,0.0,0.0
강원,홍천군,"재활용 가능자원 분리배출",재활용 잔재물,EMPTY,0.4,0.4,0.0,0.0
강원,홍천군,음식물류 폐기물 분리배출,EMPTY,EMPTY,17.3,0.0,15.2,2.1
강원,횡성군,종량제방식 등 혼합배출,가연성,폐지류,4.5,0.0,4.5,0.0
강원,횡성군,종량제방식 등 혼합배출,가연성,폐합성수지류,3.7,0.0,3.7,0.0
강원,횡성군,종량제방식 등 혼합배출,가연성,폐고무류,0.2,0.0,0.2,0.0
강원,횡성군,종량제방식 등 혼합배출,가연성,폐섬유류,0.6,0.0,0.6,0.0
강원,횡성군,종량제방식 등 혼합배출,가연성,음식물류 폐기물,1.0,0.0,1.0,0.0
강원,횡성군,종량제방식 등 혼합배출,가연성,폐목재류,0.5,0.0,0.5,0.0
강원,횡성군,종량제방식 등 혼합배출,가연성,기타,6.4,3.0,2.9,0.5
강원,횡성군,종량제방식 등 혼합배출,불연성,폐금속류,1.5,1.5,0.0,0.0
강원,횡성군,종량제방식 등 혼합배출,불연성,폐유리류,2.3,2.3,0.0,0.0
강원,횡성군,종량제방식 등 혼합배출,불연성,폐토사류,0.7,0.7,0.0,0.0
강원,횡성군,종량제방식 등 혼합배출,불연성,폐타일 및 도자기류,0.2,0.2,0.0,0.0
강원,횡성군,종량제방식 등 혼합배출,불연성,연탄재,0.2,0.2,0.0,0.0
강원,횡성군,종량제방식 등 혼합배출,불연성,기타,1.1,1.1,0.0,0.0
강원,횡성군,종량제방식 등 혼합배출,건설폐재류,EMPTY,0.0,0.0,0.0,0.0
강원,횡성군,종량제방식 등 혼합배출,기타(배출불명등),EMPTY,0.0,0.0,0.0,0.0
강원,횡성군,"재활용 가능자원 분리배출",폐지류,종이팩,0.0,0.0,0.0,0.0
강원,횡성군,"재활용 가능자원 분리배출",폐지류,기타,3.2,0.0,0.0,3.2
강원,횡성군,"재활용 가능자원 분리배출",고철류,EMPTY,0.1,0.0,0.0,0.1
강원,횡성군,"재활용 가능자원 분리배출",금속캔,EMPTY,0.3,0.0,0.0,0.3
강원,횡성군,"재활용 가능자원 분리배출",폐합성수지류,비닐류,0.0,0.0,0.0,0.0
강원,횡성군,"재활용 가능자원 분리배출",폐합성수지류,발포수지류,0.0,0.0,0.0,0.0
강원,횡성군,"재활용 가능자원 분리배출",폐합성수지류,PET병,0.5,0.0,0.0,0.5
강원,횡성군,"재활용 가능자원 분리배출",폐합성수지류,기타,1.0,0.0,0.0,1.0
강원,횡성군,"재활용 가능자원 분리배출",폐고무류,EMPTY,0.0,0.0,0.0,0.0
강원,횡성군,"재활용 가능자원 분리배출",폐유리병류,EMPTY,0.2,0.0,0.0,0.2
강원,횡성군,"재활용 가능자원 분리배출",폐의류,EMPTY,0.0,0.0,0.0,0.0
강원,횡성군,"재활용 가능자원 분리배출",폐섬유류,EMPTY,0.0,0.0,0.0,0.0
강원,횡성군,"재활용 가능자원 분리배출",폐형광등,EMPTY,0.0,0.0,0.0,0.0
강원,횡성군,"재활용 가능자원 분리배출",폐전지류,EMPTY,0.0,0.0,0.0,0.0
강원,횡성군,"재활용 가능자원 분리배출",영농폐기물,농약용기류,0.0,0.0,0.0,0.0
강원,횡성군,"재활용 가능자원 분리배출",영농폐기물,폐비닐,8.2,0.0,0.0,8.2
강원,횡성군,"재활용 가능자원 분리배출",폐식용유,EMPTY,0.0,0.0,0.0,0.0
강원,횡성군,"재활용 가능자원 분리배출",폐전기전자제품,EMPTY,0.1,0.0,0.0,0.1
강원,횡성군,"재활용 가능자원 분리배출",폐가구류,EMPTY,0.0,0.0,0.0,0.0
강원,횡성군,"재활용 가능자원 분리배출",기타,EMPTY,0.1,0.0,0.0,0.1
강원,횡성군,"재활용 가능자원 분리배출",재활용 잔재물,EMPTY,1.8,1.4,0.4,0.0
강원,횡성군,음식물류 폐기물 분리배출,EMPTY,EMPTY,12.9,0.0,0.0,12.9
강원,영월군,종량제방식 등 혼합배출,가연성,폐지류,5.3,0.0,5.3,0.0
강원,영월군,종량제방식 등 혼합배출,가연성,폐합성수지류,5.2,0.0,5.2,0.0
강원,영월군,종량제방식 등 혼합배출,가연성,폐고무류,0.2,0.0,0.2,0.0
강원,영월군,종량제방식 등 혼합배출,가연성,폐섬유류,0.8,0.0,0.8,0.0
강원,영월군,종량제방식 등 혼합배출,가연성,음식물류 폐기물,1.2,0.0,1.2,0.0
강원,영월군,종량제방식 등 혼합배출,가연성,폐목재류,0.5,0.0,0.5,0.0
강원,영월군,종량제방식 등 혼합배출,가연성,기타,3.4,0.0,3.4,0.0
강원,영월군,종량제방식 등 혼합배출,불연성,폐금속류,0.4,0.0,0.4,0.0
강원,영월군,종량제방식 등 혼합배출,불연성,폐유리류,0.7,0.7,0.0,0.0
강원,영월군,종량제방식 등 혼합배출,불연성,폐토사류,0.2,0.2,0.0,0.0
강원,영월군,종량제방식 등 혼합배출,불연성,폐타일 및 도자기류,0.1,0.1,0.0,0.0
강원,영월군,종량제방식 등 혼합배출,불연성,연탄재,0.1,0.1,0.0,0.0
강원,영월군,종량제방식 등 혼합배출,불연성,기타,0.3,0.3,0.0,0.0
강원,영월군,종량제방식 등 혼합배출,건설폐재류,EMPTY,0.0,0.0,0.0,0.0
강원,영월군,종량제방식 등 혼합배출,기타(배출불명등),EMPTY,0.0,0.0,0.0,0.0
강원,영월군,"재활용 가능자원 분리배출",폐지류,종이팩,0.7,0.0,0.0,0.7
강원,영월군,"재활용 가능자원 분리배출",폐지류,기타,0.0,0.0,0.0,0.0
강원,영월군,"재활용 가능자원 분리배출",고철류,EMPTY,0.1,0.0,0.0,0.1
강원,영월군,"재활용 가능자원 분리배출",금속캔,EMPTY,0.2,0.0,0.0,0.2
강원,영월군,"재활용 가능자원 분리배출",폐합성수지류,비닐류,0.0,0.0,0.0,0.0
강원,영월군,"재활용 가능자원 분리배출",폐합성수지류,발포수지류,0.0,0.0,0.0,0.0
강원,영월군,"재활용 가능자원 분리배출",폐합성수지류,PET병,0.8,0.0,0.0,0.8
강원,영월군,"재활용 가능자원 분리배출",폐합성수지류,기타,0.0,0.0,0.0,0.0
강원,영월군,"재활용 가능자원 분리배출",폐고무류,EMPTY,0.0,0.0,0.0,0.0
강원,영월군,"재활용 가능자원 분리배출",폐유리병류,EMPTY,0.9,0.0,0.0,0.9
강원,영월군,"재활용 가능자원 분리배출",폐의류,EMPTY,0.0,0.0,0.0,0.0
강원,영월군,"재활용 가능자원 분리배출",폐섬유류,EMPTY,0.0,0.0,0.0,0.0
강원,영월군,"재활용 가능자원 분리배출",폐형광등,EMPTY,0.0,0.0,0.0,0.0
강원,영월군,"재활용 가능자원 분리배출",폐전지류,EMPTY,0.0,0.0,0.0,0.0
강원,영월군,"재활용 가능자원 분리배출",영농폐기물,농약용기류,0.0,0.0,0.0,0.0
강원,영월군,"재활용 가능자원 분리배출",영농폐기물,폐비닐,0.0,0.0,0.0,0.0
강원,영월군,"재활용 가능자원 분리배출",폐식용유,EMPTY,0.0,0.0,0.0,0.0
강원,영월군,"재활용 가능자원 분리배출",폐전기전자제품,EMPTY,0.2,0.0,0.0,0.2
강원,영월군,"재활용 가능자원 분리배출",폐가구류,EMPTY,0.6,0.0,0.0,0.6
강원,영월군,"재활용 가능자원 분리배출",기타,EMPTY,0.6,0.0,0.0,0.6
강원,영월군,"재활용 가능자원 분리배출",재활용 잔재물,EMPTY,0.0,0.0,0.0,0.0
강원,영월군,음식물류 폐기물 분리배출,EMPTY,EMPTY,7.5,0.1,0.1,7.3
강원,평창군,종량제방식 등 혼합배출,가연성,폐지류,3.2,0.0,2.0,1.2
강원,평창군,종량제방식 등 혼합배출,가연성,폐합성수지류,2.6,0.0,1.7,0.9
강원,평창군,종량제방식 등 혼합배출,가연성,폐고무류,0.0,0.0,0.0,0.0
강원,평창군,종량제방식 등 혼합배출,가연성,폐섬유류,0.0,0.0,0.0,0.0
강원,평창군,종량제방식 등 혼합배출,가연성,음식물류 폐기물,0.0,0.0,0.0,0.0
강원,평창군,종량제방식 등 혼합배출,가연성,폐목재류,1.4,0.0,0.7,0.7
강원,평창군,종량제방식 등 혼합배출,가연성,기타,2.2,0.0,1.2,1.0
강원,평창군,종량제방식 등 혼합배출,불연성,폐금속류,0.8,0.0,0.2,0.6
강원,평창군,종량제방식 등 혼합배출,불연성,폐유리류,0.3,0.0,0.3,0.0
강원,평창군,종량제방식 등 혼합배출,불연성,폐토사류,0.1,0.0,0.1,0.0
강원,평창군,종량제방식 등 혼합배출,불연성,폐타일 및 도자기류,0.4,0.4,0.0,0.0
강원,평창군,종량제방식 등 혼합배출,불연성,연탄재,2.8,2.8,0.0,0.0
강원,평창군,종량제방식 등 혼합배출,불연성,기타,0.0,0.0,0.0,0.0
강원,평창군,종량제방식 등 혼합배출,건설폐재류,EMPTY,0.0,0.0,0.0,0.0
강원,평창군,종량제방식 등 혼합배출,기타(배출불명등),EMPTY,0.0,0.0,0.0,0.0
강원,평창군,"재활용 가능자원 분리배출",폐지류,종이팩,0.0,0.0,0.0,0.0
강원,평창군,"재활용 가능자원 분리배출",폐지류,기타,2.0,0.0,0.0,2.0
강원,평창군,"재활용 가능자원 분리배출",고철류,EMPTY,0.3,0.0,0.0,0.3
강원,평창군,"재활용 가능자원 분리배출",금속캔,EMPTY,0.2,0.0,0.0,0.2
강원,평창군,"재활용 가능자원 분리배출",폐합성수지류,비닐류,0.0,0.0,0.0,0.0
강원,평창군,"재활용 가능자원 분리배출",폐합성수지류,발포수지류,1.6,0.0,0.0,1.6
강원,평창군,"재활용 가능자원 분리배출",폐합성수지류,PET병,1.1,0.0,0.0,1.1
강원,평창군,"재활용 가능자원 분리배출",폐합성수지류,기타,0.0,0.0,0.0,0.0
강원,평창군,"재활용 가능자원 분리배출",폐고무류,EMPTY,0.0,0.0,0.0,0.0
강원,평창군,"재활용 가능자원 분리배출",폐유리병류,EMPTY,1.2,0.0,0.0,1.2
강원,평창군,"재활용 가능자원 분리배출",폐의류,EMPTY,0.0,0.0,0.0,0.0
강원,평창군,"재활용 가능자원 분리배출",폐섬유류,EMPTY,0.0,0.0,0.0,0.0
강원,평창군,"재활용 가능자원 분리배출",폐형광등,EMPTY,0.0,0.0,0.0,0.0
강원,평창군,"재활용 가능자원 분리배출",폐전지류,EMPTY,0.0,0.0,0.0,0.0
강원,평창군,"재활용 가능자원 분리배출",영농폐기물,농약용기류,15.4,0.0,0.0,15.4
강원,평창군,"재활용 가능자원 분리배출",영농폐기물,폐비닐,0.1,0.0,0.0,0.1
강원,평창군,"재활용 가능자원 분리배출",폐식용유,EMPTY,0.0,0.0,0.0,0.0
강원,평창군,"재활용 가능자원 분리배출",폐전기전자제품,EMPTY,1.2,0.0,0.0,1.2
강원,평창군,"재활용 가능자원 분리배출",폐가구류,EMPTY,0.0,0.0,0.0,0.0
강원,평창군,"재활용 가능자원 분리배출",기타,EMPTY,0.0,0.0,0.0,0.0
강원,평창군,"재활용 가능자원 분리배출",재활용 잔재물,EMPTY,0.7,0.3,0.4,0.0
강원,평창군,음식물류 폐기물 분리배출,EMPTY,EMPTY,15.5,0.0,0.0,15.5
강원,정선군,종량제방식 등 혼합배출,가연성,폐지류,0.2,0.1,0.1,0.0
강원,정선군,종량제방식 등 혼합배출,가연성,폐합성수지류,1.3,0.6,0.1,0.6
강원,정선군,종량제방식 등 혼합배출,가연성,폐고무류,0.0,0.0,0.0,0.0
강원,정선군,종량제방식 등 혼합배출,가연성,폐섬유류,0.2,0.0,0.1,0.1
강원,정선군,종량제방식 등 혼합배출,가연성,음식물류 폐기물,0.0,0.0,0.0,0.0
강원,정선군,종량제방식 등 혼합배출,가연성,폐목재류,1.4,0.9,0.5,0.0
강원,정선군,종량제방식 등 혼합배출,가연성,기타,2.7,0.0,2.7,0.0
강원,정선군,종량제방식 등 혼합배출,불연성,폐금속류,0.3,0.1,0.0,0.2
강원,정선군,종량제방식 등 혼합배출,불연성,폐유리류,0.5,0.1,0.0,0.4
강원,정선군,종량제방식 등 혼합배출,불연성,폐토사류,0.9,0.9,0.0,0.0
강원,정선군,종량제방식 등 혼합배출,불연성,폐타일 및 도자기류,0.1,0.1,0.0,0.0
강원,정선군,종량제방식 등 혼합배출,불연성,연탄재,2.5,2.5,0.0,0.0
강원,정선군,종량제방식 등 혼합배출,불연성,기타,10.8,10.7,0.0,0.1
강원,정선군,종량제방식 등 혼합배출,건설폐재류,EMPTY,2.0,2.0,0.0,0.0
강원,정선군,종량제방식 등 혼합배출,기타(배출불명등),EMPTY,0.1,0.1,0.0,0.0
강원,정선군,"재활용 가능자원 분리배출",폐지류,종이팩,0.0,0.0,0.0,0.0
강원,정선군,"재활용 가능자원 분리배출",폐지류,기타,0.0,0.0,0.0,0.0
강원,정선군,"재활용 가능자원 분리배출",고철류,EMPTY,0.1,0.0,0.0,0.1
강원,정선군,"재활용 가능자원 분리배출",금속캔,EMPTY,0.1,0.0,0.0,0.1
강원,정선군,"재활용 가능자원 분리배출",폐합성수지류,비닐류,0.0,0.0,0.0,0.0
강원,정선군,"재활용 가능자원 분리배출",폐합성수지류,발포수지류,0.0,0.0,0.0,0.0
강원,정선군,"재활용 가능자원 분리배출",폐합성수지류,PET병,0.0,0.0,0.0,0.0
강원,정선군,"재활용 가능자원 분리배출",폐합성수지류,기타,0.6,0.0,0.0,0.6
강원,정선군,"재활용 가능자원 분리배출",폐고무류,EMPTY,0.0,0.0,0.0,0.0
강원,정선군,"재활용 가능자원 분리배출",폐유리병류,EMPTY,0.1,0.0,0.0,0.1
강원,정선군,"재활용 가능자원 분리배출",폐의류,EMPTY,0.0,0.0,0.0,0.0
강원,정선군,"재활용 가능자원 분리배출",폐섬유류,EMPTY,0.0,0.0,0.0,0.0
강원,정선군,"재활용 가능자원 분리배출",폐형광등,EMPTY,0.0,0.0,0.0,0.0
강원,정선군,"재활용 가능자원 분리배출",폐전지류,EMPTY,0.0,0.0,0.0,0.0
강원,정선군,"재활용 가능자원 분리배출",영농폐기물,농약용기류,0.0,0.0,0.0,0.0
강원,정선군,"재활용 가능자원 분리배출",영농폐기물,폐비닐,0.0,0.0,0.0,0.0
강원,정선군,"재활용 가능자원 분리배출",폐식용유,EMPTY,0.0,0.0,0.0,0.0
강원,정선군,"재활용 가능자원 분리배출",폐전기전자제품,EMPTY,0.0,0.0,0.0,0.0
강원,정선군,"재활용 가능자원 분리배출",폐가구류,EMPTY,0.1,0.0,0.0,0.1
강원,정선군,"재활용 가능자원 분리배출",기타,EMPTY,0.0,0.0,0.0,0.0
강원,정선군,"재활용 가능자원 분리배출",재활용 잔재물,EMPTY,0.2,0.2,0.0,0.0
강원,정선군,음식물류 폐기물 분리배출,EMPTY,EMPTY,25.3,0.0,0.0,25.3
강원,철원군,종량제방식 등 혼합배출,가연성,폐지류,9.1,5.0,4.1,0.0
강원,철원군,종량제방식 등 혼합배출,가연성,폐합성수지류,7.4,4.1,3.3,0.0
강원,철원군,종량제방식 등 혼합배출,가연성,폐고무류,0.3,0.2,0.1,0.0
강원,철원군,종량제방식 등 혼합배출,가연성,폐섬유류,1.3,0.7,0.6,0.0
강원,철원군,종량제방식 등 혼합배출,가연성,음식물류 폐기물,2.0,1.1,0.9,0.0
강원,철원군,종량제방식 등 혼합배출,가연성,폐목재류,0.9,0.5,0.4,0.0
강원,철원군,종량제방식 등 혼합배출,가연성,기타,5.8,3.2,2.6,0.0
강원,철원군,종량제방식 등 혼합배출,불연성,폐금속류,0.7,0.4,0.3,0.0
강원,철원군,종량제방식 등 혼합배출,불연성,폐유리류,1.1,0.6,0.5,0.0
강원,철원군,종량제방식 등 혼합배출,불연성,폐토사류,0.3,0.2,0.1,0.0
강원,철원군,종량제방식 등 혼합배출,불연성,폐타일 및 도자기류,0.1,0.1,0.0,0.0
강원,철원군,종량제방식 등 혼합배출,불연성,연탄재,0.2,0.1,0.1,0.0
강원,철원군,종량제방식 등 혼합배출,불연성,기타,0.5,0.3,0.2,0.0
강원,철원군,종량제방식 등 혼합배출,건설폐재류,EMPTY,0.0,0.0,0.0,0.0
강원,철원군,종량제방식 등 혼합배출,기타(배출불명등),EMPTY,0.6,0.6,0.0,0.0
강원,철원군,"재활용 가능자원 분리배출",폐지류,종이팩,0.0,0.0,0.0,0.0
강원,철원군,"재활용 가능자원 분리배출",폐지류,기타,0.9,0.0,0.0,0.9
강원,철원군,"재활용 가능자원 분리배출",고철류,EMPTY,0.2,0.0,0.0,0.2
강원,철원군,"재활용 가능자원 분리배출",금속캔,EMPTY,0.2,0.0,0.0,0.2
강원,철원군,"재활용 가능자원 분리배출",폐합성수지류,비닐류,0.0,0.0,0.0,0.0
강원,철원군,"재활용 가능자원 분리배출",폐합성수지류,발포수지류,0.0,0.0,0.0,0.0
강원,철원군,"재활용 가능자원 분리배출",폐합성수지류,PET병,0.1,0.0,0.0,0.1
강원,철원군,"재활용 가능자원 분리배출",폐합성수지류,기타,0.6,0.0,0.0,0.6
강원,철원군,"재활용 가능자원 분리배출",폐고무류,EMPTY,0.0,0.0,0.0,0.0
강원,철원군,"재활용 가능자원 분리배출",폐유리병류,EMPTY,0.8,0.0,0.0,0.8
강원,철원군,"재활용 가능자원 분리배출",폐의류,EMPTY,0.0,0.0,0.0,0.0
강원,철원군,"재활용 가능자원 분리배출",폐섬유류,EMPTY,0.0,0.0,0.0,0.0
강원,철원군,"재활용 가능자원 분리배출",폐형광등,EMPTY,0.0,0.0,0.0,0.0
강원,철원군,"재활용 가능자원 분리배출",폐전지류,EMPTY,0.0,0.0,0.0,0.0
강원,철원군,"재활용 가능자원 분리배출",영농폐기물,농약용기류,0.0,0.0,0.0,0.0
강원,철원군,"재활용 가능자원 분리배출",영농폐기물,폐비닐,0.0,0.0,0.0,0.0
강원,철원군,"재활용 가능자원 분리배출",폐식용유,EMPTY,0.0,0.0,0.0,0.0
강원,철원군,"재활용 가능자원 분리배출",폐전기전자제품,EMPTY,0.0,0.0,0.0,0.0
강원,철원군,"재활용 가능자원 분리배출",폐가구류,EMPTY,0.0,0.0,0.0,0.0
강원,철원군,"재활용 가능자원 분리배출",기타,EMPTY,0.1,0.0,0.0,0.1
강원,철원군,"재활용 가능자원 분리배출",재활용 잔재물,EMPTY,3.2,0.7,2.5,0.0
강원,철원군,음식물류 폐기물 분리배출,EMPTY,EMPTY,10.8,9.5,0.0,1.3
강원,화천군,종량제방식 등 혼합배출,가연성,폐지류,17.4,12.5,4.9,0.0
강원,화천군,종량제방식 등 혼합배출,가연성,폐합성수지류,17.8,12.8,5.0,0.0
강원,화천군,종량제방식 등 혼합배출,가연성,폐고무류,1.0,0.7,0.3,0.0
강원,화천군,종량제방식 등 혼합배출,가연성,폐섬유류,4.7,3.4,1.3,0.0
강원,화천군,종량제방식 등 혼합배출,가연성,음식물류 폐기물,1.9,1.4,0.5,0.0
강원,화천군,종량제방식 등 혼합배출,가연성,폐목재류,0.8,0.6,0.2,0.0
강원,화천군,종량제방식 등 혼합배출,가연성,기타,0.4,0.3,0.1,0.0
강원,화천군,종량제방식 등 혼합배출,불연성,폐금속류,1.0,0.7,0.3,0.0
강원,화천군,종량제방식 등 혼합배출,불연성,폐유리류,1.1,0.8,0.3,0.0
강원,화천군,종량제방식 등 혼합배출,불연성,폐토사류,1.8,1.3,0.5,0.0
강원,화천군,종량제방식 등 혼합배출,불연성,폐타일 및 도자기류,0.0,0.0,0.0,0.0
강원,화천군,종량제방식 등 혼합배출,불연성,연탄재,0.0,0.0,0.0,0.0
강원,화천군,종량제방식 등 혼합배출,불연성,기타,0.0,0.0,0.0,0.0
강원,화천군,종량제방식 등 혼합배출,건설폐재류,EMPTY,0.0,0.0,0.0,0.0
강원,화천군,종량제방식 등 혼합배출,기타(배출불명등),EMPTY,0.0,0.0,0.0,0.0
강원,화천군,"재활용 가능자원 분리배출",폐지류,종이팩,0.1,0.0,0.0,0.1
강원,화천군,"재활용 가능자원 분리배출",폐지류,기타,0.3,0.0,0.0,0.3
강원,화천군,"재활용 가능자원 분리배출",고철류,EMPTY,0.1,0.0,0.0,0.1
강원,화천군,"재활용 가능자원 분리배출",금속캔,EMPTY,0.1,0.0,0.0,0.1
강원,화천군,"재활용 가능자원 분리배출",폐합성수지류,비닐류,0.1,0.0,0.0,0.1
강원,화천군,"재활용 가능자원 분리배출",폐합성수지류,발포수지류,0.0,0.0,0.0,0.0
강원,화천군,"재활용 가능자원 분리배출",폐합성수지류,PET병,0.3,0.0,0.0,0.3
강원,화천군,"재활용 가능자원 분리배출",폐합성수지류,기타,0.0,0.0,0.0,0.0
강원,화천군,"재활용 가능자원 분리배출",폐고무류,EMPTY,0.0,0.0,0.0,0.0
강원,화천군,"재활용 가능자원 분리배출",폐유리병류,EMPTY,0.2,0.0,0.0,0.2
강원,화천군,"재활용 가능자원 분리배출",폐의류,EMPTY,0.0,0.0,0.0,0.0
강원,화천군,"재활용 가능자원 분리배출",폐섬유류,EMPTY,0.0,0.0,0.0,0.0
강원,화천군,"재활용 가능자원 분리배출",폐형광등,EMPTY,0.0,0.0,0.0,0.0
강원,화천군,"재활용 가능자원 분리배출",폐전지류,EMPTY,0.0,0.0,0.0,0.0
강원,화천군,"재활용 가능자원 분리배출",영농폐기물,농약용기류,0.0,0.0,0.0,0.0
강원,화천군,"재활용 가능자원 분리배출",영농폐기물,폐비닐,2.0,0.0,0.0,2.0
강원,화천군,"재활용 가능자원 분리배출",폐식용유,EMPTY,0.0,0.0,0.0,0.0
강원,화천군,"재활용 가능자원 분리배출",폐전기전자제품,EMPTY,2.2,0.0,0.0,2.2
강원,화천군,"재활용 가능자원 분리배출",폐가구류,EMPTY,0.2,0.0,0.0,0.2
강원,화천군,"재활용 가능자원 분리배출",기타,EMPTY,0.1,0.0,0.0,0.1
강원,화천군,"재활용 가능자원 분리배출",재활용 잔재물,EMPTY,0.5,0.2,0.3,0.0
강원,화천군,음식물류 폐기물 분리배출,EMPTY,EMPTY,3.0,3.0,0.0,0.0
강원,양구군,종량제방식 등 혼합배출,가연성,폐지류,4.0,2.7,1.3,0.0
강원,양구군,종량제방식 등 혼합배출,가연성,폐합성수지류,3.7,2.1,1.2,0.4
강원,양구군,종량제방식 등 혼합배출,가연성,폐고무류,0.1,0.1,0.0,0.0
강원,양구군,종량제방식 등 혼합배출,가연성,폐섬유류,0.9,0.6,0.3,0.0
강원,양구군,종량제방식 등 혼합배출,가연성,음식물류 폐기물,1.3,1.3,0.0,0.0
강원,양구군,종량제방식 등 혼합배출,가연성,폐목재류,0.3,0.0,0.3,0.0
강원,양구군,종량제방식 등 혼합배출,가연성,기타,7.7,3.2,4.5,0.0
강원,양구군,종량제방식 등 혼합배출,불연성,폐금속류,0.3,0.2,0.0,0.1
강원,양구군,종량제방식 등 혼합배출,불연성,폐유리류,0.4,0.3,0.0,0.1
강원,양구군,종량제방식 등 혼합배출,불연성,폐토사류,0.1,0.1,0.0,0.0
강원,양구군,종량제방식 등 혼합배출,불연성,폐타일 및 도자기류,0.0,0.0,0.0,0.0
강원,양구군,종량제방식 등 혼합배출,불연성,연탄재,0.0,0.0,0.0,0.0
강원,양구군,종량제방식 등 혼합배출,불연성,기타,0.5,0.5,0.0,0.0
강원,양구군,종량제방식 등 혼합배출,건설폐재류,EMPTY,0.0,0.0,0.0,0.0
강원,양구군,종량제방식 등 혼합배출,기타(배출불명등),EMPTY,0.0,0.0,0.0,0.0
강원,양구군,"재활용 가능자원 분리배출",폐지류,종이팩,0.0,0.0,0.0,0.0
강원,양구군,"재활용 가능자원 분리배출",폐지류,기타,0.0,0.0,0.0,0.0
강원,양구군,"재활용 가능자원 분리배출",고철류,EMPTY,0.1,0.0,0.0,0.1
강원,양구군,"재활용 가능자원 분리배출",금속캔,EMPTY,0.1,0.0,0.0,0.1
강원,양구군,"재활용 가능자원 분리배출",폐합성수지류,비닐류,0.0,0.0,0.0,0.0
강원,양구군,"재활용 가능자원 분리배출",폐합성수지류,발포수지류,0.0,0.0,0.0,0.0
강원,양구군,"재활용 가능자원 분리배출",폐합성수지류,PET병,0.0,0.0,0.0,0.0
강원,양구군,"재활용 가능자원 분리배출",폐합성수지류,기타,0.0,0.0,0.0,0.0
강원,양구군,"재활용 가능자원 분리배출",폐고무류,EMPTY,0.0,0.0,0.0,0.0
강원,양구군,"재활용 가능자원 분리배출",폐유리병류,EMPTY,0.1,0.0,0.0,0.1
강원,양구군,"재활용 가능자원 분리배출",폐의류,EMPTY,0.0,0.0,0.0,0.0
강원,양구군,"재활용 가능자원 분리배출",폐섬유류,EMPTY,0.0,0.0,0.0,0.0
강원,양구군,"재활용 가능자원 분리배출",폐형광등,EMPTY,0.0,0.0,0.0,0.0
강원,양구군,"재활용 가능자원 분리배출",폐전지류,EMPTY,0.0,0.0,0.0,0.0
강원,양구군,"재활용 가능자원 분리배출",영농폐기물,농약용기류,0.0,0.0,0.0,0.0
강원,양구군,"재활용 가능자원 분리배출",영농폐기물,폐비닐,2.6,0.0,0.0,2.6
강원,양구군,"재활용 가능자원 분리배출",폐식용유,EMPTY,0.0,0.0,0.0,0.0
강원,양구군,"재활용 가능자원 분리배출",폐전기전자제품,EMPTY,0.0,0.0,0.0,0.0
강원,양구군,"재활용 가능자원 분리배출",폐가구류,EMPTY,0.0,0.0,0.0,0.0
강원,양구군,"재활용 가능자원 분리배출",기타,EMPTY,0.0,0.0,0.0,0.0
강원,양구군,"재활용 가능자원 분리배출",재활용 잔재물,EMPTY,0.3,0.3,0.0,0.0
강원,양구군,음식물류 폐기물 분리배출,EMPTY,EMPTY,7.8,0.0,0.0,7.8
강원,인제군,종량제방식 등 혼합배출,가연성,폐지류,4.1,0.0,4.1,0.0
강원,인제군,종량제방식 등 혼합배출,가연성,폐합성수지류,0.0,0.0,0.0,0.0
강원,인제군,종량제방식 등 혼합배출,가연성,폐고무류,0.1,0.0,0.1,0.0
강원,인제군,종량제방식 등 혼합배출,가연성,폐섬유류,0.6,0.0,0.6,0.0
강원,인제군,종량제방식 등 혼합배출,가연성,음식물류 폐기물,3.6,3.6,0.0,0.0
강원,인제군,종량제방식 등 혼합배출,가연성,폐목재류,0.4,0.0,0.4,0.0
강원,인제군,종량제방식 등 혼합배출,가연성,기타,6.8,0.0,6.8,0.0
강원,인제군,종량제방식 등 혼합배출,불연성,폐금속류,0.0,0.0,0.0,0.0
강원,인제군,종량제방식 등 혼합배출,불연성,폐유리류,3.7,3.7,0.0,0.0
강원,인제군,종량제방식 등 혼합배출,불연성,폐토사류,1.1,1.1,0.0,0.0
강원,인제군,종량제방식 등 혼합배출,불연성,폐타일 및 도자기류,0.4,0.4,0.0,0.0
강원,인제군,종량제방식 등 혼합배출,불연성,연탄재,0.4,0.4,0.0,0.0
강원,인제군,종량제방식 등 혼합배출,불연성,기타,4.3,4.3,0.0,0.0
강원,인제군,종량제방식 등 혼합배출,건설폐재류,EMPTY,0.0,0.0,0.0,0.0
강원,인제군,종량제방식 등 혼합배출,기타(배출불명등),EMPTY,9.2,0.0,0.0,8.0
강원,인제군,"재활용 가능자원 분리배출",폐지류,종이팩,0.0,0.0,0.0,0.0
강원,인제군,"재활용 가능자원 분리배출",폐지류,기타,2.0,0.0,0.0,2.0
강원,인제군,"재활용 가능자원 분리배출",고철류,EMPTY,0.3,0.0,0.0,0.3
강원,인제군,"재활용 가능자원 분리배출",금속캔,EMPTY,0.3,0.0,0.0,0.3
강원,인제군,"재활용 가능자원 분리배출",폐합성수지류,비닐류,0.0,0.0,0.0,0.0
강원,인제군,"재활용 가능자원 분리배출",폐합성수지류,발포수지류,0.0,0.0,0.0,0.0
강원,인제군,"재활용 가능자원 분리배출",폐합성수지류,PET병,1.3,0.0,0.0,1.3
강원,인제군,"재활용 가능자원 분리배출",폐합성수지류,기타,0.6,0.0,0.0,0.6
강원,인제군,"재활용 가능자원 분리배출",폐고무류,EMPTY,0.0,0.0,0.0,0.0
강원,인제군,"재활용 가능자원 분리배출",폐유리병류,EMPTY,0.0,0.0,0.0,0.0
강원,인제군,"재활용 가능자원 분리배출",폐의류,EMPTY,0.1,0.0,0.0,0.1
강원,인제군,"재활용 가능자원 분리배출",폐섬유류,EMPTY,0.0,0.0,0.0,0.0
강원,인제군,"재활용 가능자원 분리배출",폐형광등,EMPTY,0.0,0.0,0.0,0.0
강원,인제군,"재활용 가능자원 분리배출",폐전지류,EMPTY,0.0,0.0,0.0,0.0
강원,인제군,"재활용 가능자원 분리배출",영농폐기물,농약용기류,0.0,0.0,0.0,0.0
강원,인제군,"재활용 가능자원 분리배출",영농폐기물,폐비닐,0.0,0.0,0.0,0.0
강원,인제군,"재활용 가능자원 분리배출",폐식용유,EMPTY,0.0,0.0,0.0,0.0
강원,인제군,"재활용 가능자원 분리배출",폐전기전자제품,EMPTY,0.0,0.0,0.0,0.0
강원,인제군,"재활용 가능자원 분리배출",폐가구류,EMPTY,0.0,0.0,0.0,0.0
강원,인제군,"재활용 가능자원 분리배출",기타,EMPTY,1.0,0.0,0.0,1.0
강원,인제군,"재활용 가능자원 분리배출",재활용 잔재물,EMPTY,0.9,0.9,0.0,0.0
강원,인제군,음식물류 폐기물 분리배출,EMPTY,EMPTY,4.1,3.6,0.0,0.5
강원,고성군,종량제방식 등 혼합배출,가연성,폐지류,0.0,0.0,0.0,0.0
강원,고성군,종량제방식 등 혼합배출,가연성,폐합성수지류,0.0,0.0,0.0,0.0
강원,고성군,종량제방식 등 혼합배출,가연성,폐고무류,0.0,0.0,0.0,0.0
강원,고성군,종량제방식 등 혼합배출,가연성,폐섬유류,0.0,0.0,0.0,0.0
강원,고성군,종량제방식 등 혼합배출,가연성,음식물류 폐기물,0.0,0.0,0.0,0.0
강원,고성군,종량제방식 등 혼합배출,가연성,폐목재류,1.9,0.0,0.0,0.0
강원,고성군,종량제방식 등 혼합배출,가연성,기타,8.1,0.0,4.3,0.0
강원,고성군,종량제방식 등 혼합배출,불연성,폐금속류,0.0,0.0,0.0,0.0
강원,고성군,종량제방식 등 혼합배출,불연성,폐유리류,0.0,0.0,0.0,0.0
강원,고성군,종량제방식 등 혼합배출,불연성,폐토사류,0.0,0.0,0.0,0.0
강원,고성군,종량제방식 등 혼합배출,불연성,폐타일 및 도자기류,0.0,0.0,0.0,0.0
강원,고성군,종량제방식 등 혼합배출,불연성,연탄재,0.0,0.0,0.0,0.0
강원,고성군,종량제방식 등 혼합배출,불연성,기타,18.5,18.5,0.0,0.0
강원,고성군,종량제방식 등 혼합배출,건설폐재류,EMPTY,0.0,0.0,0.0,0.0
강원,고성군,종량제방식 등 혼합배출,기타(배출불명등),EMPTY,0.0,0.0,0.0,0.0
강원,고성군,"재활용 가능자원 분리배출",폐지류,종이팩,0.0,0.0,0.0,0.0
강원,고성군,"재활용 가능자원 분리배출",폐지류,기타,0.3,0.0,0.0,0.3
강원,고성군,"재활용 가능자원 분리배출",고철류,EMPTY,0.1,0.0,0.0,0.1
강원,고성군,"재활용 가능자원 분리배출",금속캔,EMPTY,0.1,0.0,0.0,0.1
강원,고성군,"재활용 가능자원 분리배출",폐합성수지류,비닐류,0.4,0.0,0.0,0.4
강원,고성군,"재활용 가능자원 분리배출",폐합성수지류,발포수지류,0.1,0.0,0.0,0.1
강원,고성군,"재활용 가능자원 분리배출",폐합성수지류,PET병,0.5,0.0,0.0,0.5
강원,고성군,"재활용 가능자원 분리배출",폐합성수지류,기타,0.5,0.0,0.0,0.5
강원,고성군,"재활용 가능자원 분리배출",폐고무류,EMPTY,0.0,0.0,0.0,0.0
강원,고성군,"재활용 가능자원 분리배출",폐유리병류,EMPTY,0.6,0.0,0.0,0.6
강원,고성군,"재활용 가능자원 분리배출",폐의류,EMPTY,0.0,0.0,0.0,0.0
강원,고성군,"재활용 가능자원 분리배출",폐섬유류,EMPTY,0.0,0.0,0.0,0.0
강원,고성군,"재활용 가능자원 분리배출",폐형광등,EMPTY,0.0,0.0,0.0,0.0
강원,고성군,"재활용 가능자원 분리배출",폐전지류,EMPTY,0.0,0.0,0.0,0.0
강원,고성군,"재활용 가능자원 분리배출",영농폐기물,농약용기류,0.0,0.0,0.0,0.0
강원,고성군,"재활용 가능자원 분리배출",영농폐기물,폐비닐,0.4,0.0,0.0,0.4
강원,고성군,"재활용 가능자원 분리배출",폐식용유,EMPTY,0.0,0.0,0.0,0.0
강원,고성군,"재활용 가능자원 분리배출",폐전기전자제품,EMPTY,0.0,0.0,0.0,0.0
강원,고성군,"재활용 가능자원 분리배출",폐가구류,EMPTY,0.0,0.0,0.0,0.0
강원,고성군,"재활용 가능자원 분리배출",기타,EMPTY,0.1,0.0,0.0,0.1
강원,고성군,"재활용 가능자원 분리배출",재활용 잔재물,EMPTY,0.7,0.7,0.0,0.0
강원,고성군,음식물류 폐기물 분리배출,EMPTY,EMPTY,4.8,2.7,0.0,0.8
강원,양양군,종량제방식 등 혼합배출,가연성,폐지류,7.6,0.0,7.6,0.0
강원,양양군,종량제방식 등 혼합배출,가연성,폐합성수지류,5.8,0.0,5.8,0.0
강원,양양군,종량제방식 등 혼합배출,가연성,폐고무류,0.2,0.0,0.2,0.0
강원,양양군,종량제방식 등 혼합배출,가연성,폐섬유류,0.8,0.0,0.8,0.0
강원,양양군,종량제방식 등 혼합배출,가연성,음식물류 폐기물,1.1,0.0,1.1,0.0
강원,양양군,종량제방식 등 혼합배출,가연성,폐목재류,0.7,0.0,0.3,0.4
강원,양양군,종량제방식 등 혼합배출,가연성,기타,6.3,0.0,6.3,0.0
강원,양양군,종량제방식 등 혼합배출,불연성,폐금속류,2.1,2.1,0.0,0.0
강원,양양군,종량제방식 등 혼합배출,불연성,폐유리류,1.7,1.7,0.0,0.0
강원,양양군,종량제방식 등 혼합배출,불연성,폐토사류,0.3,0.3,0.0,0.0
강원,양양군,종량제방식 등 혼합배출,불연성,폐타일 및 도자기류,0.5,0.5,0.0,0.0
강원,양양군,종량제방식 등 혼합배출,불연성,연탄재,0.8,0.8,0.0,0.0
강원,양양군,종량제방식 등 혼합배출,불연성,기타,1.6,1.6,0.0,0.0
강원,양양군,종량제방식 등 혼합배출,건설폐재류,EMPTY,0.0,0.0,0.0,0.0
강원,양양군,종량제방식 등 혼합배출,기타(배출불명등),EMPTY,0.0,0.0,0.0,0.0
강원,양양군,"재활용 가능자원 분리배출",폐지류,종이팩,0.6,0.0,0.0,0.6
강원,양양군,"재활용 가능자원 분리배출",폐지류,기타,1.5,0.0,0.0,1.5
강원,양양군,"재활용 가능자원 분리배출",고철류,EMPTY,1.0,0.0,0.0,1.0
강원,양양군,"재활용 가능자원 분리배출",금속캔,EMPTY,0.2,0.0,0.0,0.2
강원,양양군,"재활용 가능자원 분리배출",폐합성수지류,비닐류,0.0,0.0,0.0,0.0
강원,양양군,"재활용 가능자원 분리배출",폐합성수지류,발포수지류,0.1,0.0,0.0,0.1
강원,양양군,"재활용 가능자원 분리배출",폐합성수지류,PET병,0.6,0.0,0.0,0.6
강원,양양군,"재활용 가능자원 분리배출",폐합성수지류,기타,0.4,0.0,0.0,0.4
강원,양양군,"재활용 가능자원 분리배출",폐고무류,EMPTY,0.0,0.0,0.0,0.0
강원,양양군,"재활용 가능자원 분리배출",폐유리병류,EMPTY,2.9,0.0,0.0,2.9
강원,양양군,"재활용 가능자원 분리배출",폐의류,EMPTY,0.0,0.0,0.0,0.0
강원,양양군,"재활용 가능자원 분리배출",폐섬유류,EMPTY,0.0,0.0,0.0,0.0
강원,양양군,"재활용 가능자원 분리배출",폐형광등,EMPTY,0.0,0.0,0.0,0.0
강원,양양군,"재활용 가능자원 분리배출",폐전지류,EMPTY,0.0,0.0,0.0,0.0
강원,양양군,"재활용 가능자원 분리배출",영농폐기물,농약용기류,0.0,0.0,0.0,0.0
강원,양양군,"재활용 가능자원 분리배출",영농폐기물,폐비닐,0.2,0.0,0.0,0.2
강원,양양군,"재활용 가능자원 분리배출",폐식용유,EMPTY,0.0,0.0,0.0,0.0
강원,양양군,"재활용 가능자원 분리배출",폐전기전자제품,EMPTY,0.4,0.0,0.0,0.4
강원,양양군,"재활용 가능자원 분리배출",폐가구류,EMPTY,0.0,0.0,0.0,0.0
강원,양양군,"재활용 가능자원 분리배출",기타,EMPTY,2.0,0.0,0.0,2.0
강원,양양군,"재활용 가능자원 분리배출",재활용 잔재물,EMPTY,1.2,0.4,0.8,0.0
강원,양양군,음식물류 폐기물 분리배출,EMPTY,EMPTY,14.4,0.0,10.9,3.5
