,재활용가능자원 분리배출_종이류,종량제에 의한 혼합배출_가연성_음식물채소류,재활용가능자원 분리배출_기타,재활용가능자원 분리배출_전자제품,종량제에 의한 혼합배출_가연성_플라스틱류,종량제에 의한 혼합배출_불연성_소계,종량제에 의한 혼합배출_소계,재활용가능자원 분리배출_발포수지류,총계,재활용가능자원 분리배출_영농폐기물,종량제에 의한 혼합배출_불연성_토사류,재활용가능자원 분리배출_가구류,재활용가능자원 분리배출_기타(배출불명 등),음식물류 배출(분리배출 지역일 경우),재활용가능자원 분리배출_형광등,종량제에 의한 혼합배출_가연성_소계,재활용가능자원 분리배출_소계,구분_시군구,재활용가능자원 분리배출_폐식용유,종량제에 의한 혼합배출_가연성_고무피혁류,재활용가능자원 분리배출_윤활유,재활용가능자원 분리배출_전지류,재활용가능자원 분리배출_의류,종량제에 의한 혼합배출_가연성_기타,재활용가능자원 분리배출_합성수지류,종량제에 의한 혼합배출_가연성_나무류,재활용가능자원 분리배출_고철류,종량제에 의한 혼합배출_가연성_종이류,재활용가능자원 분리배출_플라스틱류,종량제에 의한 혼합배출_불연성_금속류,재활용가능자원 분리배출_캔류,발생량및처리현황,종량제에 의한 혼합배출_불연성_기타,재활용가능자원 분리배출_유리병류,종량제에 의한 혼합배출_불연성_유리류,재활용가능자원 분리배출_타이어,구분_시도
0,27.5,0.0,0.0,0.3,23.9,4.2,158.0,4.1,369.7,0.0,1.0,2.8,0.0,106.9,0.4,153.8,104.8,종로구,1.1,6.5,10.0,0.1,0.0,97.9,4.1,3.1,10.2,22.4,16.0,1.4,11.0,발생량,1.0,17.2,0.8,0.0,서울
1,0.0,0.0,0.0,0.0,1.0,1.7,35.0,0.0,35.0,0.0,0.8,0.0,0.0,0.0,0.0,33.3,0.0,종로구,0.0,0.5,0.0,0.0,0.0,31.6,0.0,0.1,0.0,0.1,0.0,0.3,0.0,매립,0.3,0.0,0.3,0.0,서울
2,0.0,0.0,0.0,0.0,22.9,2.5,123.0,0.0,123.0,0.0,0.2,0.0,0.0,0.0,0.0,120.5,0.0,종로구,0.0,6.0,0.0,0.0,0.0,66.3,0.0,3.0,0.0,22.3,0.0,1.1,0.0,소각,0.7,0.0,0.5,0.0,서울
3,27.5,0.0,0.0,0.3,0.0,0.0,0.0,4.1,211.7,0.0,0.0,2.8,0.0,106.9,0.4,0.0,104.8,종로구,1.1,0.0,10.0,0.1,0.0,0.0,4.1,0.0,10.2,0.0,16.0,0.0,11.0,재활용,0.0,17.2,0.0,0.0,서울
4,140.0,0.0,0.0,0.0,24.0,1.0,150.5,0.0,422.5,0.0,0.0,0.0,0.0,96.9,0.3,149.5,175.1,중구,0.0,12.9,0.0,0.0,0.0,56.2,0.9,18.4,20.2,38.0,0.8,0.0,2.5,발생량,0.0,10.4,1.0,0.0,서울
5,0.0,0.0,0.0,0.0,2.0,1.0,19.8,0.0,19.8,0.0,0.0,0.0,0.0,0.0,0.0,18.8,0.0,중구,0.0,2.0,0.0,0.0,0.0,6.1,0.0,2.9,0.0,5.8,0.0,0.0,0.0,매립,0.0,0.0,1.0,0.0,서울
6,0.0,0.0,0.0,0.0,22.0,0.0,130.7,0.0,130.7,0.0,0.0,0.0,0.0,0.0,0.0,130.7,0.0,중구,0.0,10.9,0.0,0.0,0.0,50.1,0.0,15.5,0.0,32.2,0.0,0.0,0.0,소각,0.0,0.0,0.0,0.0,서울
7,140.0,0.0,0.0,0.0,0.0,0.0,0.0,0.0,272.0,0.0,0.0,0.0,0.0,96.9,0.3,0.0,175.1,중구,0.0,0.0,0.0,0.0,0.0,0.0,0.9,0.0,20.2,0.0,0.8,0.0,2.5,재활용,0.0,10.4,0.0,0.0,서울
8,52.2,0.0,0.4,1.0,5.3,0.0,87.7,0.3,247.1,0.0,0.0,0.2,0.0,69.7,0.1,87.7,89.7,용산구,0.8,1.3,0.0,0.0,2.2,48.4,3.5,5.1,12.1,27.6,8.5,0.0,2.9,발생량,0.0,5.5,0.0,0.0,서울
9,0.0,0.0,0.0,0.0,1.0,0.0,11.3,0.0,11.3,0.0,0.0,0.0,0.0,0.0,0.0,11.3,0.0,용산구,0.0,0.1,0.0,0.0,0.0,5.7,0.0,0.8,0.0,3.7,0.0,0.0,0.0,매립,0.0,0.0,0.0,0.0,서울
10,0.0,0.0,0.0,0.0,4.3,0.0,76.4,0.0,76.4,0.0,0.0,0.0,0.0,0.0,0.0,76.4,0.0,용산구,0.0,1.2,0.0,0.0,0.0,42.7,0.0,4.3,0.0,23.9,0.0,0.0,0.0,소각,0.0,0.0,0.0,0.0,서울
11,52.2,0.0,0.4,1.0,0.0,0.0,0.0,0.3,159.4,0.0,0.0,0.2,0.0,69.7,0.1,0.0,89.7,용산구,0.8,0.0,0.0,0.0,2.2,0.0,3.5,0.0,12.1,0.0,8.5,0.0,2.9,재활용,0.0,5.5,0.0,0.0,서울
12,34.2,0.0,0.5,0.3,22.7,2.9,78.6,0.0,236.6,0.0,0.1,0.0,0.0,84.8,0.0,75.7,73.2,성동구,0.0,2.9,0.0,0.0,0.2,16.6,8.3,1.5,2.9,32.0,9.1,0.2,6.9,발생량,2.6,10.8,0.0,0.0,서울
13,0.0,0.0,0.0,0.0,4.7,1.5,21.2,0.0,21.2,0.0,0.1,0.0,0.0,0.0,0.0,19.7,0.0,성동구,0.0,1.7,0.0,0.0,0.0,4.8,0.0,0.3,0.0,8.2,0.0,0.2,0.0,매립,1.2,0.0,0.0,0.0,서울
14,0.0,0.0,0.0,0.0,18.0,1.4,57.4,0.0,57.4,0.0,0.0,0.0,0.0,0.0,0.0,56.0,0.0,성동구,0.0,1.2,0.0,0.0,0.0,11.8,0.0,1.2,0.0,23.8,0.0,0.0,0.0,소각,1.4,0.0,0.0,0.0,서울
15,34.2,0.0,0.5,0.3,0.0,0.0,0.0,0.0,158.0,0.0,0.0,0.0,0.0,84.8,0.0,0.0,73.2,성동구,0.0,0.0,0.0,0.0,0.2,0.0,8.3,0.0,2.9,0.0,9.1,0.0,6.9,재활용,0.0,10.8,0.0,0.0,서울
16,68.3,0.6,0.0,1.0,21.2,4.8,83.6,0.0,300.6,0.0,1.0,11.5,0.3,94.1,0.3,78.5,122.9,광진구,0.0,1.4,0.0,0.4,0.4,26.6,1.1,1.7,15.7,27.0,9.4,0.5,1.6,발생량,2.7,13.2,0.6,0.0,서울
17,0.0,0.1,0.0,0.0,6.2,0.7,21.4,0.0,21.4,0.0,0.4,0.0,0.0,0.0,0.0,20.7,0.0,광진구,0.0,0.2,0.0,0.0,0.0,6.6,0.0,0.2,0.0,7.4,0.0,0.0,0.0,매립,0.2,0.0,0.1,0.0,서울
18,0.0,0.5,0.0,0.0,15.0,4.1,62.2,0.0,62.2,0.0,0.6,0.0,0.3,0.0,0.0,57.8,0.0,광진구,0.0,1.2,0.0,0.0,0.0,20.0,0.0,1.5,0.0,19.6,0.0,0.5,0.0,소각,2.5,0.0,0.5,0.0,서울
19,68.3,0.0,0.0,1.0,0.0,0.0,0.0,0.0,217.0,0.0,0.0,11.5,0.0,94.1,0.3,0.0,122.9,광진구,0.0,0.0,0.0,0.4,0.4,0.0,1.1,0.0,15.7,0.0,9.4,0.0,1.6,재활용,0.0,13.2,0.0,0.0,서울
20,84.7,0.0,5.0,0.2,25.7,3.2,110.5,3.0,401.2,0.0,0.0,3.2,0.0,102.6,0.2,107.3,188.1,동대문구,0.0,8.7,0.0,0.0,0.0,15.8,14.8,7.5,2.5,49.6,7.3,0.0,27.8,발생량,3.2,39.4,0.0,0.0,서울
21,0.0,0.0,0.0,0.0,1.2,3.2,20.6,0.0,20.6,0.0,0.0,0.0,0.0,0.0,0.0,17.4,0.0,동대문구,0.0,4.5,0.0,0.0,0.0,3.5,0.0,3.7,0.0,4.5,0.0,0.0,0.0,매립,3.2,0.0,0.0,0.0,서울
22,0.0,0.0,0.0,0.0,24.5,0.0,89.9,0.0,89.9,0.0,0.0,0.0,0.0,0.0,0.0,89.9,0.0,동대문구,0.0,4.2,0.0,0.0,0.0,12.3,0.0,3.8,0.0,45.1,0.0,0.0,0.0,소각,0.0,0.0,0.0,0.0,서울
23,84.7,0.0,5.0,0.2,0.0,0.0,0.0,3.0,290.7,0.0,0.0,3.2,0.0,102.6,0.2,0.0,188.1,동대문구,0.0,0.0,0.0,0.0,0.0,0.0,14.8,0.0,2.5,0.0,7.3,0.0,27.8,재활용,0.0,39.4,0.0,0.0,서울
24,84.7,4.8,0.0,0.0,26.0,2.1,102.7,0.5,357.3,0.0,0.1,0.0,0.6,88.9,3.4,100.0,165.7,중랑구,0.0,1.9,0.0,0.1,0.1,14.1,11.3,0.6,0.4,52.6,5.7,1.3,21.5,발생량,0.0,38.0,0.7,0.0,서울
25,0.0,0.7,0.0,0.0,3.9,0.3,13.6,0.0,13.6,0.0,0.0,0.0,0.6,0.0,0.0,12.7,0.0,중랑구,0.0,1.6,0.0,0.0,0.0,0.3,0.0,0.6,0.0,5.6,0.0,0.2,0.0,매립,0.0,0.0,0.1,0.0,서울
26,0.0,4.1,0.0,0.0,22.1,1.8,89.1,0.0,89.1,0.0,0.1,0.0,0.0,0.0,0.0,87.3,0.0,중랑구,0.0,0.3,0.0,0.0,0.0,13.8,0.0,0.0,0.0,47.0,0.0,1.1,0.0,소각,0.0,0.0,0.6,0.0,서울
27,84.7,0.0,0.0,0.0,0.0,0.0,0.0,0.5,254.6,0.0,0.0,0.0,0.0,88.9,3.4,0.0,165.7,중랑구,0.0,0.0,0.0,0.1,0.1,0.0,11.3,0.0,0.4,0.0,5.7,0.0,21.5,재활용,0.0,38.0,0.0,0.0,서울
28,81.5,12.7,0.0,0.1,8.1,0.0,102.5,0.4,341.4,0.0,0.0,15.0,0.0,102.4,0.2,102.5,136.5,성북구,0.0,1.5,0.0,0.1,1.4,24.9,19.7,17.4,0.0,37.9,5.5,0.0,5.5,발생량,0.0,7.1,0.0,0.0,서울
29,0.0,1.8,0.0,0.0,0.7,0.0,12.5,0.0,12.5,0.0,0.0,0.0,0.0,0.0,0.0,12.5,0.0,성북구,0.0,0.4,0.0,0.0,0.0,4.2,0.0,1.7,0.0,3.7,0.0,0.0,0.0,매립,0.0,0.0,0.0,0.0,서울
30,0.0,10.9,0.0,0.0,7.4,0.0,90.0,0.0,90.0,0.0,0.0,0.0,0.0,0.0,0.0,90.0,0.0,성북구,0.0,1.1,0.0,0.0,0.0,20.7,0.0,15.7,0.0,34.2,0.0,0.0,0.0,소각,0.0,0.0,0.0,0.0,서울
31,81.5,0.0,0.0,0.1,0.0,0.0,0.0,0.4,238.9,0.0,0.0,15.0,0.0,102.4,0.2,0.0,136.5,성북구,0.0,0.0,0.0,0.1,1.4,0.0,19.7,0.0,0.0,0.0,5.5,0.0,5.5,재활용,0.0,7.1,0.0,0.0,서울
32,5.2,3.4,0.2,0.4,18.2,4.4,75.2,2.0,224.3,0.0,0.1,0.5,0.1,83.7,2.1,70.7,65.4,강북구,0.1,0.3,0.0,0.3,1.2,7.1,5.4,3.2,4.3,38.5,16.3,1.0,6.0,발생량,2.8,21.4,0.5,0.0,서울
33,0.0,0.3,0.0,0.0,1.6,1.8,8.0,0.0,8.0,0.0,0.0,0.0,0.1,0.0,0.0,6.1,0.0,강북구,0.0,0.0,0.0,0.0,0.0,0.6,0.0,0.3,0.0,3.3,0.0,0.1,0.0,매립,1.7,0.0,0.0,0.0,서울
34,0.0,3.1,0.0,0.0,16.6,2.6,67.2,0.0,67.2,0.0,0.1,0.0,0.0,0.0,0.0,64.6,0.0,강북구,0.0,0.3,0.0,0.0,0.0,6.5,0.0,2.9,0.0,35.2,0.0,0.9,0.0,소각,1.1,0.0,0.5,0.0,서울
35,5.2,0.0,0.2,0.4,0.0,0.0,0.0,2.0,149.1,0.0,0.0,0.5,0.0,83.7,2.1,0.0,65.4,강북구,0.1,0.0,0.0,0.3,1.2,0.0,5.4,0.0,4.3,0.0,16.3,0.0,6.0,재활용,0.0,21.4,0.0,0.0,서울
36,114.8,0.0,0.0,0.1,3.0,5.2,64.0,0.4,290.2,0.0,0.0,0.0,0.0,88.4,0.0,58.8,137.8,도봉구,0.0,0.5,0.0,0.0,5.8,39.3,13.3,1.0,0.0,15.0,0.8,0.0,0.3,발생량,0.2,2.3,5.0,0.0,서울
37,0.0,0.0,0.0,0.0,0.0,5.2,5.2,0.0,5.2,0.0,0.0,0.0,0.0,0.0,0.0,0.0,0.0,도봉구,0.0,0.0,0.0,0.0,0.0,0.0,0.0,0.0,0.0,0.0,0.0,0.0,0.0,매립,0.2,0.0,5.0,0.0,서울
38,0.0,0.0,0.0,0.0,3.0,0.0,58.8,0.0,58.8,0.0,0.0,0.0,0.0,0.0,0.0,58.8,0.0,도봉구,0.0,0.5,0.0,0.0,0.0,39.3,0.0,1.0,0.0,15.0,0.0,0.0,0.0,소각,0.0,0.0,0.0,0.0,서울
39,114.8,0.0,0.0,0.1,0.0,0.0,0.0,0.4,226.2,0.0,0.0,0.0,0.0,88.4,0.0,0.0,137.8,도봉구,0.0,0.0,0.0,0.0,5.8,0.0,13.3,0.0,0.0,0.0,0.8,0.0,0.3,재활용,0.0,2.3,0.0,0.0,서울
40,70.4,0.0,2.2,1.2,1.0,1.3,116.5,0.2,443.2,0.0,0.0,13.0,0.0,152.6,0.6,115.2,174.1,노원구,0.3,1.0,0.0,0.1,0.6,61.2,27.1,13.0,9.1,39.0,26.1,0.1,11.2,발생량,0.9,12.0,0.3,0.0,서울
41,0.0,0.0,0.0,0.0,0.0,1.3,6.5,0.0,6.5,0.0,0.0,0.0,0.0,0.0,0.0,5.2,0.0,노원구,0.0,0.0,0.0,0.0,0.0,5.2,0.0,0.0,0.0,0.0,0.0,0.1,0.0,매립,0.9,0.0,0.3,0.0,서울
42,0.0,0.0,0.0,0.0,1.0,0.0,110.0,0.0,110.0,0.0,0.0,0.0,0.0,0.0,0.0,110.0,0.0,노원구,0.0,1.0,0.0,0.0,0.0,56.0,0.0,13.0,0.0,39.0,0.0,0.0,0.0,소각,0.0,0.0,0.0,0.0,서울
43,70.4,0.0,2.2,1.2,0.0,0.0,0.0,0.2,326.7,0.0,0.0,13.0,0.0,152.6,0.6,0.0,174.1,노원구,0.3,0.0,0.0,0.1,0.6,0.0,27.1,0.0,9.1,0.0,26.1,0.0,11.2,재활용,0.0,12.0,0.0,0.0,서울
44,2.6,0.0,0.4,1.6,6.2,0.0,134.1,0.4,277.5,0.0,0.0,23.8,0.0,91.1,0.0,134.1,52.3,은평구,0.0,8.5,0.0,0.0,0.0,86.2,13.5,15.1,0.2,18.1,5.8,0.0,1.4,발생량,0.0,2.6,0.0,0.0,서울
45,0.0,0.0,0.0,0.0,3.2,0.0,48.3,0.0,48.3,0.0,0.0,0.0,0.0,0.0,0.0,48.3,0.0,은평구,0.0,4.9,0.0,0.0,0.0,28.4,0.0,2.8,0.0,9.0,0.0,0.0,0.0,매립,0.0,0.0,0.0,0.0,서울
46,0.0,0.0,0.0,0.0,3.0,0.0,85.8,0.0,85.8,0.0,0.0,0.0,0.0,0.0,0.0,85.8,0.0,은평구,0.0,3.6,0.0,0.0,0.0,57.8,0.0,12.3,0.0,9.1,0.0,0.0,0.0,소각,0.0,0.0,0.0,0.0,서울
47,2.6,0.0,0.4,1.6,0.0,0.0,0.0,0.4,143.4,0.0,0.0,23.8,0.0,91.1,0.0,0.0,52.3,은평구,0.0,0.0,0.0,0.0,0.0,0.0,13.5,0.0,0.2,0.0,5.8,0.0,1.4,재활용,0.0,2.6,0.0,0.0,서울
48,55.4,0.0,0.0,5.7,3.4,0.0,98.4,0.0,282.6,0.0,0.0,0.0,0.9,76.4,12.7,97.5,107.8,서대문구,0.0,2.7,0.3,0.0,0.0,83.1,4.5,1.6,0.0,6.7,6.0,0.0,2.0,발생량,0.0,21.2,0.0,0.0,서울
49,0.0,0.0,0.0,0.0,0.7,0.0,12.0,0.0,12.0,0.0,0.0,0.0,0.9,0.0,0.0,11.1,0.0,서대문구,0.0,0.4,0.0,0.0,0.0,9.1,0.0,0.3,0.0,0.6,0.0,0.0,0.0,매립,0.0,0.0,0.0,0.0,서울
50,0.0,0.0,0.0,0.0,2.7,0.0,86.4,0.0,86.4,0.0,0.0,0.0,0.0,0.0,0.0,86.4,0.0,서대문구,0.0,2.3,0.0,0.0,0.0,74.0,0.0,1.3,0.0,6.1,0.0,0.0,0.0,소각,0.0,0.0,0.0,0.0,서울
51,55.4,0.0,0.0,5.7,0.0,0.0,0.0,0.0,184.2,0.0,0.0,0.0,0.0,76.4,12.7,0.0,107.8,서대문구,0.0,0.0,0.3,0.0,0.0,0.0,4.5,0.0,0.0,0.0,6.0,0.0,2.0,재활용,0.0,21.2,0.0,0.0,서울
52,80.1,3.4,9.7,0.2,21.3,3.1,132.5,0.3,448.3,0.0,0.2,0.0,0.0,129.1,1.1,129.4,186.7,마포구,0.0,2.0,0.0,0.1,15.7,20.1,20.9,2.7,17.6,79.9,14.5,0.0,9.2,발생량,2.8,17.3,0.1,0.0,서울
53,0.0,0.5,0.0,0.0,2.6,0.5,14.1,0.0,14.1,0.0,0.2,0.0,0.0,0.0,0.0,13.6,0.0,마포구,0.0,0.7,0.0,0.0,0.0,2.6,0.0,0.5,0.0,6.7,0.0,0.0,0.0,매립,0.2,0.0,0.1,0.0,서울
54,0.0,2.9,0.0,0.0,18.7,2.6,118.4,0.0,118.4,0.0,0.0,0.0,0.0,0.0,0.0,115.8,0.0,마포구,0.0,1.3,0.0,0.0,0.0,17.5,0.0,2.2,0.0,73.2,0.0,0.0,0.0,소각,2.6,0.0,0.0,0.0,서울
55,80.1,0.0,9.7,0.2,0.0,0.0,0.0,0.3,315.8,0.0,0.0,0.0,0.0,129.1,1.1,0.0,186.7,마포구,0.0,0.0,0.0,0.1,15.7,0.0,20.9,0.0,17.6,0.0,14.5,0.0,9.2,재활용,0.0,17.3,0.0,0.0,서울
56,50.6,0.0,1.7,0.3,0.0,0.0,90.0,0.5,262.1,0.0,0.0,0.0,0.0,106.9,0.1,90.0,65.2,양천구,0.0,0.0,0.0,0.1,0.9,90.0,0.0,0.0,1.1,0.0,4.8,0.0,2.0,발생량,0.0,3.1,0.0,0.0,서울
57,0.0,0.0,0.0,0.0,0.0,0.0,12.0,0.0,12.0,0.0,0.0,0.0,0.0,0.0,0.0,12.0,0.0,양천구,0.0,0.0,0.0,0.0,0.0,12.0,0.0,0.0,0.0,0.0,0.0,0.0,0.0,매립,0.0,0.0,0.0,0.0,서울
58,0.0,0.0,0.0,0.0,0.0,0.0,78.0,0.0,78.0,0.0,0.0,0.0,0.0,0.0,0.0,78.0,0.0,양천구,0.0,0.0,0.0,0.0,0.0,78.0,0.0,0.0,0.0,0.0,0.0,0.0,0.0,소각,0.0,0.0,0.0,0.0,서울
59,50.6,0.0,1.7,0.3,0.0,0.0,0.0,0.5,172.1,0.0,0.0,0.0,0.0,106.9,0.1,0.0,65.2,양천구,0.0,0.0,0.0,0.1,0.9,0.0,0.0,0.0,1.1,0.0,4.8,0.0,2.0,재활용,0.0,3.1,0.0,0.0,서울
60,30.4,0.0,2.6,0.1,8.3,5.9,128.9,2.0,357.4,0.0,0.3,0.2,0.0,155.9,1.5,123.0,72.6,강서구,2.1,8.7,0.0,0.1,1.2,75.6,4.9,1.9,0.6,28.5,10.4,1.4,4.6,발생량,3.6,11.9,0.6,0.0,서울
61,0.0,0.0,0.0,0.0,2.9,3.3,18.8,0.0,18.8,0.0,0.1,0.0,0.0,0.0,0.0,15.5,0.0,강서구,0.0,2.2,0.0,0.0,0.0,4.1,0.0,1.9,0.0,4.4,0.0,0.2,0.0,매립,2.9,0.0,0.1,0.0,서울
62,0.0,0.0,0.0,0.0,5.4,2.6,110.1,0.0,110.1,0.0,0.2,0.0,0.0,0.0,0.0,107.5,0.0,강서구,0.0,6.5,0.0,0.0,0.0,71.5,0.0,0.0,0.0,24.1,0.0,1.2,0.0,소각,0.7,0.0,0.5,0.0,서울
63,30.4,0.0,2.6,0.1,0.0,0.0,0.0,2.0,228.5,0.0,0.0,0.2,0.0,155.9,1.5,0.0,72.6,강서구,2.1,0.0,0.0,0.1,1.2,0.0,4.9,0.0,0.6,0.0,10.4,0.0,4.6,재활용,0.0,11.9,0.0,0.0,서울
64,3.4,8.9,0.0,0.2,13.1,0.0,135.8,0.5,290.4,0.0,0.0,0.0,0.0,97.2,0.2,135.8,57.4,구로구,0.0,5.8,0.0,0.0,1.0,64.6,41.0,11.8,1.9,31.6,4.1,0.0,1.7,발생량,0.0,3.4,0.0,0.0,서울
65,0.0,0.0,0.0,0.0,3.6,0.0,33.0,0.0,33.0,0.0,0.0,0.0,0.0,0.0,0.0,33.0,0.0,구로구,0.0,2.5,0.0,0.0,0.0,6.3,0.0,5.5,0.0,15.1,0.0,0.0,0.0,매립,0.0,0.0,0.0,0.0,서울
66,0.0,8.9,0.0,0.0,9.5,0.0,102.8,0.0,102.8,0.0,0.0,0.0,0.0,0.0,0.0,102.8,0.0,구로구,0.0,3.3,0.0,0.0,0.0,58.3,0.0,6.3,0.0,16.5,0.0,0.0,0.0,소각,0.0,0.0,0.0,0.0,서울
67,3.4,0.0,0.0,0.2,0.0,0.0,0.0,0.5,154.6,0.0,0.0,0.0,0.0,97.2,0.2,0.0,57.4,구로구,0.0,0.0,0.0,0.0,1.0,0.0,41.0,0.0,1.9,0.0,4.1,0.0,1.7,재활용,0.0,3.4,0.0,0.0,서울
68,31.9,0.1,2.9,1.0,1.4,2.0,68.8,0.2,233.4,0.0,0.6,8.0,0.8,62.7,0.7,66.0,101.9,금천구,0.0,0.3,0.0,0.1,1.9,61.8,19.0,0.1,6.2,2.3,10.4,0.1,6.9,발생량,1.3,12.7,0.0,0.0,서울
69,0.0,0.1,0.0,0.0,1.4,2.0,68.8,0.0,68.8,0.0,0.6,0.0,0.8,0.0,0.0,66.0,0.0,금천구,0.0,0.3,0.0,0.0,0.0,61.8,0.0,0.1,0.0,2.3,0.0,0.1,0.0,매립,1.3,0.0,0.0,0.0,서울
70,0.0,0.0,0.0,0.0,0.0,0.0,0.0,0.0,0.0,0.0,0.0,0.0,0.0,0.0,0.0,0.0,0.0,금천구,0.0,0.0,0.0,0.0,0.0,0.0,0.0,0.0,0.0,0.0,0.0,0.0,0.0,소각,0.0,0.0,0.0,0.0,서울
71,31.9,0.0,2.9,1.0,0.0,0.0,0.0,0.2,164.6,0.0,0.0,8.0,0.0,62.7,0.7,0.0,101.9,금천구,0.0,0.0,0.0,0.1,1.9,0.0,19.0,0.0,6.2,0.0,10.4,0.0,6.9,재활용,0.0,12.7,0.0,0.0,서울
72,5.5,0.0,0.5,0.1,3.2,11.9,108.9,5.2,331.5,0.0,4.0,8.7,0.0,143.8,0.1,97.0,78.8,영등포구,0.0,3.9,0.0,0.0,0.6,5.5,15.3,2.7,7.8,81.7,10.0,3.0,5.6,발생량,1.4,19.4,3.5,0.0,서울
73,0.0,0.0,0.0,0.0,1.0,3.9,18.3,0.0,18.3,0.0,1.0,0.0,0.0,0.0,0.0,14.4,0.0,영등포구,0.0,0.8,0.0,0.0,0.0,1.0,0.0,0.8,0.0,10.8,0.0,1.0,0.0,매립,0.4,0.0,1.5,0.0,서울
74,0.0,0.0,0.0,0.0,2.2,8.0,90.6,0.0,90.6,0.0,3.0,0.0,0.0,0.0,0.0,82.6,0.0,영등포구,0.0,3.1,0.0,0.0,0.0,4.5,0.0,1.9,0.0,70.9,0.0,2.0,0.0,소각,1.0,0.0,2.0,0.0,서울
75,5.5,0.0,0.5,0.1,0.0,0.0,0.0,5.2,222.6,0.0,0.0,8.7,0.0,143.8,0.1,0.0,78.8,영등포구,0.0,0.0,0.0,0.0,0.6,0.0,15.3,0.0,7.8,0.0,10.0,0.0,5.6,재활용,0.0,19.4,0.0,0.0,서울
76,34.8,0.0,0.0,1.1,0.0,0.0,87.1,0.4,266.2,0.0,0.0,0.0,0.0,97.1,0.1,87.1,82.0,동작구,0.0,0.0,0.0,0.1,1.5,87.1,6.9,0.0,7.4,0.0,8.8,0.0,6.6,발생량,0.0,14.3,0.0,0.0,서울
77,0.0,0.0,0.0,0.0,0.0,0.0,17.6,0.0,17.6,0.0,0.0,0.0,0.0,0.0,0.0,17.6,0.0,동작구,0.0,0.0,0.0,0.0,0.0,17.6,0.0,0.0,0.0,0.0,0.0,0.0,0.0,매립,0.0,0.0,0.0,0.0,서울
78,0.0,0.0,0.0,0.0,0.0,0.0,69.5,0.0,69.5,0.0,0.0,0.0,0.0,0.0,0.0,69.5,0.0,동작구,0.0,0.0,0.0,0.0,0.0,69.5,0.0,0.0,0.0,0.0,0.0,0.0,0.0,소각,0.0,0.0,0.0,0.0,서울
79,34.8,0.0,0.0,1.1,0.0,0.0,0.0,0.4,179.1,0.0,0.0,0.0,0.0,97.1,0.1,0.0,82.0,동작구,0.0,0.0,0.0,0.1,1.5,0.0,6.9,0.0,7.4,0.0,8.8,0.0,6.6,재활용,0.0,14.3,0.0,0.0,서울
80,41.4,8.6,5.5,0.1,21.6,5.9,124.0,0.0,324.3,0.0,0.5,0.0,0.0,114.5,0.1,118.1,85.8,관악구,0.3,1.4,0.0,0.0,1.2,12.1,11.2,2.0,4.5,72.4,12.3,0.5,3.2,발생량,3.4,6.0,1.5,0.0,서울
81,0.0,4.1,0.0,0.0,14.5,4.5,69.7,0.0,69.7,0.0,0.4,0.0,0.0,0.0,0.0,65.2,0.0,관악구,0.0,1.0,0.0,0.0,0.0,8.6,0.0,1.4,0.0,35.6,0.0,0.4,0.0,매립,2.6,0.0,1.1,0.0,서울
82,0.0,4.5,0.0,0.0,7.1,1.4,54.3,0.0,54.3,0.0,0.1,0.0,0.0,0.0,0.0,52.9,0.0,관악구,0.0,0.4,0.0,0.0,0.0,3.5,0.0,0.6,0.0,36.8,0.0,0.1,0.0,소각,0.8,0.0,0.4,0.0,서울
83,41.4,0.0,5.5,0.1,0.0,0.0,0.0,0.0,200.3,0.0,0.0,0.0,0.0,114.5,0.1,0.0,85.8,관악구,0.3,0.0,0.0,0.0,1.2,0.0,11.2,0.0,4.5,0.0,12.3,0.0,3.2,재활용,0.0,6.0,0.0,0.0,서울
84,68.5,0.0,0.0,1.5,37.0,6.4,146.8,1.3,499.4,0.0,1.2,0.0,0.0,173.6,0.3,140.4,179.0,서초구,0.0,13.4,0.0,0.1,0.0,19.2,41.3,12.8,7.5,58.0,11.4,2.3,2.8,발생량,0.4,44.3,2.5,0.0,서울
85,0.0,0.0,0.0,0.0,7.8,1.4,29.5,0.0,29.5,0.0,0.3,0.0,0.0,0.0,0.0,28.1,0.0,서초구,0.0,2.8,0.0,0.0,0.0,3.2,0.0,2.4,0.0,11.9,0.0,0.5,0.0,매립,0.1,0.0,0.5,0.0,서울
86,0.0,0.0,0.0,0.0,29.2,5.0,117.3,0.0,117.3,0.0,0.9,0.0,0.0,0.0,0.0,112.3,0.0,서초구,0.0,10.6,0.0,0.0,0.0,16.0,0.0,10.4,0.0,46.1,0.0,1.8,0.0,소각,0.3,0.0,2.0,0.0,서울
87,68.5,0.0,0.0,1.5,0.0,0.0,0.0,1.3,352.6,0.0,0.0,0.0,0.0,173.6,0.3,0.0,179.0,서초구,0.0,0.0,0.0,0.1,0.0,0.0,41.3,0.0,7.5,0.0,11.4,0.0,2.8,재활용,0.0,44.3,0.0,0.0,서울
88,33.2,2.9,0.3,0.0,31.1,12.0,222.4,0.4,675.9,6.7,3.0,1.1,0.0,264.6,7.5,210.4,188.9,강남구,29.0,4.2,2.0,0.0,0.0,28.5,21.3,6.0,2.3,137.7,32.3,2.9,14.1,발생량,1.9,38.7,4.2,0.0,서울
89,0.0,0.6,0.0,0.0,20.3,8.6,153.6,0.0,153.6,0.0,1.6,0.0,0.0,0.0,0.0,145.0,0.0,강남구,0.0,2.0,0.0,0.0,0.0,15.5,0.0,3.0,0.0,103.6,0.0,2.1,0.0,매립,1.8,0.0,3.1,0.0,서울
90,0.0,2.3,0.0,0.0,10.8,3.4,68.8,0.0,68.8,0.0,1.4,0.0,0.0,0.0,0.0,65.4,0.0,강남구,0.0,2.2,0.0,0.0,0.0,13.0,0.0,3.0,0.0,34.1,0.0,0.8,0.0,소각,0.1,0.0,1.1,0.0,서울
91,33.2,0.0,0.3,0.0,0.0,0.0,0.0,0.4,453.5,6.7,0.0,1.1,0.0,264.6,7.5,0.0,188.9,강남구,29.0,0.0,2.0,0.0,0.0,0.0,21.3,0.0,2.3,0.0,32.3,0.0,14.1,재활용,0.0,38.7,0.0,0.0,서울
92,71.9,2.5,3.9,0.2,1.5,4.0,137.0,0.0,487.7,0.0,0.0,0.0,1.5,176.4,0.1,131.5,174.3,송파구,0.0,1.5,0.0,0.0,1.2,66.0,19.4,1.5,12.1,58.5,25.5,1.0,14.8,발생량,1.5,25.2,1.5,0.0,서울
93,0.0,0.5,0.0,0.0,0.5,1.0,33.2,0.0,33.2,0.0,0.0,0.0,0.5,0.0,0.0,31.7,0.0,송파구,0.0,0.5,0.0,0.0,0.0,11.2,0.0,0.5,0.0,18.5,0.0,0.0,0.0,매립,0.5,0.0,0.5,0.0,서울
94,0.0,2.0,0.0,0.0,1.0,3.0,103.8,0.0,103.8,0.0,0.0,0.0,1.0,0.0,0.0,99.8,0.0,송파구,0.0,1.0,0.0,0.0,0.0,54.8,0.0,1.0,0.0,40.0,0.0,1.0,0.0,소각,1.0,0.0,1.0,0.0,서울
95,71.9,0.0,3.9,0.2,0.0,0.0,0.0,0.0,350.7,0.0,0.0,0.0,0.0,176.4,0.1,0.0,174.3,송파구,0.0,0.0,0.0,0.0,1.2,0.0,19.4,0.0,12.1,0.0,25.5,0.0,14.8,재활용,0.0,25.2,0.0,0.0,서울
96,59.6,0.0,0.8,1.5,1.4,11.0,104.8,1.6,380.1,0.0,0.9,7.9,0.0,120.5,0.0,93.8,154.8,강동구,0.4,6.4,0.0,0.5,2.8,82.2,19.9,2.5,8.0,1.3,10.6,3.1,17.9,발생량,6.1,23.3,0.9,0.0,서울
97,0.0,0.0,0.0,0.0,0.4,3.6,25.2,0.0,25.2,0.0,0.5,0.0,0.0,0.0,0.0,21.6,0.0,강동구,0.0,0.4,0.0,0.0,0.0,19.6,0.0,0.3,0.0,0.9,0.0,0.6,0.0,매립,1.7,0.0,0.8,0.0,서울
98,0.0,0.0,0.0,0.0,1.0,7.4,79.6,0.0,79.6,0.0,0.4,0.0,0.0,0.0,0.0,72.2,0.0,강동구,0.0,6.0,0.0,0.0,0.0,62.6,0.0,2.2,0.0,0.4,0.0,2.5,0.0,소각,4.4,0.0,0.1,0.0,서울
99,59.6,0.0,0.8,1.5,0.0,0.0,0.0,1.6,275.3,0.0,0.0,7.9,0.0,120.5,0.0,0.0,154.8,강동구,0.4,0.0,0.0,0.5,2.8,0.0,19.9,0.0,8.0,0.0,10.6,0.0,17.9,재활용,0.0,23.3,0.0,0.0,서울
100,6.2,7.5,1.7,0.5,9.7,4.7,49.5,0.2,78.9,0.0,0.0,0.0,5.7,15.1,0.0,39.1,14.3,중구,0.0,0.8,0.0,0.0,0.0,3.9,0.5,0.3,1.6,16.9,0.5,0.9,0.7,발생량,2.9,2.4,0.9,0.0,부산
101,0.0,0.2,0.0,0.0,1.1,2.0,6.4,0.0,6.4,0.0,0.0,0.0,0.3,0.0,0.0,4.1,0.0,중구,0.0,0.2,0.0,0.0,0.0,1.7,0.0,0.0,0.0,0.9,0.0,0.1,0.0,매립,1.6,0.0,0.3,0.0,부산
102,0.0,6.7,0.0,0.0,8.0,2.6,39.0,0.0,39.0,0.0,0.0,0.0,4.9,0.0,0.0,31.5,0.0,중구,0.0,0.4,0.0,0.0,0.0,2.0,0.0,0.0,0.0,14.4,0.0,0.8,0.0,소각,1.2,0.0,0.6,0.0,부산
103,6.2,0.6,1.7,0.5,0.6,0.1,4.1,0.2,33.5,0.0,0.0,0.0,0.5,15.1,0.0,3.5,14.3,중구,0.0,0.2,0.0,0.0,0.0,0.2,0.5,0.3,1.6,1.6,0.5,0.0,0.7,재활용,0.1,2.4,0.0,0.0,부산
104,24.1,3.4,3.8,0.7,5.6,2.9,30.2,0.2,101.7,0.0,0.0,0.0,6.6,22.2,0.1,20.7,49.3,서구,0.0,1.5,0.0,0.0,0.0,1.2,3.4,0.5,6.7,8.5,1.7,0.0,2.2,발생량,2.9,6.4,0.0,0.0,부산
105,0.0,0.1,0.0,0.0,0.9,1.1,3.7,0.0,3.7,0.0,0.0,0.0,1.0,0.0,0.0,1.6,0.0,서구,0.0,0.0,0.0,0.0,0.0,0.3,0.0,0.0,0.0,0.3,0.0,0.0,0.0,매립,1.1,0.0,0.0,0.0,부산
106,0.0,3.2,0.0,0.0,3.0,1.8,22.6,0.0,22.6,0.0,0.0,0.0,5.1,0.0,0.0,15.7,0.0,서구,0.0,1.5,0.0,0.0,0.0,0.0,0.0,0.4,0.0,7.6,0.0,0.0,0.0,소각,1.8,0.0,0.0,0.0,부산
107,24.1,0.1,3.8,0.7,1.7,0.0,3.9,0.2,75.4,0.0,0.0,0.0,0.5,22.2,0.1,3.4,49.3,서구,0.0,0.0,0.0,0.0,0.0,0.9,3.4,0.1,6.7,0.6,1.7,0.0,2.2,재활용,0.0,6.4,0.0,0.0,부산
108,22.9,3.9,4.2,0.5,6.6,0.1,28.8,0.1,92.6,0.0,0.0,0.0,4.3,17.7,0.1,24.4,46.1,동구,0.0,1.8,0.0,0.0,0.0,1.5,2.4,0.6,6.3,10.0,1.5,0.0,2.0,발생량,0.0,6.1,0.1,0.0,부산
109,0.0,0.2,0.0,0.0,1.4,0.1,4.5,0.0,4.5,0.0,0.0,0.0,1.7,0.0,0.0,2.7,0.0,동구,0.0,0.1,0.0,0.0,0.0,0.5,0.0,0.1,0.0,0.4,0.0,0.0,0.0,매립,0.0,0.0,0.1,0.0,부산
110,0.0,3.7,0.0,0.0,3.5,0.0,20.6,0.0,20.6,0.0,0.0,0.0,2.3,0.0,0.0,18.3,0.0,동구,0.0,1.7,0.0,0.0,0.0,0.0,0.0,0.4,0.0,9.0,0.0,0.0,0.0,소각,0.0,0.0,0.0,0.0,부산
111,22.9,0.0,4.2,0.5,1.7,0.0,3.7,0.1,67.5,0.0,0.0,0.0,0.3,17.7,0.1,3.4,46.1,동구,0.0,0.0,0.0,0.0,0.0,1.0,2.4,0.1,6.3,0.6,1.5,0.0,2.0,재활용,0.0,6.1,0.0,0.0,부산
112,31.4,4.3,7.0,0.7,7.4,3.7,33.8,0.3,123.9,0.0,0.0,0.0,3.3,26.0,0.1,26.8,64.1,영도구,0.0,1.9,0.0,0.0,0.0,1.6,3.1,0.7,8.5,10.9,1.8,0.0,2.9,발생량,3.7,8.3,0.0,0.0,부산
113,0.0,0.2,0.0,0.0,1.2,1.4,3.8,0.0,3.8,0.0,0.0,0.0,0.2,0.0,0.0,2.2,0.0,영도구,0.0,0.0,0.0,0.0,0.0,0.4,0.0,0.0,0.0,0.4,0.0,0.0,0.0,매립,1.4,0.0,0.0,0.0,부산
114,0.0,4.0,0.0,0.0,3.8,2.2,24.8,0.0,24.8,0.0,0.0,0.0,2.8,0.0,0.0,19.8,0.0,영도구,0.0,1.9,0.0,0.0,0.0,0.0,0.0,0.5,0.0,9.6,0.0,0.0,0.0,소각,2.2,0.0,0.0,0.0,부산
115,31.4,0.1,7.0,0.7,2.4,0.1,5.2,0.3,95.3,0.0,0.0,0.0,0.3,26.0,0.1,4.8,64.1,영도구,0.0,0.0,0.0,0.0,0.0,1.2,3.1,0.2,8.5,0.9,1.8,0.0,2.9,재활용,0.1,8.3,0.0,0.0,부산
116,60.8,1.9,12.0,1.5,24.6,8.9,72.3,0.4,270.5,0.0,0.0,0.0,15.3,70.0,0.3,48.1,128.2,부산진구,0.0,0.2,0.0,0.0,0.0,11.1,9.5,1.5,15.9,8.8,5.0,0.2,5.6,발생량,8.2,17.2,0.5,0.0,부산
117,0.0,1.1,0.0,0.0,6.8,8.5,26.8,0.0,26.8,0.0,0.0,0.0,5.7,0.0,0.0,12.6,0.0,부산진구,0.0,0.1,0.0,0.0,0.0,2.4,0.0,0.1,0.0,2.1,0.0,0.2,0.0,매립,8.2,0.0,0.1,0.0,부산
118,0.0,0.1,0.0,0.0,0.1,0.0,0.3,0.0,0.3,0.0,0.0,0.0,0.0,0.0,0.0,0.3,0.0,부산진구,0.0,0.0,0.0,0.0,0.0,0.0,0.0,0.0,0.0,0.1,0.0,0.0,0.0,소각,0.0,0.0,0.0,0.0,부산
119,60.8,0.7,12.0,1.5,17.7,0.4,45.2,0.4,243.4,0.0,0.0,0.0,9.6,70.0,0.3,35.2,128.2,부산진구,0.0,0.1,0.0,0.0,0.0,8.7,9.5,1.4,15.9,6.6,5.0,0.0,5.6,재활용,0.0,17.2,0.4,0.0,부산
120,54.4,1.9,8.7,2.3,26.5,7.8,64.6,0.5,228.0,0.0,0.0,0.0,4.2,52.7,0.1,52.6,110.7,동래구,0.0,0.1,0.0,0.0,0.1,12.4,6.6,1.7,14.7,10.0,4.0,0.2,4.9,발생량,7.5,14.4,0.1,0.0,부산
121,0.0,0.9,0.0,0.0,5.6,7.2,20.7,0.0,20.7,0.0,0.0,0.0,2.9,0.0,0.0,10.6,0.0,동래구,0.0,0.1,0.0,0.0,0.0,1.9,0.0,0.1,0.0,2.0,0.0,0.2,0.0,매립,6.9,0.0,0.1,0.0,부산
122,0.0,0.1,0.0,0.0,0.0,0.1,0.4,0.0,0.4,0.0,0.0,0.0,0.0,0.0,0.0,0.3,0.0,동래구,0.0,0.0,0.0,0.0,0.0,0.0,0.0,0.0,0.0,0.2,0.0,0.0,0.0,소각,0.1,0.0,0.0,0.0,부산
123,54.4,0.9,8.7,2.3,20.9,0.5,43.5,0.5,206.9,0.0,0.0,0.0,1.3,52.7,0.1,41.7,110.7,동래구,0.0,0.0,0.0,0.0,0.1,10.5,6.6,1.6,14.7,7.8,4.0,0.0,4.9,재활용,0.5,14.4,0.0,0.0,부산
124,47.4,2.3,9.0,1.1,32.1,0.3,72.1,0.4,209.8,0.0,0.0,0.0,8.8,39.2,0.1,63.0,98.5,남구,0.0,0.2,0.0,0.0,0.0,14.8,6.6,2.0,12.6,11.6,4.0,0.2,3.2,발생량,0.0,14.1,0.1,0.0,부산
125,0.0,1.1,0.0,0.0,6.8,0.3,21.1,0.0,21.1,0.0,0.0,0.0,8.2,0.0,0.0,12.6,0.0,남구,0.0,0.1,0.0,0.0,0.0,2.4,0.0,0.1,0.0,2.1,0.0,0.2,0.0,매립,0.0,0.0,0.1,0.0,부산
126,0.0,0.1,0.0,0.0,0.1,0.0,0.3,0.0,0.3,0.0,0.0,0.0,0.0,0.0,0.0,0.3,0.0,남구,0.0,0.0,0.0,0.0,0.0,0.0,0.0,0.0,0.0,0.1,0.0,0.0,0.0,소각,0.0,0.0,0.0,0.0,부산
127,47.4,1.1,9.0,1.1,25.2,0.0,50.7,0.4,188.4,0.0,0.0,0.0,0.6,39.2,0.1,50.1,98.5,남구,0.0,0.1,0.0,0.0,0.0,12.4,6.6,1.9,12.6,9.4,4.0,0.0,3.2,재활용,0.0,14.1,0.0,0.0,부산
128,62.1,2.0,14.2,1.2,27.6,9.4,69.1,0.3,244.3,0.0,0.0,0.0,5.5,65.6,0.1,54.2,109.6,북구,0.0,0.2,0.0,0.0,0.0,12.6,6.0,1.8,0.2,10.0,3.4,0.2,5.7,발생량,9.0,16.4,0.2,0.0,부산
129,0.0,1.1,0.0,0.0,7.0,8.9,26.9,0.0,26.9,0.0,0.0,0.0,5.0,0.0,0.0,13.0,0.0,북구,0.0,0.1,0.0,0.0,0.0,2.4,0.0,0.2,0.0,2.2,0.0,0.2,0.0,매립,8.5,0.0,0.2,0.0,부산
130,0.0,0.0,0.0,0.0,0.0,0.0,0.1,0.0,0.1,0.0,0.0,0.0,0.0,0.0,0.0,0.1,0.0,북구,0.0,0.0,0.0,0.0,0.0,0.0,0.0,0.0,0.0,0.1,0.0,0.0,0.0,소각,0.0,0.0,0.0,0.0,부산
131,62.1,0.9,14.2,1.2,20.6,0.5,42.1,0.3,217.3,0.0,0.0,0.0,0.5,65.6,0.1,41.1,109.6,북구,0.0,0.1,0.0,0.0,0.0,10.2,6.0,1.6,0.2,7.7,3.4,0.0,5.7,재활용,0.5,16.4,0.0,0.0,부산
132,53.9,9.8,10.9,2.0,18.5,12.7,100.7,0.5,323.8,0.0,0.0,0.0,8.3,105.4,0.2,79.7,117.7,해운대구,0.0,2.3,0.0,0.1,0.0,15.6,9.0,4.6,13.9,28.9,5.0,3.3,6.3,발생량,6.3,15.9,3.1,0.0,부산
133,0.0,0.3,0.0,0.0,0.9,3.2,11.1,0.0,11.1,0.0,0.0,0.0,2.4,0.0,0.0,5.5,0.0,해운대구,0.0,0.2,0.0,0.0,0.0,3.3,0.0,0.0,0.0,0.8,0.0,0.0,0.0,매립,3.0,0.0,0.2,0.0,부산
134,0.0,9.5,0.0,0.0,12.4,5.5,67.1,0.0,67.1,0.0,0.0,0.0,5.0,0.0,0.0,56.6,0.0,해운대구,0.0,0.6,0.0,0.0,0.0,9.8,0.0,0.8,0.0,23.5,0.0,1.3,0.0,소각,2.9,0.0,1.3,0.0,부산
135,53.9,0.0,10.9,2.0,5.2,4.0,22.5,0.5,245.6,0.0,0.0,0.0,0.9,105.4,0.2,17.6,117.7,해운대구,0.0,1.5,0.0,0.1,0.0,2.5,9.0,3.8,13.9,4.6,5.0,2.0,6.3,재활용,0.4,15.9,1.6,0.0,부산
136,70.4,12.8,5.1,1.8,15.6,10.4,87.5,0.6,283.9,0.0,0.0,0.0,8.8,58.8,0.1,68.3,137.6,사하구,0.0,6.0,0.0,0.0,0.0,1.4,8.4,1.6,19.1,30.9,7.1,0.1,6.4,발생량,10.2,18.6,0.1,0.0,부산
137,0.0,0.4,0.0,0.0,2.7,3.5,10.3,0.0,10.3,0.0,0.0,0.0,1.8,0.0,0.0,5.0,0.0,사하구,0.0,0.1,0.0,0.0,0.0,0.9,0.0,0.1,0.0,0.8,0.0,0.1,0.0,매립,3.3,0.0,0.1,0.0,부산
138,0.0,12.3,0.0,0.0,11.8,6.9,74.2,0.0,74.2,0.0,0.0,0.0,6.2,0.0,0.0,61.1,0.0,사하구,0.0,5.9,0.0,0.0,0.0,0.0,0.0,1.4,0.0,29.7,0.0,0.0,0.0,소각,6.9,0.0,0.0,0.0,부산
139,70.4,0.1,5.1,1.8,1.1,0.0,3.0,0.6,199.4,0.0,0.0,0.0,0.8,58.8,0.1,2.2,137.6,사하구,0.0,0.0,0.0,0.0,0.0,0.5,8.4,0.1,19.1,0.4,7.1,0.0,6.4,재활용,0.0,18.6,0.0,0.0,부산
140,47.7,13.4,8.5,1.2,0.0,5.1,42.8,0.2,195.3,0.0,0.0,0.0,3.5,54.5,0.1,34.2,98.0,금정구,0.0,11.2,0.0,0.0,0.0,0.6,5.8,0.6,12.9,8.4,4.4,0.5,4.4,발생량,4.2,12.8,0.4,0.0,부산
141,0.0,3.6,0.0,0.0,0.0,5.1,19.7,0.0,19.7,0.0,0.0,0.0,1.0,0.0,0.0,13.6,0.0,금정구,0.0,3.6,0.0,0.0,0.0,0.0,0.0,0.4,0.0,6.0,0.0,0.5,0.0,매립,4.2,0.0,0.4,0.0,부산
142,0.0,0.0,0.0,0.0,0.0,0.0,0.6,0.0,0.6,0.0,0.0,0.0,0.0,0.0,0.0,0.6,0.0,금정구,0.0,0.0,0.0,0.0,0.0,0.6,0.0,0.0,0.0,0.0,0.0,0.0,0.0,소각,0.0,0.0,0.0,0.0,부산
143,47.7,9.8,8.5,1.2,0.0,0.0,22.5,0.2,175.0,0.0,0.0,0.0,2.5,54.5,0.1,20.0,98.0,금정구,0.0,7.6,0.0,0.0,0.0,0.0,5.8,0.2,12.9,2.4,4.4,0.0,4.4,재활용,0.0,12.8,0.0,0.0,부산
144,11.4,1.8,2.1,0.6,7.6,1.7,28.6,0.2,75.8,0.2,0.0,0.0,7.3,24.4,0.1,19.6,22.8,강서구,0.0,0.8,0.0,0.1,0.0,3.0,0.6,0.6,3.0,5.8,0.9,0.1,0.7,발생량,1.6,2.9,0.0,0.0,부산
145,0.0,0.1,0.0,0.0,0.6,0.8,8.3,0.0,8.3,0.0,0.0,0.0,6.4,0.0,0.0,1.1,0.0,강서구,0.0,0.0,0.0,0.0,0.0,0.2,0.0,0.0,0.0,0.2,0.0,0.1,0.0,매립,0.7,0.0,0.0,0.0,부산
146,0.0,1.5,0.0,0.0,1.4,0.8,8.4,0.0,8.4,0.0,0.0,0.0,0.3,0.0,0.0,7.3,0.0,강서구,0.0,0.7,0.0,0.0,0.0,0.0,0.0,0.2,0.0,3.5,0.0,0.0,0.0,소각,0.8,0.0,0.0,0.0,부산
147,11.4,0.2,2.1,0.6,5.6,0.1,11.9,0.2,59.1,0.2,0.0,0.0,0.6,24.4,0.1,11.2,22.8,강서구,0.0,0.1,0.0,0.1,0.0,2.8,0.6,0.4,3.0,2.1,0.9,0.0,0.7,재활용,0.1,2.9,0.0,0.0,부산
148,41.2,4.8,6.4,1.0,11.9,5.5,44.6,0.3,163.9,0.0,0.0,0.0,2.9,34.4,0.1,36.2,84.9,연제구,0.0,2.1,0.0,0.1,0.0,3.5,4.6,1.0,11.1,12.9,5.2,0.1,3.8,발생량,5.4,11.1,0.0,0.0,부산
149,0.0,0.4,0.0,0.0,2.4,3.0,8.8,0.0,8.8,0.0,0.0,0.0,1.3,0.0,0.0,4.5,0.0,연제구,0.0,0.1,0.0,0.0,0.0,0.8,0.0,0.1,0.0,0.7,0.0,0.1,0.0,매립,2.9,0.0,0.0,0.0,부산
150,0.0,4.2,0.0,0.0,4.0,2.4,24.3,0.0,24.3,0.0,0.0,0.0,1.1,0.0,0.0,20.8,0.0,연제구,0.0,2.0,0.0,0.0,0.0,0.0,0.0,0.5,0.0,10.1,0.0,0.0,0.0,소각,2.4,0.0,0.0,0.0,부산
151,41.2,0.2,6.4,1.0,5.5,0.1,11.5,0.3,130.8,0.0,0.0,0.0,0.5,34.4,0.1,10.9,84.9,연제구,0.0,0.0,0.0,0.1,0.0,2.7,4.6,0.4,11.1,2.1,5.2,0.0,3.8,재활용,0.1,11.1,0.0,0.0,부산
152,34.9,0.2,5.6,0.8,8.1,4.2,39.6,0.3,147.7,0.0,0.0,0.0,2.0,36.8,0.1,33.4,71.3,수영구,0.0,2.9,0.0,0.1,0.0,6.7,4.9,4.3,9.5,11.2,2.8,0.3,3.2,발생량,3.4,9.1,0.5,0.0,부산
153,0.0,0.2,0.0,0.0,1.0,2.4,6.9,0.0,6.9,0.0,0.0,0.0,0.0,0.0,0.0,4.5,0.0,수영구,0.0,0.1,0.0,0.0,0.0,2.1,0.0,0.1,0.0,1.0,0.0,0.1,0.0,매립,2.1,0.0,0.2,0.0,부산
154,0.0,0.0,0.0,0.0,2.9,1.0,20.0,0.0,20.0,0.0,0.0,0.0,2.0,0.0,0.0,17.0,0.0,수영구,0.0,2.8,0.0,0.0,0.0,3.8,0.0,2.8,0.0,4.7,0.0,0.1,0.0,소각,0.7,0.0,0.2,0.0,부산
155,34.9,0.0,5.6,0.8,4.2,0.8,12.7,0.3,120.8,0.0,0.0,0.0,0.0,36.8,0.1,11.9,71.3,수영구,0.0,0.0,0.0,0.1,0.0,0.8,4.9,1.4,9.5,5.5,2.8,0.1,3.2,재활용,0.6,9.1,0.1,0.0,부산
156,38.9,0.6,9.7,1.2,23.6,0.3,55.7,0.3,203.8,0.0,0.0,0.0,9.0,52.9,0.2,46.4,95.2,사상구,0.0,2.3,0.0,0.1,0.0,7.5,7.4,1.2,14.2,11.2,3.5,0.2,5.4,발생량,0.0,14.3,0.1,0.0,부산
157,0.0,0.1,0.0,0.0,9.5,0.3,23.4,0.0,23.4,0.0,0.0,0.0,4.0,0.0,0.0,19.1,0.0,사상구,0.0,1.5,0.0,0.0,0.0,3.6,0.0,0.3,0.0,4.1,0.0,0.2,0.0,매립,0.0,0.0,0.1,0.0,부산
158,0.0,0.4,0.0,0.0,0.5,0.0,8.0,0.0,8.0,0.0,0.0,0.0,1.0,0.0,0.0,7.0,0.0,사상구,0.0,0.6,0.0,0.0,0.0,0.0,0.0,0.1,0.0,5.4,0.0,0.0,0.0,소각,0.0,0.0,0.0,0.0,부산
159,38.9,0.1,9.7,1.2,13.6,0.0,24.3,0.3,172.4,0.0,0.0,0.0,4.0,52.9,0.2,20.3,95.2,사상구,0.0,0.2,0.0,0.1,0.0,3.9,7.4,0.8,14.2,1.7,3.5,0.0,5.4,재활용,0.0,14.3,0.0,0.0,부산
160,0.0,3.8,0.4,0.5,6.4,5.9,55.3,0.1,103.2,0.2,0.0,0.0,21.0,43.1,0.1,28.4,4.8,기장군,0.0,0.8,0.0,0.0,0.0,5.2,1.7,0.7,0.0,11.5,0.4,1.3,0.1,발생량,3.7,1.3,0.9,0.0,부산
161,0.0,0.2,0.0,0.0,0.3,0.7,5.3,0.0,5.3,0.0,0.0,0.0,2.7,0.0,0.0,1.9,0.0,기장군,0.0,0.2,0.0,0.0,0.0,0.6,0.0,0.0,0.0,0.6,0.0,0.0,0.0,매립,0.5,0.0,0.2,0.0,부산
162,0.0,3.6,0.0,0.0,6.1,3.7,44.9,0.0,44.9,0.0,0.0,0.0,16.8,0.0,0.0,24.4,0.0,기장군,0.0,0.6,0.0,0.0,0.0,2.5,0.0,0.7,0.0,10.9,0.0,1.3,0.0,소각,1.7,0.0,0.7,0.0,부산
163,0.0,0.0,0.4,0.5,0.0,1.5,5.1,0.1,53.0,0.2,0.0,0.0,1.5,43.1,0.1,2.1,4.8,기장군,0.0,0.0,0.0,0.0,0.0,2.1,1.7,0.0,0.0,0.0,0.4,0.0,0.1,재활용,1.5,1.3,0.0,0.0,부산
164,11.5,4.1,7.1,0.0,16.6,4.8,66.7,0.3,145.1,0.0,0.3,0.0,0.2,32.2,0.0,61.7,46.2,중구,0.0,3.2,0.0,0.0,1.4,10.0,5.3,1.7,2.8,26.1,2.5,2.4,4.1,발생량,0.6,11.2,1.5,0.0,대구
165,0.0,3.6,0.0,0.0,10.7,3.3,43.3,0.0,43.3,0.0,0.2,0.0,0.0,0.0,0.0,40.0,0.0,중구,0.0,2.1,0.0,0.0,0.0,5.6,0.0,1.1,0.0,16.9,0.0,1.6,0.0,매립,0.5,0.0,1.0,0.0,대구
166,0.0,0.5,0.0,0.0,1.6,0.4,6.3,0.0,6.3,0.0,0.0,0.0,0.0,0.0,0.0,5.9,0.0,중구,0.0,0.3,0.0,0.0,0.0,0.8,0.0,0.2,0.0,2.5,0.0,0.2,0.0,소각,0.1,0.0,0.1,0.0,대구
167,11.5,0.0,7.1,0.0,4.3,1.1,17.1,0.3,95.5,0.0,0.1,0.0,0.2,32.2,0.0,15.8,46.2,중구,0.0,0.8,0.0,0.0,1.4,3.6,5.3,0.4,2.8,6.7,2.5,0.6,4.1,재활용,0.0,11.2,0.4,0.0,대구
168,7.6,11.1,19.0,0.5,37.8,16.2,163.1,0.0,314.0,0.0,0.4,2.3,0.8,87.5,0.3,146.1,63.4,동구,0.0,2.9,0.0,0.1,1.1,22.2,5.6,4.3,6.3,67.8,5.0,5.5,5.1,발생량,1.1,10.3,9.2,0.2,대구
169,0.0,6.3,0.0,0.0,18.7,5.0,75.5,0.0,75.5,0.0,0.4,0.0,0.8,0.0,0.0,69.7,0.0,동구,0.0,0.8,0.0,0.0,0.0,12.5,0.0,1.9,0.0,29.5,0.0,2.8,0.0,매립,0.1,0.0,1.7,0.0,대구
170,0.0,4.8,0.0,0.0,12.1,0.0,48.2,0.0,48.2,0.0,0.0,0.0,0.0,0.0,0.0,48.2,0.0,동구,0.0,1.4,0.0,0.0,0.0,8.2,0.0,2.4,0.0,19.3,0.0,0.0,0.0,소각,0.0,0.0,0.0,0.0,대구
171,7.6,0.0,19.0,0.5,7.0,11.2,39.4,0.0,190.3,0.0,0.0,2.3,0.0,87.5,0.3,28.2,63.4,동구,0.0,0.7,0.0,0.1,1.1,1.5,5.6,0.0,6.3,19.0,5.0,2.7,5.1,재활용,1.0,10.3,7.5,0.2,대구
172,58.4,0.0,5.1,0.1,14.6,39.1,102.6,0.3,225.6,0.0,0.0,0.0,0.0,44.1,0.0,63.5,78.9,서구,0.0,0.0,0.0,0.0,2.2,40.0,1.6,1.4,0.0,7.5,0.0,6.0,5.7,발생량,19.3,5.5,13.8,0.0,대구
173,0.0,0.0,0.0,0.0,8.2,24.3,56.7,0.0,56.7,0.0,0.0,0.0,0.0,0.0,0.0,32.4,0.0,서구,0.0,0.0,0.0,0.0,0.0,21.4,0.0,0.0,0.0,2.8,0.0,4.1,0.0,매립,11.1,0.0,9.1,0.0,대구
174,0.0,0.0,0.0,0.0,2.5,10.5,27.0,0.0,27.0,0.0,0.0,0.0,0.0,0.0,0.0,16.5,0.0,서구,0.0,0.0,0.0,0.0,0.0,12.9,0.0,0.0,0.0,1.1,0.0,1.7,0.0,소각,4.5,0.0,4.3,0.0,대구
175,58.4,0.0,5.1,0.1,3.9,4.3,18.9,0.3,141.9,0.0,0.0,0.0,0.0,44.1,0.0,14.6,78.9,서구,0.0,0.0,0.0,0.0,2.2,5.7,1.6,1.4,0.0,3.6,0.0,0.2,5.7,재활용,3.7,5.5,0.4,0.0,대구
176,7.4,0.0,0.8,0.5,16.0,30.8,92.5,0.0,175.8,0.0,0.4,0.0,0.0,28.0,0.6,61.7,55.3,남구,0.0,2.6,0.0,0.3,0.0,23.6,8.7,5.6,1.0,13.9,17.5,1.8,4.7,발생량,25.1,13.8,3.5,0.0,대구
177,0.0,0.0,0.0,0.0,7.3,20.8,48.9,0.0,48.9,0.0,0.4,0.0,0.0,0.0,0.0,28.1,0.0,남구,0.0,1.9,0.0,0.0,0.0,10.7,0.0,2.4,0.0,5.8,0.0,1.5,0.0,매립,16.1,0.0,2.8,0.0,대구
178,0.0,0.0,0.0,0.0,5.1,5.9,25.7,0.0,25.7,0.0,0.0,0.0,0.0,0.0,0.0,19.8,0.0,남구,0.0,0.4,0.0,0.0,0.0,7.6,0.0,1.9,0.0,4.8,0.0,0.2,0.0,소각,5.3,0.0,0.4,0.0,대구
179,7.4,0.0,0.8,0.5,3.6,4.1,17.9,0.0,101.2,0.0,0.0,0.0,0.0,28.0,0.6,13.8,55.3,남구,0.0,0.3,0.0,0.3,0.0,5.3,8.7,1.3,1.0,3.3,17.5,0.1,4.7,재활용,3.7,13.8,0.3,0.0,대구
180,38.1,0.0,0.0,0.6,30.2,68.0,192.0,0.4,419.7,0.0,1.8,0.0,0.0,114.7,28.9,124.0,113.0,북구,1.0,19.9,0.0,0.8,5.5,31.2,6.8,5.2,5.2,37.5,6.0,5.6,7.2,발생량,48.4,12.5,12.2,0.0,대구
181,0.0,0.0,0.0,0.0,13.5,52.5,113.7,0.0,113.7,0.0,1.2,0.0,0.0,0.0,0.0,61.2,0.0,북구,0.0,16.5,0.0,0.0,0.0,19.7,0.0,3.7,0.0,7.8,0.0,2.1,0.0,매립,45.7,0.0,3.5,0.0,대구
182,0.0,0.0,0.0,0.0,7.2,0.0,31.9,0.0,33.5,0.0,0.0,0.0,0.0,1.6,0.0,31.9,0.0,북구,0.0,2.2,0.0,0.0,0.0,9.8,0.0,1.5,0.0,11.2,0.0,0.0,0.0,소각,0.0,0.0,0.0,0.0,대구
183,38.1,0.0,0.0,0.6,9.5,15.5,46.4,0.4,272.5,0.0,0.6,0.0,0.0,113.1,28.9,30.9,113.0,북구,1.0,1.2,0.0,0.8,5.5,1.7,6.8,0.0,5.2,18.5,6.0,3.5,7.2,재활용,2.7,12.5,8.7,0.0,대구
184,17.7,14.2,0.9,1.9,42.7,13.3,172.1,0.4,390.3,0.0,0.9,9.4,0.0,118.3,0.5,158.8,99.9,수성구,0.2,1.9,0.0,0.0,5.0,28.4,17.6,4.3,13.7,67.3,11.0,6.3,9.0,발생량,2.2,12.6,3.9,0.0,대구
185,0.0,8.0,0.0,0.0,24.0,7.5,96.9,0.0,96.9,0.0,0.5,0.0,0.0,0.0,0.0,89.4,0.0,수성구,0.0,1.1,0.0,0.0,0.0,16.0,0.0,2.4,0.0,37.9,0.0,3.6,0.0,매립,1.2,0.0,2.2,0.0,대구
186,0.0,3.0,0.0,0.0,9.0,2.8,36.3,0.0,36.3,0.0,0.2,0.0,0.0,0.0,0.0,33.5,0.0,수성구,0.0,0.4,0.0,0.0,0.0,6.0,0.0,0.9,0.0,14.2,0.0,1.3,0.0,소각,0.5,0.0,0.8,0.0,대구
187,17.7,3.2,0.9,1.9,9.7,3.0,38.9,0.4,257.1,0.0,0.2,9.4,0.0,118.3,0.5,35.9,99.9,수성구,0.2,0.4,0.0,0.0,5.0,6.4,17.6,1.0,13.7,15.2,11.0,1.4,9.0,재활용,0.5,12.6,0.9,0.0,대구
188,36.3,0.0,38.2,0.1,32.3,107.1,240.3,6.3,548.4,0.0,0.7,0.0,0.0,149.8,0.4,133.2,158.3,달서구,0.1,5.3,0.1,0.1,2.7,52.4,19.8,12.4,15.7,30.8,10.2,3.5,10.0,발생량,101.1,18.2,1.8,0.1,대구
189,0.0,0.0,0.0,0.0,14.5,48.3,106.0,0.0,106.0,0.0,0.0,0.0,0.0,0.0,0.0,57.7,0.0,달서구,0.0,1.3,0.0,0.0,0.0,26.2,0.0,7.0,0.0,8.7,0.0,1.3,0.0,매립,47.0,0.0,0.0,0.0,대구
190,0.0,0.0,0.0,0.0,11.2,55.9,96.3,0.0,96.3,0.0,0.5,0.0,0.0,0.0,0.0,40.4,0.0,달서구,0.0,2.5,0.0,0.0,0.0,17.2,0.0,3.2,0.0,6.3,0.0,1.0,0.0,소각,53.8,0.0,0.6,0.0,대구
191,36.3,0.0,38.2,0.1,6.6,2.9,38.0,6.3,346.1,0.0,0.2,0.0,0.0,149.8,0.4,35.1,158.3,달서구,0.1,1.5,0.1,0.1,2.7,9.0,19.8,2.2,15.7,15.8,10.2,1.2,10.0,재활용,0.3,18.2,1.2,0.1,대구
192,16.9,0.0,0.1,0.0,25.9,7.2,91.3,0.2,189.0,0.1,0.4,0.0,0.0,50.6,0.1,84.1,47.1,달성군,0.0,1.0,0.0,0.0,1.0,19.2,3.4,2.3,4.7,35.7,6.5,3.4,4.6,발생량,1.3,9.5,2.1,0.0,대구
193,0.0,0.0,0.0,0.0,13.7,3.8,48.3,0.0,48.3,0.0,0.2,0.0,0.0,0.0,0.0,44.5,0.0,달성군,0.0,0.5,0.0,0.0,0.0,10.2,0.0,1.2,0.0,18.9,0.0,1.8,0.0,매립,0.7,0.0,1.1,0.0,대구
194,0.0,0.0,0.0,0.0,7.9,2.1,27.7,0.0,27.7,0.0,0.1,0.0,0.0,0.0,0.0,25.6,0.0,달성군,0.0,0.3,0.0,0.0,0.0,5.9,0.0,0.7,0.0,10.8,0.0,1.0,0.0,소각,0.4,0.0,0.6,0.0,대구
195,16.9,0.0,0.1,0.0,4.3,1.3,15.3,0.2,113.0,0.1,0.1,0.0,0.0,50.6,0.1,14.0,47.1,달성군,0.0,0.2,0.0,0.0,1.0,3.1,3.4,0.4,4.7,6.0,6.5,0.6,4.6,재활용,0.2,9.5,0.4,0.0,대구
196,0.3,1.6,0.0,0.2,2.3,7.8,17.5,0.0,20.6,0.0,2.7,0.0,0.0,2.2,0.0,9.7,0.9,군위군,0.0,0.7,0.0,0.0,0.0,1.4,0.0,1.1,0.1,2.6,0.0,0.3,0.0,발생량,4.1,0.3,0.7,0.0,대구
197,0.0,0.8,0.0,0.0,0.9,7.1,11.4,0.0,11.7,0.0,2.7,0.0,0.0,0.3,0.0,4.3,0.0,군위군,0.0,0.3,0.0,0.0,0.0,0.8,0.0,0.5,0.0,1.0,0.0,0.3,0.0,매립,3.6,0.0,0.5,0.0,대구
198,0.0,0.0,0.0,0.0,1.3,0.3,4.4,0.0,4.4,0.0,0.0,0.0,0.0,0.0,0.0,4.1,0.0,군위군,0.0,0.4,0.0,0.0,0.0,0.4,0.0,0.6,0.0,1.4,0.0,0.0,0.0,소각,0.3,0.0,0.0,0.0,대구
199,0.3,0.8,0.0,0.2,0.1,0.4,1.7,0.0,4.5,0.0,0.0,0.0,0.0,1.9,0.0,1.3,0.9,군위군,0.0,0.0,0.0,0.0,0.0,0.2,0.0,0.0,0.1,0.2,0.0,0.0,0.0,재활용,0.2,0.3,0.2,0.0,대구
200,5.6,4.2,0.0,0.0,6.8,18.2,58.3,0.2,127.0,0.0,1.7,0.0,0.0,52.2,0.1,40.1,16.5,중구,0.0,8.0,0.0,0.0,0.7,0.7,3.8,8.8,0.4,11.6,1.8,5.6,0.8,발생량,4.7,3.1,6.2,0.0,인천
201,0.0,0.0,0.0,0.0,0.0,18.2,18.2,0.0,18.2,0.0,1.7,0.0,0.0,0.0,0.0,0.0,0.0,중구,0.0,0.0,0.0,0.0,0.0,0.0,0.0,0.0,0.0,0.0,0.0,5.6,0.0,매립,4.7,0.0,6.2,0.0,인천
202,0.0,4.2,0.0,0.0,6.8,0.0,40.1,0.0,40.1,0.0,0.0,0.0,0.0,0.0,0.0,40.1,0.0,중구,0.0,8.0,0.0,0.0,0.0,0.7,0.0,8.8,0.0,11.6,0.0,0.0,0.0,소각,0.0,0.0,0.0,0.0,인천
203,5.6,0.0,0.0,0.0,0.0,0.0,0.0,0.2,68.7,0.0,0.0,0.0,0.0,52.2,0.1,0.0,16.5,중구,0.0,0.0,0.0,0.0,0.7,0.0,3.8,0.0,0.4,0.0,1.8,0.0,0.8,재활용,0.0,3.1,0.0,0.0,인천
204,3.2,0.0,0.1,0.1,3.6,5.9,20.7,0.4,53.1,0.0,0.3,0.1,0.9,21.9,0.1,13.9,10.5,동구,0.0,0.3,0.0,0.0,0.7,5.6,2.4,0.3,0.4,4.1,1.3,0.3,0.5,발생량,4.2,1.2,1.1,0.0,인천
205,0.0,0.0,0.0,0.0,0.0,5.9,6.4,0.0,6.4,0.0,0.3,0.0,0.5,0.0,0.0,0.0,0.0,동구,0.0,0.0,0.0,0.0,0.0,0.0,0.0,0.0,0.0,0.0,0.0,0.3,0.0,매립,4.2,0.0,1.1,0.0,인천
206,0.0,0.0,0.0,0.0,3.6,0.0,14.3,0.0,14.3,0.0,0.0,0.0,0.4,0.0,0.0,13.9,0.0,동구,0.0,0.3,0.0,0.0,0.0,5.6,0.0,0.3,0.0,4.1,0.0,0.0,0.0,소각,0.0,0.0,0.0,0.0,인천
207,3.2,0.0,0.1,0.1,0.0,0.0,0.0,0.4,32.4,0.0,0.0,0.1,0.0,21.9,0.1,0.0,10.5,동구,0.0,0.0,0.0,0.0,0.7,0.0,2.4,0.0,0.4,0.0,1.3,0.0,0.5,재활용,0.0,1.2,0.0,0.0,인천
208,8.9,0.6,15.0,0.3,5.7,25.6,112.1,1.3,255.5,0.3,1.7,0.5,0.0,89.9,0.0,86.5,53.5,미추홀구,0.0,6.3,0.0,0.1,1.2,50.1,17.6,6.6,1.1,17.2,3.3,2.9,1.4,발생량,18.7,2.5,2.3,0.0,인천
209,0.0,0.0,0.0,0.0,0.0,25.6,25.6,0.0,25.6,0.0,1.7,0.0,0.0,0.0,0.0,0.0,0.0,미추홀구,0.0,0.0,0.0,0.0,0.0,0.0,0.0,0.0,0.0,0.0,0.0,2.9,0.0,매립,18.7,0.0,2.3,0.0,인천
210,0.0,0.6,0.0,0.0,5.7,0.0,86.5,0.0,86.5,0.0,0.0,0.0,0.0,0.0,0.0,86.5,0.0,미추홀구,0.0,6.3,0.0,0.0,0.0,50.1,0.0,6.6,0.0,17.2,0.0,0.0,0.0,소각,0.0,0.0,0.0,0.0,인천
211,8.9,0.0,15.0,0.3,0.0,0.0,0.0,1.3,143.4,0.3,0.0,0.5,0.0,89.9,0.0,0.0,53.5,미추홀구,0.0,0.0,0.0,0.1,1.2,0.0,17.6,0.0,1.1,0.0,3.3,0.0,1.4,재활용,0.0,2.5,0.0,0.0,인천
212,17.6,0.0,0.3,0.7,14.2,10.0,91.1,2.4,209.7,0.0,1.1,0.8,0.0,73.4,0.4,81.1,45.2,연수구,0.1,13.9,0.0,0.2,1.7,31.9,9.4,7.0,4.1,14.1,3.3,0.0,1.8,발생량,8.9,2.4,0.0,0.0,인천
213,0.0,0.0,0.0,0.0,0.0,10.0,10.0,0.0,10.0,0.0,1.1,0.0,0.0,0.0,0.0,0.0,0.0,연수구,0.0,0.0,0.0,0.0,0.0,0.0,0.0,0.0,0.0,0.0,0.0,0.0,0.0,매립,8.9,0.0,0.0,0.0,인천
214,0.0,0.0,0.0,0.0,14.2,0.0,81.1,0.0,81.1,0.0,0.0,0.0,0.0,0.0,0.0,81.1,0.0,연수구,0.0,13.9,0.0,0.0,0.0,31.9,0.0,7.0,0.0,14.1,0.0,0.0,0.0,소각,0.0,0.0,0.0,0.0,인천
215,17.6,0.0,0.3,0.7,0.0,0.0,0.0,2.4,118.6,0.0,0.0,0.8,0.0,73.4,0.4,0.0,45.2,연수구,0.1,0.0,0.0,0.2,1.7,0.0,9.4,0.0,4.1,0.0,3.3,0.0,1.8,재활용,0.0,2.4,0.0,0.0,인천
216,26.1,0.0,0.4,0.0,3.2,18.3,121.8,0.9,332.6,0.0,0.0,0.1,0.0,162.1,0.6,103.5,48.7,남동구,0.0,3.5,0.0,0.0,1.8,76.6,5.7,3.7,0.9,16.5,6.6,0.0,1.3,발생량,18.3,4.3,0.0,0.0,인천
217,0.0,0.0,0.0,0.0,0.0,18.3,18.3,0.0,18.3,0.0,0.0,0.0,0.0,0.0,0.0,0.0,0.0,남동구,0.0,0.0,0.0,0.0,0.0,0.0,0.0,0.0,0.0,0.0,0.0,0.0,0.0,매립,18.3,0.0,0.0,0.0,인천
218,0.0,0.0,0.0,0.0,3.2,0.0,103.5,0.0,103.5,0.0,0.0,0.0,0.0,0.0,0.0,103.5,0.0,남동구,0.0,3.5,0.0,0.0,0.0,76.6,0.0,3.7,0.0,16.5,0.0,0.0,0.0,소각,0.0,0.0,0.0,0.0,인천
219,26.1,0.0,0.4,0.0,0.0,0.0,0.0,0.9,210.8,0.0,0.0,0.1,0.0,162.1,0.6,0.0,48.7,남동구,0.0,0.0,0.0,0.0,1.8,0.0,5.7,0.0,0.9,0.0,6.6,0.0,1.3,재활용,0.0,4.3,0.0,0.0,인천
220,20.3,12.2,0.0,1.0,37.3,11.9,154.0,1.6,334.4,0.0,0.7,0.0,2.2,115.7,0.7,139.9,64.7,부평구,0.0,1.7,0.0,0.0,4.6,25.0,10.1,3.9,3.5,59.8,8.4,5.7,3.9,발생량,1.9,10.6,3.6,0.0,인천
221,0.0,3.7,0.0,0.0,11.4,3.6,46.3,0.0,46.3,0.0,0.2,0.0,0.2,0.0,0.0,42.5,0.0,부평구,0.0,0.5,0.0,0.0,0.0,7.6,0.0,1.2,0.0,18.1,0.0,1.7,0.0,매립,0.6,0.0,1.1,0.0,인천
222,0.0,8.5,0.0,0.0,25.9,8.3,107.7,0.0,107.7,0.0,0.5,0.0,2.0,0.0,0.0,97.4,0.0,부평구,0.0,1.2,0.0,0.0,0.0,17.4,0.0,2.7,0.0,41.7,0.0,4.0,0.0,소각,1.3,0.0,2.5,0.0,인천
223,20.3,0.0,0.0,1.0,0.0,0.0,0.0,1.6,180.4,0.0,0.0,0.0,0.0,115.7,0.7,0.0,64.7,부평구,0.0,0.0,0.0,0.0,4.6,0.0,10.1,0.0,3.5,0.0,8.4,0.0,3.9,재활용,0.0,10.6,0.0,0.0,인천
224,9.7,0.5,0.2,0.2,5.6,21.5,83.6,0.1,190.1,0.0,5.8,0.0,0.9,83.1,0.2,61.2,23.4,계양구,0.0,1.1,0.0,0.1,0.4,26.5,4.2,10.0,1.0,17.5,2.9,1.9,1.1,발생량,9.6,3.3,4.2,0.0,인천
225,0.0,0.0,0.0,0.0,0.0,21.2,21.2,0.0,21.2,0.0,5.5,0.0,0.0,0.0,0.0,0.0,0.0,계양구,0.0,0.0,0.0,0.0,0.0,0.0,0.0,0.0,0.0,0.0,0.0,1.9,0.0,매립,9.6,0.0,4.2,0.0,인천
226,0.0,0.5,0.0,0.0,5.6,0.3,56.9,0.0,56.9,0.0,0.3,0.0,0.9,0.0,0.0,55.7,0.0,계양구,0.0,1.1,0.0,0.0,0.0,26.5,0.0,4.5,0.0,17.5,0.0,0.0,0.0,소각,0.0,0.0,0.0,0.0,인천
227,9.7,0.0,0.2,0.2,0.0,0.0,5.5,0.1,112.0,0.0,0.0,0.0,0.0,83.1,0.2,5.5,23.4,계양구,0.0,0.0,0.0,0.1,0.4,0.0,4.2,5.5,1.0,0.0,2.9,0.0,1.1,재활용,0.0,3.3,0.0,0.0,인천
228,16.0,0.0,1.3,0.9,13.1,17.8,140.6,0.3,284.9,0.1,1.3,0.6,0.0,92.4,0.7,122.8,51.9,서구,0.0,5.5,0.0,0.1,3.5,45.3,5.3,8.1,1.1,50.8,3.2,1.7,1.4,발생량,14.4,17.4,0.4,0.0,인천
229,0.0,0.0,0.0,0.0,6.1,17.8,50.9,0.0,50.9,0.0,1.3,0.0,0.0,0.0,0.0,33.1,0.0,서구,0.0,1.7,0.0,0.0,0.0,6.5,0.0,3.0,0.0,15.8,0.0,1.7,0.0,매립,14.4,0.0,0.4,0.0,인천
230,0.0,0.0,0.0,0.0,7.0,0.0,89.7,0.0,89.7,0.0,0.0,0.0,0.0,0.0,0.0,89.7,0.0,서구,0.0,3.8,0.0,0.0,0.0,38.8,0.0,5.1,0.0,35.0,0.0,0.0,0.0,소각,0.0,0.0,0.0,0.0,인천
231,16.0,0.0,1.3,0.9,0.0,0.0,0.0,0.3,144.3,0.1,0.0,0.6,0.0,92.4,0.7,0.0,51.9,서구,0.0,0.0,0.0,0.1,3.5,0.0,5.3,0.0,1.1,0.0,3.2,0.0,1.4,재활용,0.0,17.4,0.0,0.0,인천
232,1.3,0.0,0.0,0.7,0.3,1.7,14.6,0.0,32.6,2.0,0.1,1.4,0.0,9.2,0.0,12.9,8.8,강화군,0.0,0.4,0.0,0.0,0.0,8.4,0.0,1.1,0.2,2.7,1.3,0.5,0.3,발생량,0.8,1.6,0.3,0.0,인천
233,0.0,0.0,0.0,0.0,0.0,1.6,2.0,0.0,2.0,0.0,0.1,0.0,0.0,0.0,0.0,0.4,0.0,강화군,0.0,0.0,0.0,0.0,0.0,0.3,0.0,0.1,0.0,0.0,0.0,0.5,0.0,매립,0.8,0.0,0.2,0.0,인천
234,0.0,0.0,0.0,0.0,0.3,0.1,12.6,0.0,12.6,0.0,0.0,0.0,0.0,0.0,0.0,12.5,0.0,강화군,0.0,0.4,0.0,0.0,0.0,8.1,0.0,1.0,0.0,2.7,0.0,0.0,0.0,소각,0.0,0.0,0.1,0.0,인천
235,1.3,0.0,0.0,0.7,0.0,0.0,0.0,0.0,18.0,2.0,0.0,1.4,0.0,9.2,0.0,0.0,8.8,강화군,0.0,0.0,0.0,0.0,0.0,0.0,0.0,0.0,0.2,0.0,1.3,0.0,0.3,재활용,0.0,1.6,0.0,0.0,인천
236,0.7,0.0,0.0,0.8,0.0,0.6,8.8,0.0,17.9,0.0,0.1,0.0,0.3,4.6,0.0,7.9,4.5,옹진군,0.0,0.0,0.0,0.0,0.0,2.8,0.2,0.5,1.0,4.6,0.7,0.1,0.5,발생량,0.3,0.6,0.1,0.0,인천
237,0.0,0.0,0.0,0.0,0.0,0.6,0.7,0.0,0.7,0.0,0.1,0.0,0.0,0.0,0.0,0.1,0.0,옹진군,0.0,0.0,0.0,0.0,0.0,0.0,0.0,0.1,0.0,0.0,0.0,0.1,0.0,매립,0.3,0.0,0.1,0.0,인천
238,0.0,0.0,0.0,0.0,0.0,0.0,7.8,0.0,7.9,0.0,0.0,0.0,0.0,0.1,0.0,7.8,0.0,옹진군,0.0,0.0,0.0,0.0,0.0,2.8,0.0,0.4,0.0,4.6,0.0,0.0,0.0,소각,0.0,0.0,0.0,0.0,인천
239,0.7,0.0,0.0,0.8,0.0,0.0,0.3,0.0,9.3,0.0,0.0,0.0,0.3,4.5,0.0,0.0,4.5,옹진군,0.0,0.0,0.0,0.0,0.0,0.0,0.2,0.0,1.0,0.0,0.7,0.0,0.5,재활용,0.0,0.6,0.0,0.0,인천
240,0.0,0.0,0.0,0.0,0.0,0.0,0.0,0.0,0.0,0.0,0.0,0.0,0.0,0.0,0.0,0.0,0.0,청라경제청,0.0,0.0,0.0,0.0,0.0,0.0,0.0,0.0,0.0,0.0,0.0,0.0,0.0,발생량,0.0,0.0,0.0,0.0,인천
241,0.0,0.0,0.0,0.0,0.0,0.0,0.0,0.0,0.0,0.0,0.0,0.0,0.0,0.0,0.0,0.0,0.0,청라경제청,0.0,0.0,0.0,0.0,0.0,0.0,0.0,0.0,0.0,0.0,0.0,0.0,0.0,매립,0.0,0.0,0.0,0.0,인천
242,0.0,0.0,0.0,0.0,0.0,0.0,0.0,0.0,0.0,0.0,0.0,0.0,0.0,0.0,0.0,0.0,0.0,청라경제청,0.0,0.0,0.0,0.0,0.0,0.0,0.0,0.0,0.0,0.0,0.0,0.0,0.0,소각,0.0,0.0,0.0,0.0,인천
243,0.0,0.0,0.0,0.0,0.0,0.0,0.0,0.0,0.0,0.0,0.0,0.0,0.0,0.0,0.0,0.0,0.0,청라경제청,0.0,0.0,0.0,0.0,0.0,0.0,0.0,0.0,0.0,0.0,0.0,0.0,0.0,재활용,0.0,0.0,0.0,0.0,인천
244,0.1,3.6,0.0,0.0,12.6,7.7,50.0,0.2,88.8,0.0,2.2,1.4,0.0,35.0,0.1,42.3,3.8,동구,0.0,0.9,0.0,0.0,0.0,2.6,1.0,1.0,0.1,21.6,0.3,3.4,0.0,발생량,2.1,0.6,0.0,0.0,광주
245,0.0,3.2,0.0,0.0,11.1,7.0,44.6,0.0,44.6,0.0,1.5,0.0,0.0,0.0,0.0,37.6,0.0,동구,0.0,0.6,0.0,0.0,0.0,2.6,0.0,0.7,0.0,19.4,0.0,3.4,0.0,매립,2.1,0.0,0.0,0.0,광주
246,0.0,0.4,0.0,0.0,1.5,0.7,5.4,0.0,5.4,0.0,0.7,0.0,0.0,0.0,0.0,4.7,0.0,동구,0.0,0.3,0.0,0.0,0.0,0.0,0.0,0.3,0.0,2.2,0.0,0.0,0.0,소각,0.0,0.0,0.0,0.0,광주
247,0.1,0.0,0.0,0.0,0.0,0.0,0.0,0.2,38.8,0.0,0.0,1.4,0.0,35.0,0.1,0.0,3.8,동구,0.0,0.0,0.0,0.0,0.0,0.0,1.0,0.0,0.1,0.0,0.3,0.0,0.0,재활용,0.0,0.6,0.0,0.0,광주
248,0.5,10.0,1.3,0.0,29.6,26.4,109.6,0.3,245.9,0.0,9.0,8.7,0.0,116.9,0.2,83.2,19.4,서구,0.0,4.0,0.0,0.0,0.0,28.4,3.7,4.0,0.3,7.2,2.1,11.3,0.3,발생량,6.1,2.0,0.0,0.0,광주
249,0.0,4.4,0.0,0.0,7.5,9.3,38.4,0.0,38.4,0.0,2.7,0.0,0.0,0.0,0.0,29.1,0.0,서구,0.0,2.8,0.0,0.0,0.0,8.8,0.0,2.8,0.0,2.8,0.0,3.6,0.0,매립,3.0,0.0,0.0,0.0,광주
250,0.0,5.6,0.0,0.0,22.1,17.1,71.2,0.0,71.2,0.0,6.3,0.0,0.0,0.0,0.0,54.1,0.0,서구,0.0,1.2,0.0,0.0,0.0,19.6,0.0,1.2,0.0,4.4,0.0,7.7,0.0,소각,3.1,0.0,0.0,0.0,광주
251,0.5,0.0,1.3,0.0,0.0,0.0,0.0,0.3,136.3,0.0,0.0,8.7,0.0,116.9,0.2,0.0,19.4,서구,0.0,0.0,0.0,0.0,0.0,0.0,3.7,0.0,0.3,0.0,2.1,0.0,0.3,재활용,0.0,2.0,0.0,0.0,광주
252,0.9,4.7,0.0,0.5,16.4,9.5,64.6,0.7,174.6,0.1,2.1,0.1,0.0,66.1,3.1,55.1,43.9,남구,3.5,1.1,0.0,0.0,0.0,3.4,5.8,1.3,1.4,28.2,16.3,5.3,1.4,발생량,2.1,10.1,0.0,0.0,광주
253,0.0,4.2,0.0,0.0,14.7,8.5,58.2,0.0,58.2,0.0,2.0,0.0,0.0,0.0,0.0,49.7,0.0,남구,0.0,0.7,0.0,0.0,0.0,3.4,0.0,1.0,0.0,25.7,0.0,4.5,0.0,매립,2.0,0.0,0.0,0.0,광주
254,0.0,0.5,0.0,0.0,1.7,1.0,6.4,0.0,6.4,0.0,0.1,0.0,0.0,0.0,0.0,5.4,0.0,남구,0.0,0.4,0.0,0.0,0.0,0.0,0.0,0.3,0.0,2.5,0.0,0.8,0.0,소각,0.1,0.0,0.0,0.0,광주
255,0.9,0.0,0.0,0.5,0.0,0.0,0.0,0.7,110.0,0.1,0.0,0.1,0.0,66.1,3.1,0.0,43.9,남구,3.5,0.0,0.0,0.0,0.0,0.0,5.8,0.0,1.4,0.0,16.3,0.0,1.4,재활용,0.0,10.1,0.0,0.0,광주
256,1.0,8.7,0.0,0.7,30.8,17.6,118.3,0.0,295.0,0.0,2.8,0.0,0.0,149.0,0.1,100.7,27.7,북구,0.0,4.2,0.0,0.2,0.0,3.6,16.0,3.7,0.3,49.7,4.6,11.9,0.4,발생량,2.9,4.4,0.0,0.0,광주
257,0.0,4.4,0.0,0.0,15.5,9.0,61.4,0.0,61.4,0.0,2.2,0.0,0.0,0.0,0.0,52.4,0.0,북구,0.0,0.8,0.0,0.0,0.0,3.6,0.0,1.0,0.0,27.1,0.0,4.7,0.0,매립,2.1,0.0,0.0,0.0,광주
258,0.0,4.3,0.0,0.0,15.3,8.6,56.9,0.0,56.9,0.0,0.6,0.0,0.0,0.0,0.0,48.3,0.0,북구,0.0,3.4,0.0,0.0,0.0,0.0,0.0,2.7,0.0,22.6,0.0,7.2,0.0,소각,0.8,0.0,0.0,0.0,광주
259,1.0,0.0,0.0,0.7,0.0,0.0,0.0,0.0,176.7,0.0,0.0,0.0,0.0,149.0,0.1,0.0,27.7,북구,0.0,0.0,0.0,0.2,0.0,0.0,16.0,0.0,0.3,0.0,4.6,0.0,0.4,재활용,0.0,4.4,0.0,0.0,광주
260,8.7,6.1,0.0,0.0,19.2,12.3,94.1,0.0,282.3,0.0,7.1,0.0,0.7,132.9,0.0,81.1,55.3,광산구,0.0,3.7,0.0,0.0,0.0,2.3,6.5,8.9,22.0,40.9,5.4,2.3,6.2,발생량,2.9,6.5,0.0,0.0,광주
261,0.0,2.3,0.0,0.0,5.8,5.3,44.4,0.0,44.4,0.0,0.7,0.0,0.0,0.0,0.0,39.1,0.0,광산구,0.0,0.7,0.0,0.0,0.0,2.1,0.0,6.4,0.0,21.8,0.0,2.3,0.0,매립,2.3,0.0,0.0,0.0,광주
262,0.0,3.8,0.0,0.0,13.4,7.0,49.7,0.0,49.7,0.0,6.4,0.0,0.7,0.0,0.0,42.0,0.0,광산구,0.0,3.0,0.0,0.0,0.0,0.2,0.0,2.5,0.0,19.1,0.0,0.0,0.0,소각,0.6,0.0,0.0,0.0,광주
263,8.7,0.0,0.0,0.0,0.0,0.0,0.0,0.0,188.2,0.0,0.0,0.0,0.0,132.9,0.0,0.0,55.3,광산구,0.0,0.0,0.0,0.0,0.0,0.0,6.5,0.0,22.0,0.0,5.4,0.0,6.2,재활용,0.0,6.5,0.0,0.0,광주
264,21.1,6.0,1.4,0.0,1.1,1.9,89.3,0.0,227.6,2.3,0.0,0.0,32.0,65.7,0.2,55.4,72.6,동구,0.0,0.0,0.0,0.0,0.0,47.2,12.6,0.0,16.8,1.1,4.2,0.2,2.7,발생량,0.0,11.3,1.7,0.0,대전
265,0.0,3.0,0.0,0.0,0.4,1.1,50.8,0.0,50.8,0.0,0.0,0.0,17.0,0.0,0.0,32.7,0.0,동구,0.0,0.0,0.0,0.0,0.0,29.2,0.0,0.0,0.0,0.1,0.0,0.1,0.0,매립,0.0,0.0,1.0,0.0,대전
266,0.0,3.0,0.0,0.0,0.7,0.8,38.5,0.0,38.5,0.0,0.0,0.0,15.0,0.0,0.0,22.7,0.0,동구,0.0,0.0,0.0,0.0,0.0,18.0,0.0,0.0,0.0,1.0,0.0,0.1,0.0,소각,0.0,0.0,0.7,0.0,대전
267,21.1,0.0,1.4,0.0,0.0,0.0,0.0,0.0,138.3,2.3,0.0,0.0,0.0,65.7,0.2,0.0,72.6,동구,0.0,0.0,0.0,0.0,0.0,0.0,12.6,0.0,16.8,0.0,4.2,0.0,2.7,재활용,0.0,11.3,0.0,0.0,대전
268,34.8,6.4,0.3,0.7,15.1,7.4,83.3,0.3,245.3,0.0,0.0,3.9,0.0,74.0,0.3,75.9,88.0,중구,0.0,5.8,0.0,0.1,0.0,20.9,12.5,6.7,9.3,21.0,8.5,1.9,6.0,발생량,4.6,11.3,0.9,0.0,대전
269,0.0,3.5,0.0,0.0,8.6,7.4,46.7,0.0,46.7,0.0,0.0,0.0,0.0,0.0,0.0,39.3,0.0,중구,0.0,3.0,0.0,0.0,0.0,13.2,0.0,3.6,0.0,7.4,0.0,1.9,0.0,매립,4.6,0.0,0.9,0.0,대전
270,0.0,2.9,0.0,0.0,6.5,0.0,36.6,0.0,36.6,0.0,0.0,0.0,0.0,0.0,0.0,36.6,0.0,중구,0.0,2.8,0.0,0.0,0.0,7.7,0.0,3.1,0.0,13.6,0.0,0.0,0.0,소각,0.0,0.0,0.0,0.0,대전
271,34.8,0.0,0.3,0.7,0.0,0.0,0.0,0.3,162.0,0.0,0.0,3.9,0.0,74.0,0.3,0.0,88.0,중구,0.0,0.0,0.0,0.1,0.0,0.0,12.5,0.0,9.3,0.0,8.5,0.0,6.0,재활용,0.0,11.3,0.0,0.0,대전
272,49.6,0.0,0.0,0.0,33.5,13.1,156.0,0.0,425.9,0.6,0.0,0.0,10.5,148.9,0.2,132.4,121.0,서구,0.0,15.6,0.0,0.1,0.0,10.3,18.4,10.9,8.5,62.1,12.3,4.9,2.6,발생량,0.0,28.7,8.2,0.0,대전
273,0.0,0.0,0.0,0.0,9.5,13.1,88.0,0.0,88.0,0.0,0.0,0.0,10.5,0.0,0.0,64.4,0.0,서구,0.0,4.9,0.0,0.0,0.0,8.8,0.0,7.2,0.0,34.0,0.0,4.9,0.0,매립,0.0,0.0,8.2,0.0,대전
274,0.0,0.0,0.0,0.0,24.0,0.0,68.0,0.0,68.0,0.0,0.0,0.0,0.0,0.0,0.0,68.0,0.0,서구,0.0,10.7,0.0,0.0,0.0,1.5,0.0,3.7,0.0,28.1,0.0,0.0,0.0,소각,0.0,0.0,0.0,0.0,대전
275,49.6,0.0,0.0,0.0,0.0,0.0,0.0,0.0,269.9,0.6,0.0,0.0,0.0,148.9,0.2,0.0,121.0,서구,0.0,0.0,0.0,0.1,0.0,0.0,18.4,0.0,8.5,0.0,12.3,0.0,2.6,재활용,0.0,28.7,0.0,0.0,대전
276,28.3,0.0,15.7,0.0,9.0,31.6,107.8,0.3,309.8,0.0,0.0,0.0,0.0,101.7,0.4,76.2,100.3,유성구,0.0,5.5,0.0,0.1,0.0,18.6,8.2,7.9,11.6,35.2,13.0,2.3,3.2,발생량,19.9,19.5,9.4,0.0,대전
277,0.0,0.0,0.0,0.0,4.7,17.6,46.6,0.0,46.6,0.0,0.0,0.0,0.0,0.0,0.0,29.0,0.0,유성구,0.0,1.9,0.0,0.0,0.0,9.5,0.0,3.4,0.0,9.5,0.0,1.5,0.0,매립,9.6,0.0,6.5,0.0,대전
278,0.0,0.0,0.0,0.0,4.3,14.0,61.2,0.0,61.2,0.0,0.0,0.0,0.0,0.0,0.0,47.2,0.0,유성구,0.0,3.6,0.0,0.0,0.0,9.1,0.0,4.5,0.0,25.7,0.0,0.8,0.0,소각,10.3,0.0,2.9,0.0,대전
279,28.3,0.0,15.7,0.0,0.0,0.0,0.0,0.3,202.0,0.0,0.0,0.0,0.0,101.7,0.4,0.0,100.3,유성구,0.0,0.0,0.0,0.1,0.0,0.0,8.2,0.0,11.6,0.0,13.0,0.0,3.2,재활용,0.0,19.5,0.0,0.0,대전
280,15.6,4.2,0.5,0.1,11.3,3.7,53.0,0.5,198.1,0.0,0.3,0.0,0.0,60.3,0.1,49.3,84.8,대덕구,0.0,0.9,0.0,0.1,0.0,13.4,18.0,0.9,5.3,18.6,12.4,0.3,20.4,발생량,2.4,11.8,0.7,0.0,대전
281,0.0,1.0,0.0,0.0,2.5,1.0,12.0,0.0,12.0,0.0,0.1,0.0,0.0,0.0,0.0,11.0,0.0,대덕구,0.0,0.2,0.0,0.0,0.0,2.9,0.0,0.2,0.0,4.2,0.0,0.1,0.0,매립,0.6,0.0,0.2,0.0,대전
282,0.0,3.2,0.0,0.0,8.8,2.7,41.0,0.0,41.0,0.0,0.2,0.0,0.0,0.0,0.0,38.3,0.0,대덕구,0.0,0.7,0.0,0.0,0.0,10.5,0.0,0.7,0.0,14.4,0.0,0.2,0.0,소각,1.8,0.0,0.5,0.0,대전
283,15.6,0.0,0.5,0.1,0.0,0.0,0.0,0.5,145.1,0.0,0.0,0.0,0.0,60.3,0.1,0.0,84.8,대덕구,0.0,0.0,0.0,0.1,0.0,0.0,18.0,0.0,5.3,0.0,12.4,0.0,20.4,재활용,0.0,11.8,0.0,0.0,대전
284,23.7,0.0,2.4,1.1,8.0,33.7,129.0,0.1,282.0,0.1,2.5,0.0,22.3,64.1,28.6,73.0,88.9,중구,0.3,4.4,0.0,0.0,0.0,38.7,3.0,8.0,0.3,13.9,7.6,0.0,12.0,발생량,29.9,9.7,1.3,0.0,울산
285,0.0,0.0,0.0,0.0,0.0,33.7,56.0,0.0,56.0,0.0,2.5,0.0,22.3,0.0,0.0,0.0,0.0,중구,0.0,0.0,0.0,0.0,0.0,0.0,0.0,0.0,0.0,0.0,0.0,0.0,0.0,매립,29.9,0.0,1.3,0.0,울산
286,0.0,0.0,0.0,0.0,8.0,0.0,73.0,0.0,79.3,0.0,0.0,0.0,0.0,6.3,0.0,73.0,0.0,중구,0.0,4.4,0.0,0.0,0.0,38.7,0.0,8.0,0.0,13.9,0.0,0.0,0.0,소각,0.0,0.0,0.0,0.0,울산
287,23.7,0.0,2.4,1.1,0.0,0.0,0.0,0.1,146.7,0.1,0.0,0.0,0.0,57.8,28.6,0.0,88.9,중구,0.3,0.0,0.0,0.0,0.0,0.0,3.0,0.0,0.3,0.0,7.6,0.0,12.0,재활용,0.0,9.7,0.0,0.0,울산
288,44.4,0.0,12.6,2.3,24.5,54.1,199.8,0.2,451.3,0.0,4.3,0.0,17.8,100.7,0.4,127.9,150.8,남구,0.0,14.3,0.0,0.1,6.1,55.7,14.4,11.7,33.6,21.7,5.9,4.9,17.1,발생량,38.2,13.7,6.7,0.0,울산
289,0.0,0.0,0.0,0.0,0.0,54.1,65.3,0.0,65.3,0.0,4.3,0.0,11.2,0.0,0.0,0.0,0.0,남구,0.0,0.0,0.0,0.0,0.0,0.0,0.0,0.0,0.0,0.0,0.0,4.9,0.0,매립,38.2,0.0,6.7,0.0,울산
290,0.0,0.0,0.0,0.0,24.5,0.0,134.5,0.0,145.2,0.0,0.0,0.0,6.6,10.7,0.0,127.9,0.0,남구,0.0,14.3,0.0,0.0,0.0,55.7,0.0,11.7,0.0,21.7,0.0,0.0,0.0,소각,0.0,0.0,0.0,0.0,울산
291,44.4,0.0,12.6,2.3,0.0,0.0,0.0,0.2,240.8,0.0,0.0,0.0,0.0,90.0,0.4,0.0,150.8,남구,0.0,0.0,0.0,0.1,6.1,0.0,14.4,0.0,33.6,0.0,5.9,0.0,17.1,재활용,0.0,13.7,0.0,0.0,울산
292,11.5,4.5,4.9,0.0,13.6,9.0,90.1,0.0,204.4,0.0,0.3,0.1,2.7,45.5,0.1,78.4,68.8,동구,0.0,2.6,0.0,0.0,0.8,22.2,5.4,14.1,26.1,21.4,3.1,2.0,6.2,발생량,5.4,10.6,1.3,0.0,울산
293,0.0,0.0,0.0,0.0,0.0,4.8,20.6,0.0,20.6,0.0,0.0,0.0,0.7,0.0,0.0,15.1,0.0,동구,0.0,0.0,0.0,0.0,0.0,15.1,0.0,0.0,0.0,0.0,0.0,0.0,0.0,매립,4.8,0.0,0.0,0.0,울산
294,0.0,4.5,0.0,0.0,13.6,4.2,69.5,0.0,70.2,0.0,0.3,0.0,2.0,0.7,0.0,63.3,0.0,동구,0.0,2.6,0.0,0.0,0.0,7.1,0.0,14.1,0.0,21.4,0.0,2.0,0.0,소각,0.6,0.0,1.3,0.0,울산
295,11.5,0.0,4.9,0.0,0.0,0.0,0.0,0.0,113.6,0.0,0.0,0.1,0.0,44.8,0.1,0.0,68.8,동구,0.0,0.0,0.0,0.0,0.8,0.0,5.4,0.0,26.1,0.0,3.1,0.0,6.2,재활용,0.0,10.6,0.0,0.0,울산
296,12.3,0.0,0.0,0.5,13.7,22.6,140.9,0.3,254.4,0.6,0.0,0.0,14.6,54.9,15.8,103.7,58.6,북구,0.0,3.2,0.0,0.0,0.0,60.6,4.3,6.8,1.9,19.4,6.1,0.0,5.7,발생량,22.6,11.1,0.0,0.0,울산
297,0.0,0.0,0.0,0.0,0.0,22.6,82.9,0.0,82.9,0.0,0.0,0.0,14.6,0.0,0.0,45.7,0.0,북구,0.0,0.0,0.0,0.0,0.0,45.7,0.0,0.0,0.0,0.0,0.0,0.0,0.0,매립,22.6,0.0,0.0,0.0,울산
298,0.0,0.0,0.0,0.0,13.7,0.0,58.0,0.0,59.0,0.0,0.0,0.0,0.0,1.0,0.0,58.0,0.0,북구,0.0,3.2,0.0,0.0,0.0,14.9,0.0,6.8,0.0,19.4,0.0,0.0,0.0,소각,0.0,0.0,0.0,0.0,울산
299,12.3,0.0,0.0,0.5,0.0,0.0,0.0,0.3,112.5,0.6,0.0,0.0,0.0,53.9,15.8,0.0,58.6,북구,0.0,0.0,0.0,0.0,0.0,0.0,4.3,0.0,1.9,0.0,6.1,0.0,5.7,재활용,0.0,11.1,0.0,0.0,울산
300,14.5,0.0,0.0,0.1,13.3,15.3,122.4,0.1,228.4,2.2,0.7,1.7,51.0,53.7,0.1,56.1,52.3,울주군,0.0,1.7,0.0,0.0,1.9,15.9,10.6,5.4,2.5,19.8,0.4,0.8,7.8,발생량,9.8,10.4,4.0,0.0,울산
301,0.0,0.0,0.0,0.0,0.0,1.4,33.4,0.0,33.4,0.0,0.0,0.0,31.0,0.0,0.0,1.0,0.0,울주군,0.0,0.0,0.0,0.0,0.0,1.0,0.0,0.0,0.0,0.0,0.0,0.0,0.0,매립,1.4,0.0,0.0,0.0,울산
302,0.0,0.0,0.0,0.0,13.3,13.9,89.0,0.0,90.6,0.0,0.7,0.0,20.0,1.6,0.0,55.1,0.0,울주군,0.0,1.7,0.0,0.0,0.0,14.9,0.0,5.4,0.0,19.8,0.0,0.8,0.0,소각,8.4,0.0,4.0,0.0,울산
303,14.5,0.0,0.0,0.1,0.0,0.0,0.0,0.1,104.4,2.2,0.0,1.7,0.0,52.1,0.1,0.0,52.3,울주군,0.0,0.0,0.0,0.0,1.9,0.0,10.6,0.0,2.5,0.0,0.4,0.0,7.8,재활용,0.0,10.4,0.0,0.0,울산
304,8.9,8.3,0.0,0.0,17.0,5.3,70.5,0.0,128.5,0.8,0.3,0.0,0.0,37.1,0.1,65.2,20.9,세종특별자치시,1.8,0.9,0.0,0.0,0.0,10.6,7.1,1.3,0.7,27.1,0.3,1.6,0.4,발생량,1.2,0.8,2.2,0.0,세종
305,0.0,1.2,0.0,0.0,2.4,0.7,9.9,0.0,9.9,0.0,0.0,0.0,0.0,0.0,0.0,9.2,0.0,세종특별자치시,0.0,0.1,0.0,0.0,0.0,1.5,0.0,0.2,0.0,3.8,0.0,0.2,0.0,매립,0.2,0.0,0.3,0.0,세종
306,0.0,4.5,0.0,0.0,9.3,2.9,38.5,0.0,38.5,0.0,0.2,0.0,0.0,0.0,0.0,35.6,0.0,세종특별자치시,0.0,0.5,0.0,0.0,0.0,5.8,0.0,0.7,0.0,14.8,0.0,0.9,0.0,소각,0.6,0.0,1.2,0.0,세종
307,8.9,2.6,0.0,0.0,5.3,1.7,22.1,0.0,80.1,0.8,0.1,0.0,0.0,37.1,0.1,20.4,20.9,세종특별자치시,1.8,0.3,0.0,0.0,0.0,3.3,7.1,0.4,0.7,8.5,0.3,0.5,0.4,재활용,0.4,0.8,0.7,0.0,세종
308,120.7,19.4,5.4,4.9,25.1,35.4,426.1,2.4,1067.8,0.0,0.0,24.3,0.0,249.4,0.5,390.7,392.3,수원시,0.0,92.6,0.0,0.3,0.4,21.6,62.1,36.8,15.6,195.2,20.5,0.0,21.9,발생량,35.4,113.1,0.0,0.2,경기
309,0.0,0.0,0.0,0.0,0.0,0.0,0.0,0.0,0.0,0.0,0.0,0.0,0.0,0.0,0.0,0.0,0.0,수원시,0.0,0.0,0.0,0.0,0.0,0.0,0.0,0.0,0.0,0.0,0.0,0.0,0.0,매립,0.0,0.0,0.0,0.0,경기
310,0.0,19.4,0.0,0.0,25.1,35.4,426.1,0.0,445.5,0.0,0.0,0.0,0.0,19.4,0.0,390.7,0.0,수원시,0.0,92.6,0.0,0.0,0.0,21.6,0.0,36.8,0.0,195.2,0.0,0.0,0.0,소각,35.4,0.0,0.0,0.0,경기
311,120.7,0.0,5.4,4.9,0.0,0.0,0.0,2.4,622.3,0.0,0.0,24.3,0.0,230.0,0.5,0.0,392.3,수원시,0.0,0.0,0.0,0.3,0.4,0.0,62.1,0.0,15.6,0.0,20.5,0.0,21.9,재활용,0.0,113.1,0.0,0.2,경기
312,19.0,19.3,4.2,2.1,80.7,4.1,372.0,10.2,804.8,0.0,0.0,14.6,0.0,240.0,0.3,367.9,192.8,성남시,0.3,37.2,0.0,0.1,3.4,96.0,17.8,5.6,6.8,129.1,30.8,0.0,33.0,발생량,4.1,50.2,0.0,0.0,경기
313,0.0,0.0,0.0,0.0,0.0,4.1,4.1,0.0,4.1,0.0,0.0,0.0,0.0,0.0,0.0,0.0,0.0,성남시,0.0,0.0,0.0,0.0,0.0,0.0,0.0,0.0,0.0,0.0,0.0,0.0,0.0,매립,4.1,0.0,0.0,0.0,경기
314,0.0,19.3,0.0,0.0,80.7,0.0,367.9,0.0,367.9,0.0,0.0,0.0,0.0,0.0,0.0,367.9,0.0,성남시,0.0,37.2,0.0,0.0,0.0,96.0,0.0,5.6,0.0,129.1,0.0,0.0,0.0,소각,0.0,0.0,0.0,0.0,경기
315,19.0,0.0,4.2,2.1,0.0,0.0,0.0,10.2,432.8,0.0,0.0,14.6,0.0,240.0,0.3,0.0,192.8,성남시,0.3,0.0,0.0,0.1,3.4,0.0,17.8,0.0,6.8,0.0,30.8,0.0,33.0,재활용,0.0,50.2,0.0,0.0,경기
316,33.2,20.0,0.0,3.8,17.6,13.4,124.3,0.6,344.5,0.0,0.0,1.3,0.4,116.9,0.8,110.5,103.3,의정부시,0.1,1.5,0.0,0.1,0.3,22.6,5.2,23.2,15.3,25.6,12.1,7.1,6.8,발생량,0.0,23.7,6.3,0.0,경기
317,0.0,0.2,0.0,0.0,0.2,0.2,1.3,0.0,1.3,0.0,0.0,0.0,0.0,0.0,0.0,1.1,0.0,의정부시,0.0,0.0,0.0,0.0,0.0,0.2,0.0,0.2,0.0,0.3,0.0,0.1,0.0,매립,0.0,0.0,0.1,0.0,경기
318,0.0,19.8,0.0,0.0,17.4,13.2,123.0,0.0,123.0,0.0,0.0,0.0,0.4,0.0,0.0,109.4,0.0,의정부시,0.0,1.5,0.0,0.0,0.0,22.4,0.0,23.0,0.0,25.3,0.0,7.0,0.0,소각,0.0,0.0,6.2,0.0,경기
319,33.2,0.0,0.0,3.8,0.0,0.0,0.0,0.6,220.2,0.0,0.0,1.3,0.0,116.9,0.8,0.0,103.3,의정부시,0.1,0.0,0.0,0.1,0.3,0.0,5.2,0.0,15.3,0.0,12.1,0.0,6.8,재활용,0.0,23.7,0.0,0.0,경기
320,0.6,29.8,0.8,1.4,63.2,10.0,205.7,0.6,405.2,0.0,2.4,29.8,0.0,149.5,0.1,195.7,50.0,안양시,0.0,21.2,0.0,0.1,0.0,12.5,6.1,19.9,0.7,49.1,3.1,2.3,1.4,발생량,2.7,5.3,2.6,0.0,경기
321,0.0,1.5,0.0,0.0,1.0,10.0,17.2,0.0,17.2,0.0,2.4,0.0,0.0,0.0,0.0,7.2,0.0,안양시,0.0,0.5,0.0,0.0,0.0,1.2,0.0,1.0,0.0,2.0,0.0,2.3,0.0,매립,2.7,0.0,2.6,0.0,경기
322,0.0,28.3,0.0,0.0,62.2,0.0,188.5,0.0,188.5,0.0,0.0,0.0,0.0,0.0,0.0,188.5,0.0,안양시,0.0,20.7,0.0,0.0,0.0,11.3,0.0,18.9,0.0,47.1,0.0,0.0,0.0,소각,0.0,0.0,0.0,0.0,경기
323,0.6,0.0,0.8,1.4,0.0,0.0,0.0,0.6,199.5,0.0,0.0,29.8,0.0,149.5,0.1,0.0,50.0,안양시,0.0,0.0,0.0,0.1,0.0,0.0,6.1,0.0,0.7,0.0,3.1,0.0,1.4,재활용,0.0,5.3,0.0,0.0,경기
324,2.3,28.8,15.5,2.0,65.1,11.0,251.5,1.6,533.8,0.0,0.0,11.1,12.7,216.2,0.3,227.8,66.1,부천시,0.0,20.8,0.0,0.1,0.0,0.0,22.4,29.7,0.2,83.4,3.7,5.4,1.7,발생량,0.0,5.2,5.6,0.0,경기
325,0.0,8.5,0.0,0.0,18.9,3.7,74.1,0.0,74.1,0.0,0.0,0.0,3.9,0.0,0.0,66.5,0.0,부천시,0.0,6.6,0.0,0.0,0.0,0.0,0.0,6.7,0.0,25.8,0.0,1.8,0.0,매립,0.0,0.0,1.9,0.0,경기
326,0.0,14.7,0.0,0.0,33.8,4.9,128.8,0.0,143.6,0.0,0.0,0.0,6.3,14.8,0.0,117.6,0.0,부천시,0.0,9.9,0.0,0.0,0.0,0.0,0.0,18.6,0.0,40.6,0.0,2.4,0.0,소각,0.0,0.0,2.5,0.0,경기
327,2.3,5.6,15.5,2.0,12.4,2.4,48.6,1.6,316.1,0.0,0.0,11.1,2.5,201.4,0.3,43.7,66.1,부천시,0.0,4.3,0.0,0.1,0.0,0.0,22.4,4.4,0.2,17.0,3.7,1.2,1.7,재활용,0.0,5.2,1.2,0.0,경기
328,3.8,0.0,0.0,0.1,1.8,0.0,121.2,3.0,223.9,0.0,0.0,0.0,0.9,71.8,0.1,120.3,30.9,광명시,0.0,3.2,0.0,0.1,0.0,0.4,15.7,21.2,0.0,93.7,4.0,0.0,2.1,발생량,0.0,2.0,0.0,0.0,경기
329,0.0,0.0,0.0,0.0,1.6,0.0,10.6,0.0,10.6,0.0,0.0,0.0,0.9,0.0,0.0,9.7,0.0,광명시,0.0,2.9,0.0,0.0,0.0,0.2,0.0,0.0,0.0,5.0,0.0,0.0,0.0,매립,0.0,0.0,0.0,0.0,경기
330,0.0,0.0,0.0,0.0,0.2,0.0,110.6,0.0,110.6,0.0,0.0,0.0,0.0,0.0,0.0,110.6,0.0,광명시,0.0,0.3,0.0,0.0,0.0,0.2,0.0,21.2,0.0,88.7,0.0,0.0,0.0,소각,0.0,0.0,0.0,0.0,경기
331,3.8,0.0,0.0,0.1,0.0,0.0,0.0,3.0,102.7,0.0,0.0,0.0,0.0,71.8,0.1,0.0,30.9,광명시,0.0,0.0,0.0,0.1,0.0,0.0,15.7,0.0,0.0,0.0,4.0,0.0,2.1,재활용,0.0,2.0,0.0,0.0,경기
332,6.9,7.8,1.0,0.1,34.9,3.1,180.4,0.2,368.5,2.2,0.3,0.0,0.0,128.2,2.0,177.3,59.9,평택시,0.5,7.1,0.1,0.1,0.2,81.5,28.6,16.3,2.2,29.7,6.8,0.7,1.4,발생량,1.5,7.6,0.6,0.0,경기
333,0.0,3.5,0.0,0.0,14.9,3.1,84.9,0.0,84.9,0.0,0.3,0.0,0.0,0.0,0.0,81.8,0.0,평택시,0.0,2.8,0.0,0.0,0.0,42.1,0.0,5.3,0.0,13.2,0.0,0.7,0.0,매립,1.5,0.0,0.6,0.0,경기
334,0.0,4.3,0.0,0.0,20.0,0.0,95.5,0.0,95.5,0.0,0.0,0.0,0.0,0.0,0.0,95.5,0.0,평택시,0.0,4.3,0.0,0.0,0.0,39.4,0.0,11.0,0.0,16.5,0.0,0.0,0.0,소각,0.0,0.0,0.0,0.0,경기
335,6.9,0.0,1.0,0.1,0.0,0.0,0.0,0.2,188.1,2.2,0.0,0.0,0.0,128.2,2.0,0.0,59.9,평택시,0.5,0.0,0.1,0.1,0.2,0.0,28.6,0.0,2.2,0.0,6.8,0.0,1.4,재활용,0.0,7.6,0.0,0.0,경기
336,3.0,0.0,0.0,0.0,4.1,0.0,32.4,0.0,79.5,0.0,0.0,0.0,0.0,31.7,7.1,32.4,15.4,동두천시,0.0,3.6,0.0,0.0,0.0,15.8,1.3,2.9,0.6,6.0,1.3,0.0,0.9,발생량,0.0,1.2,0.0,0.0,경기
337,0.0,0.0,0.0,0.0,0.0,0.0,0.0,0.0,0.0,0.0,0.0,0.0,0.0,0.0,0.0,0.0,0.0,동두천시,0.0,0.0,0.0,0.0,0.0,0.0,0.0,0.0,0.0,0.0,0.0,0.0,0.0,매립,0.0,0.0,0.0,0.0,경기
338,0.0,0.0,0.0,0.0,4.1,0.0,32.4,0.0,32.4,0.0,0.0,0.0,0.0,0.0,0.0,32.4,0.0,동두천시,0.0,3.6,0.0,0.0,0.0,15.8,0.0,2.9,0.0,6.0,0.0,0.0,0.0,소각,0.0,0.0,0.0,0.0,경기
339,3.0,0.0,0.0,0.0,0.0,0.0,0.0,0.0,47.1,0.0,0.0,0.0,0.0,31.7,7.1,0.0,15.4,동두천시,0.0,0.0,0.0,0.0,0.0,0.0,1.3,0.0,0.6,0.0,1.3,0.0,0.9,재활용,0.0,1.2,0.0,0.0,경기
340,1.0,14.3,2.7,1.1,25.8,27.2,214.9,0.7,481.9,0.1,1.6,17.9,0.0,214.7,0.4,187.7,52.3,안산시,0.0,21.5,0.0,0.1,1.2,43.9,19.5,30.9,0.3,51.3,1.4,1.4,1.6,발생량,23.9,4.3,0.3,0.0,경기
341,0.0,0.0,0.0,0.0,2.7,4.5,81.3,0.0,81.3,0.0,1.6,0.0,0.0,0.0,0.0,76.8,0.0,안산시,0.0,0.0,0.0,0.0,0.0,43.9,0.0,12.3,0.0,17.9,0.0,1.4,0.0,매립,1.2,0.0,0.3,0.0,경기
342,0.0,14.3,0.0,0.0,23.1,22.7,133.6,0.0,133.6,0.0,0.0,0.0,0.0,0.0,0.0,110.9,0.0,안산시,0.0,21.5,0.0,0.0,0.0,0.0,0.0,18.6,0.0,33.4,0.0,0.0,0.0,소각,22.7,0.0,0.0,0.0,경기
343,1.0,0.0,2.7,1.1,0.0,0.0,0.0,0.7,267.0,0.1,0.0,17.9,0.0,214.7,0.4,0.0,52.3,안산시,0.0,0.0,0.0,0.1,1.2,0.0,19.5,0.0,0.3,0.0,1.4,0.0,1.6,재활용,0.0,4.3,0.0,0.0,경기
344,76.9,25.8,5.3,0.0,65.7,4.2,296.7,0.9,798.3,0.4,0.0,0.0,0.0,321.9,1.2,292.5,179.7,고양시,0.0,91.2,0.0,0.1,0.0,17.9,8.1,14.6,33.6,77.3,15.9,2.7,5.6,발생량,0.0,31.7,1.5,0.0,경기
345,0.0,2.9,0.0,0.0,20.1,0.0,71.7,0.0,71.7,0.0,0.0,0.0,0.0,0.0,0.0,71.7,0.0,고양시,0.0,23.0,0.0,0.0,0.0,4.5,0.0,3.7,0.0,17.5,0.0,0.0,0.0,매립,0.0,0.0,0.0,0.0,경기
346,0.0,22.9,0.0,0.0,45.6,4.2,225.0,0.0,225.0,0.0,0.0,0.0,0.0,0.0,0.0,220.8,0.0,고양시,0.0,68.2,0.0,0.0,0.0,13.4,0.0,10.9,0.0,59.8,0.0,2.7,0.0,소각,0.0,0.0,1.5,0.0,경기
347,76.9,0.0,5.3,0.0,0.0,0.0,0.0,0.9,501.6,0.4,0.0,0.0,0.0,321.9,1.2,0.0,179.7,고양시,0.0,0.0,0.0,0.1,0.0,0.0,8.1,0.0,33.6,0.0,15.9,0.0,5.6,재활용,0.0,31.7,0.0,0.0,경기
348,0.4,5.1,0.0,0.0,10.3,3.2,42.8,0.0,63.0,0.0,0.2,0.0,0.0,17.6,0.0,39.6,2.6,과천시,0.0,0.5,0.0,0.0,0.0,6.5,0.0,0.7,0.1,16.5,1.3,1.0,0.1,발생량,0.7,0.7,1.3,0.0,경기
349,0.0,0.0,0.0,0.0,0.0,0.0,0.0,0.0,0.0,0.0,0.0,0.0,0.0,0.0,0.0,0.0,0.0,과천시,0.0,0.0,0.0,0.0,0.0,0.0,0.0,0.0,0.0,0.0,0.0,0.0,0.0,매립,0.0,0.0,0.0,0.0,경기
350,0.0,5.1,0.0,0.0,10.3,3.2,42.8,0.0,42.8,0.0,0.2,0.0,0.0,0.0,0.0,39.6,0.0,과천시,0.0,0.5,0.0,0.0,0.0,6.5,0.0,0.7,0.0,16.5,0.0,1.0,0.0,소각,0.7,0.0,1.3,0.0,경기
351,0.4,0.0,0.0,0.0,0.0,0.0,0.0,0.0,20.2,0.0,0.0,0.0,0.0,17.6,0.0,0.0,2.6,과천시,0.0,0.0,0.0,0.0,0.0,0.0,0.0,0.0,0.1,0.0,1.3,0.0,0.1,재활용,0.0,0.7,0.0,0.0,경기
352,7.0,7.1,1.4,0.3,17.0,4.1,73.7,0.3,146.7,0.0,0.5,0.0,0.0,50.2,0.2,69.6,22.8,구리시,0.0,8.3,0.0,0.0,0.6,0.0,3.7,15.6,1.6,21.6,2.7,3.2,1.0,발생량,0.4,4.0,0.0,0.0,경기
353,0.0,0.8,0.0,0.0,1.8,0.4,7.1,0.0,7.3,0.0,0.0,0.0,0.0,0.2,0.0,6.7,0.0,구리시,0.0,0.7,0.0,0.0,0.0,0.0,0.0,0.9,0.0,2.5,0.0,0.0,0.0,매립,0.4,0.0,0.0,0.0,경기
354,0.0,6.3,0.0,0.0,15.2,3.2,66.1,0.0,66.1,0.0,0.0,0.0,0.0,0.0,0.0,62.9,0.0,구리시,0.0,7.6,0.0,0.0,0.0,0.0,0.0,14.7,0.0,19.1,0.0,3.2,0.0,소각,0.0,0.0,0.0,0.0,경기
355,7.0,0.0,1.4,0.3,0.0,0.5,0.5,0.3,73.3,0.0,0.5,0.0,0.0,50.0,0.2,0.0,22.8,구리시,0.0,0.0,0.0,0.0,0.6,0.0,3.7,0.0,1.6,0.0,2.7,0.0,1.0,재활용,0.0,4.0,0.0,0.0,경기
356,3.6,6.7,5.8,0.1,36.1,48.1,157.2,0.0,375.7,0.0,45.8,22.3,0.0,155.9,0.0,109.1,62.6,남양주시,0.0,0.0,0.0,0.0,0.3,35.0,18.3,11.9,1.1,19.4,5.0,1.9,0.7,발생량,0.0,5.4,0.4,0.0,경기
357,0.0,1.4,0.0,0.0,7.6,10.2,33.2,0.0,33.2,0.0,9.7,0.0,0.0,0.0,0.0,23.0,0.0,남양주시,0.0,0.0,0.0,0.0,0.0,7.4,0.0,2.5,0.0,4.1,0.0,0.4,0.0,매립,0.0,0.0,0.1,0.0,경기
358,0.0,5.3,0.0,0.0,28.5,37.9,124.0,0.0,124.0,0.0,36.1,0.0,0.0,0.0,0.0,86.1,0.0,남양주시,0.0,0.0,0.0,0.0,0.0,27.6,0.0,9.4,0.0,15.3,0.0,1.5,0.0,소각,0.0,0.0,0.3,0.0,경기
359,3.6,0.0,5.8,0.1,0.0,0.0,0.0,0.0,218.5,0.0,0.0,22.3,0.0,155.9,0.0,0.0,62.6,남양주시,0.0,0.0,0.0,0.0,0.3,0.0,18.3,0.0,1.1,0.0,5.0,0.0,0.7,재활용,0.0,5.4,0.0,0.0,경기
360,0.9,0.0,0.1,0.0,14.6,2.8,57.8,0.8,128.1,4.1,0.0,0.0,0.0,53.3,1.6,55.0,17.0,오산시,0.0,1.6,0.0,0.0,0.0,3.4,6.1,4.4,0.0,31.0,0.9,0.0,0.8,발생량,2.8,1.7,0.0,0.0,경기
361,0.0,0.0,0.0,0.0,0.3,2.8,8.2,0.0,8.2,0.0,0.0,0.0,0.0,0.0,0.0,5.4,0.0,오산시,0.0,0.1,0.0,0.0,0.0,1.2,0.0,0.5,0.0,3.3,0.0,0.0,0.0,매립,2.8,0.0,0.0,0.0,경기
362,0.0,0.0,0.0,0.0,14.3,0.0,49.6,0.0,49.6,0.0,0.0,0.0,0.0,0.0,0.0,49.6,0.0,오산시,0.0,1.5,0.0,0.0,0.0,2.2,0.0,3.9,0.0,27.7,0.0,0.0,0.0,소각,0.0,0.0,0.0,0.0,경기
363,0.9,0.0,0.1,0.0,0.0,0.0,0.0,0.8,70.3,4.1,0.0,0.0,0.0,53.3,1.6,0.0,17.0,오산시,0.0,0.0,0.0,0.0,0.0,0.0,6.1,0.0,0.0,0.0,0.9,0.0,0.8,재활용,0.0,1.7,0.0,0.0,경기
364,15.9,0.0,0.1,0.5,11.8,16.6,119.6,0.7,288.5,0.0,0.7,9.6,0.0,131.7,0.1,103.0,37.2,시흥시,0.0,10.8,0.0,0.0,0.0,31.0,0.6,13.2,1.8,36.2,2.5,2.3,1.3,발생량,12.4,4.1,1.2,0.0,경기
365,0.0,0.0,0.0,0.0,8.1,16.6,87.8,0.0,87.8,0.0,0.7,0.0,0.0,0.0,0.0,71.2,0.0,시흥시,0.0,3.0,0.0,0.0,0.0,25.8,0.0,9.0,0.0,25.3,0.0,2.3,0.0,매립,12.4,0.0,1.2,0.0,경기
366,0.0,0.0,0.0,0.0,3.7,0.0,31.8,0.0,31.8,0.0,0.0,0.0,0.0,0.0,0.0,31.8,0.0,시흥시,0.0,7.8,0.0,0.0,0.0,5.2,0.0,4.2,0.0,10.9,0.0,0.0,0.0,소각,0.0,0.0,0.0,0.0,경기
367,15.9,0.0,0.1,0.5,0.0,0.0,0.0,0.7,168.9,0.0,0.0,9.6,0.0,131.7,0.1,0.0,37.2,시흥시,0.0,0.0,0.0,0.0,0.0,0.0,0.6,0.0,1.8,0.0,2.5,0.0,1.3,재활용,0.0,4.1,0.0,0.0,경기
368,2.8,6.4,3.6,0.0,36.4,5.3,102.1,0.1,180.0,0.0,0.0,0.0,0.0,66.4,0.1,96.8,11.5,군포시,0.0,2.0,0.0,0.0,0.6,26.2,0.0,9.7,0.2,16.1,2.0,1.1,0.5,발생량,1.5,1.6,2.7,0.0,경기
369,0.0,0.0,0.0,0.0,0.0,0.3,0.3,0.0,0.3,0.0,0.0,0.0,0.0,0.0,0.0,0.0,0.0,군포시,0.0,0.0,0.0,0.0,0.0,0.0,0.0,0.0,0.0,0.0,0.0,0.0,0.0,매립,0.3,0.0,0.0,0.0,경기
370,0.0,6.4,0.0,0.0,36.4,4.9,101.7,0.0,101.7,0.0,0.0,0.0,0.0,0.0,0.0,96.8,0.0,군포시,0.0,2.0,0.0,0.0,0.0,26.2,0.0,9.7,0.0,16.1,0.0,1.1,0.0,소각,1.1,0.0,2.7,0.0,경기
371,2.8,0.0,3.6,0.0,0.0,0.1,0.1,0.1,78.0,0.0,0.0,0.0,0.0,66.4,0.1,0.0,11.5,군포시,0.0,0.0,0.0,0.0,0.6,0.0,0.0,0.0,0.2,0.0,2.0,0.0,0.5,재활용,0.1,1.6,0.0,0.0,경기
372,3.8,2.4,2.0,0.0,6.1,3.1,36.1,0.8,93.4,0.0,0.2,0.0,0.0,43.2,0.0,33.0,14.1,의왕시,0.0,1.9,0.0,0.0,0.3,8.6,2.5,3.0,0.2,11.0,1.4,0.4,0.1,발생량,1.7,3.0,0.8,0.0,경기
373,0.0,0.6,0.0,0.0,1.5,0.8,8.9,0.0,8.9,0.0,0.0,0.0,0.0,0.0,0.0,8.1,0.0,의왕시,0.0,0.5,0.0,0.0,0.0,2.1,0.0,0.8,0.0,2.6,0.0,0.1,0.0,매립,0.4,0.0,0.3,0.0,경기
374,0.0,1.8,0.0,0.0,4.6,2.3,27.2,0.0,27.2,0.0,0.2,0.0,0.0,0.0,0.0,24.9,0.0,의왕시,0.0,1.4,0.0,0.0,0.0,6.5,0.0,2.2,0.0,8.4,0.0,0.3,0.0,소각,1.3,0.0,0.5,0.0,경기
375,3.8,0.0,2.0,0.0,0.0,0.0,0.0,0.8,57.3,0.0,0.0,0.0,0.0,43.2,0.0,0.0,14.1,의왕시,0.0,0.0,0.0,0.0,0.3,0.0,2.5,0.0,0.2,0.0,1.4,0.0,0.1,재활용,0.0,3.0,0.0,0.0,경기
376,0.5,2.1,3.0,0.5,17.2,13.2,68.9,0.2,130.8,0.0,2.6,2.7,0.0,52.1,0.1,55.7,9.8,하남시,0.0,5.6,0.0,0.0,0.0,3.5,0.0,2.2,0.0,25.1,1.4,1.5,0.5,발생량,3.7,0.9,5.4,0.0,경기
377,0.0,0.0,0.0,0.0,0.0,0.0,0.0,0.0,0.0,0.0,0.0,0.0,0.0,0.0,0.0,0.0,0.0,하남시,0.0,0.0,0.0,0.0,0.0,0.0,0.0,0.0,0.0,0.0,0.0,0.0,0.0,매립,0.0,0.0,0.0,0.0,경기
378,0.0,2.1,0.0,0.0,17.2,13.2,68.9,0.0,68.9,0.0,2.6,0.0,0.0,0.0,0.0,55.7,0.0,하남시,0.0,5.6,0.0,0.0,0.0,3.5,0.0,2.2,0.0,25.1,0.0,1.5,0.0,소각,3.7,0.0,5.4,0.0,경기
379,0.5,0.0,3.0,0.5,0.0,0.0,0.0,0.2,61.9,0.0,0.0,2.7,0.0,52.1,0.1,0.0,9.8,하남시,0.0,0.0,0.0,0.0,0.0,0.0,0.0,0.0,0.0,0.0,1.4,0.0,0.5,재활용,0.0,0.9,0.0,0.0,경기
380,87.2,47.5,0.0,2.3,79.2,36.1,362.7,14.8,902.0,0.0,14.1,35.3,0.0,215.6,8.5,326.6,323.7,용인시,0.0,39.7,0.0,8.5,13.0,24.3,10.0,25.9,18.3,110.0,35.1,8.0,21.9,발생량,7.0,68.8,7.0,0.0,경기
381,0.0,0.0,0.0,0.0,0.0,23.6,23.6,0.0,23.6,0.0,5.0,0.0,0.0,0.0,0.0,0.0,0.0,용인시,0.0,0.0,0.0,0.0,0.0,0.0,0.0,0.0,0.0,0.0,0.0,6.2,0.0,매립,6.0,0.0,6.4,0.0,경기
382,0.0,47.5,0.0,0.0,79.2,12.5,339.1,0.0,347.9,0.0,9.1,0.0,0.0,8.8,0.0,326.6,0.0,용인시,0.0,39.7,0.0,0.0,0.0,24.3,0.0,25.9,0.0,110.0,0.0,1.8,0.0,소각,1.0,0.0,0.6,0.0,경기
383,87.2,0.0,0.0,2.3,0.0,0.0,0.0,14.8,530.5,0.0,0.0,35.3,0.0,206.8,8.5,0.0,323.7,용인시,0.0,0.0,0.0,8.5,13.0,0.0,10.0,0.0,18.3,0.0,35.1,0.0,21.9,재활용,0.0,68.8,0.0,0.0,경기
384,61.7,12.3,8.8,0.0,42.8,42.7,175.4,0.0,376.4,1.9,16.1,0.0,9.1,73.9,0.1,123.6,127.1,파주시,0.0,19.1,0.0,0.1,0.0,6.9,8.7,9.9,2.7,32.6,24.7,2.7,5.2,발생량,21.6,13.2,2.3,0.0,경기
385,0.0,0.0,0.0,0.0,0.0,21.6,21.6,0.0,21.6,0.0,0.0,0.0,0.0,0.0,0.0,0.0,0.0,파주시,0.0,0.0,0.0,0.0,0.0,0.0,0.0,0.0,0.0,0.0,0.0,0.0,0.0,매립,21.6,0.0,0.0,0.0,경기
386,0.0,12.3,0.0,0.0,42.8,21.1,153.8,0.0,153.8,0.0,16.1,0.0,9.1,0.0,0.0,123.6,0.0,파주시,0.0,19.1,0.0,0.0,0.0,6.9,0.0,9.9,0.0,32.6,0.0,2.7,0.0,소각,0.0,0.0,2.3,0.0,경기
387,61.7,0.0,8.8,0.0,0.0,0.0,0.0,0.0,201.0,1.9,0.0,0.0,0.0,73.9,0.1,0.0,127.1,파주시,0.0,0.0,0.0,0.1,0.0,0.0,8.7,0.0,2.7,0.0,24.7,0.0,5.2,재활용,0.0,13.2,0.0,0.0,경기
388,0.4,6.5,0.0,0.3,14.7,10.1,67.0,0.3,150.0,8.9,0.0,0.0,0.0,66.1,0.2,56.9,16.9,이천시,0.0,5.2,0.0,0.0,0.0,4.6,0.1,1.7,0.0,24.2,2.5,2.4,0.9,발생량,3.8,3.3,3.9,0.0,경기
389,0.0,0.0,0.0,0.0,0.0,0.0,0.0,0.0,0.0,0.0,0.0,0.0,0.0,0.0,0.0,0.0,0.0,이천시,0.0,0.0,0.0,0.0,0.0,0.0,0.0,0.0,0.0,0.0,0.0,0.0,0.0,매립,0.0,0.0,0.0,0.0,경기
390,0.0,6.5,0.0,0.0,14.7,10.1,67.0,0.0,67.0,0.0,0.0,0.0,0.0,0.0,0.0,56.9,0.0,이천시,0.0,5.2,0.0,0.0,0.0,4.6,0.0,1.7,0.0,24.2,0.0,2.4,0.0,소각,3.8,0.0,3.9,0.0,경기
391,0.4,0.0,0.0,0.3,0.0,0.0,0.0,0.3,83.0,8.9,0.0,0.0,0.0,66.1,0.2,0.0,16.9,이천시,0.0,0.0,0.0,0.0,0.0,0.0,0.1,0.0,0.0,0.0,2.5,0.0,0.9,재활용,0.0,3.3,0.0,0.0,경기
392,1.4,6.2,0.2,0.2,12.1,6.7,59.0,0.4,108.7,0.0,1.5,0.0,0.0,37.7,1.1,52.3,12.0,안성시,0.0,3.8,0.0,0.0,0.0,9.3,2.8,3.7,0.4,17.2,2.2,0.6,0.6,발생량,3.1,2.7,1.5,0.0,경기
393,0.0,1.0,0.0,0.0,3.8,4.3,21.3,0.0,21.3,0.0,1.5,0.0,0.0,0.0,0.0,17.0,0.0,안성시,0.0,1.0,0.0,0.0,0.0,7.3,0.0,0.7,0.0,3.2,0.0,0.6,0.0,매립,0.7,0.0,1.5,0.0,경기
394,0.0,5.2,0.0,0.0,8.3,2.4,37.7,0.0,37.7,0.0,0.0,0.0,0.0,0.0,0.0,35.3,0.0,안성시,0.0,2.8,0.0,0.0,0.0,2.0,0.0,3.0,0.0,14.0,0.0,0.0,0.0,소각,2.4,0.0,0.0,0.0,경기
395,1.4,0.0,0.2,0.2,0.0,0.0,0.0,0.4,49.7,0.0,0.0,0.0,0.0,37.7,1.1,0.0,12.0,안성시,0.0,0.0,0.0,0.0,0.0,0.0,2.8,0.0,0.4,0.0,2.2,0.0,0.6,재활용,0.0,2.7,0.0,0.0,경기
396,1.8,13.3,2.8,0.6,27.2,8.3,112.7,0.0,197.2,2.4,0.5,0.0,0.0,70.8,0.3,104.4,13.7,김포시,0.0,5.6,0.0,0.0,0.1,12.8,0.3,2.0,0.2,43.5,1.6,2.7,0.7,발생량,1.8,2.9,3.3,0.0,경기
397,0.0,5.3,0.0,0.0,10.8,3.3,44.8,0.0,44.8,0.0,0.2,0.0,0.0,0.0,0.0,41.5,0.0,김포시,0.0,2.2,0.0,0.0,0.0,5.1,0.0,0.8,0.0,17.3,0.0,1.1,0.0,매립,0.7,0.0,1.3,0.0,경기
398,0.0,8.0,0.0,0.0,16.4,5.0,67.9,0.0,67.9,0.0,0.3,0.0,0.0,0.0,0.0,62.9,0.0,김포시,0.0,3.4,0.0,0.0,0.0,7.7,0.0,1.2,0.0,26.2,0.0,1.6,0.0,소각,1.1,0.0,2.0,0.0,경기
399,1.8,0.0,2.8,0.6,0.0,0.0,0.0,0.0,84.5,2.4,0.0,0.0,0.0,70.8,0.3,0.0,13.7,김포시,0.0,0.0,0.0,0.0,0.1,0.0,0.3,0.0,0.2,0.0,1.6,0.0,0.7,재활용,0.0,2.9,0.0,0.0,경기
400,0.2,9.1,0.0,0.0,0.0,5.8,235.0,0.0,372.6,0.0,0.0,0.0,0.0,130.0,0.5,229.2,7.6,화성시,0.0,0.0,0.0,0.0,0.0,198.4,1.8,21.7,1.1,0.0,0.7,0.0,1.3,발생량,5.8,2.0,0.0,0.0,경기
401,0.0,9.1,0.0,0.0,0.0,5.8,181.7,0.0,181.7,0.0,0.0,0.0,0.0,0.0,0.0,175.9,0.0,화성시,0.0,0.0,0.0,0.0,0.0,166.8,0.0,0.0,0.0,0.0,0.0,0.0,0.0,매립,5.8,0.0,0.0,0.0,경기
402,0.0,0.0,0.0,0.0,0.0,0.0,53.3,0.0,53.3,0.0,0.0,0.0,0.0,0.0,0.0,53.3,0.0,화성시,0.0,0.0,0.0,0.0,0.0,31.6,0.0,21.7,0.0,0.0,0.0,0.0,0.0,소각,0.0,0.0,0.0,0.0,경기
403,0.2,0.0,0.0,0.0,0.0,0.0,0.0,0.0,137.6,0.0,0.0,0.0,0.0,130.0,0.5,0.0,7.6,화성시,0.0,0.0,0.0,0.0,0.0,0.0,1.8,0.0,1.1,0.0,0.7,0.0,1.3,재활용,0.0,2.0,0.0,0.0,경기
404,12.9,0.0,0.0,0.0,7.6,0.0,75.9,3.5,254.1,3.0,0.0,0.0,0.0,84.4,16.0,75.9,93.8,광주시,0.0,7.6,0.0,0.0,0.0,15.3,20.1,15.1,4.1,30.3,10.0,0.0,9.8,발생량,0.0,14.4,0.0,0.0,경기
405,0.0,0.0,0.0,0.0,0.0,0.0,0.0,0.0,0.0,0.0,0.0,0.0,0.0,0.0,0.0,0.0,0.0,광주시,0.0,0.0,0.0,0.0,0.0,0.0,0.0,0.0,0.0,0.0,0.0,0.0,0.0,매립,0.0,0.0,0.0,0.0,경기
406,0.0,0.0,0.0,0.0,7.6,0.0,75.9,0.0,75.9,0.0,0.0,0.0,0.0,0.0,0.0,75.9,0.0,광주시,0.0,7.6,0.0,0.0,0.0,15.3,0.0,15.1,0.0,30.3,0.0,0.0,0.0,소각,0.0,0.0,0.0,0.0,경기
407,12.9,0.0,0.0,0.0,0.0,0.0,0.0,3.5,178.2,3.0,0.0,0.0,0.0,84.4,16.0,0.0,93.8,광주시,0.0,0.0,0.0,0.0,0.0,0.0,20.1,0.0,4.1,0.0,10.0,0.0,9.8,재활용,0.0,14.4,0.0,0.0,경기
408,1.0,8.0,0.0,0.1,18.5,14.0,67.3,0.0,123.6,0.3,0.0,0.0,0.0,50.0,0.0,53.3,6.3,양주시,0.0,0.0,0.0,0.1,0.0,7.8,1.8,3.1,0.1,15.9,0.6,14.0,0.5,발생량,0.0,1.8,0.0,0.0,경기
409,0.0,0.0,0.0,0.0,0.0,0.0,0.0,0.0,0.0,0.0,0.0,0.0,0.0,0.0,0.0,0.0,0.0,양주시,0.0,0.0,0.0,0.0,0.0,0.0,0.0,0.0,0.0,0.0,0.0,0.0,0.0,매립,0.0,0.0,0.0,0.0,경기
410,0.0,8.0,0.0,0.0,18.5,14.0,67.3,0.0,67.3,0.0,0.0,0.0,0.0,0.0,0.0,53.3,0.0,양주시,0.0,0.0,0.0,0.0,0.0,7.8,0.0,3.1,0.0,15.9,0.0,14.0,0.0,소각,0.0,0.0,0.0,0.0,경기
411,1.0,0.0,0.0,0.1,0.0,0.0,0.0,0.0,56.3,0.3,0.0,0.0,0.0,50.0,0.0,0.0,6.3,양주시,0.0,0.0,0.0,0.1,0.0,0.0,1.8,0.0,0.1,0.0,0.6,0.0,0.5,재활용,0.0,1.8,0.0,0.0,경기
412,28.0,0.0,7.0,0.0,0.1,14.9,81.4,0.1,186.8,2.0,3.6,0.0,0.0,30.1,0.0,66.5,75.3,포천시,0.0,0.3,0.0,0.0,1.5,65.5,4.3,0.6,8.8,0.0,8.5,0.0,3.5,발생량,11.0,11.6,0.3,0.0,경기
413,0.0,0.0,0.0,0.0,0.0,14.9,14.9,0.0,14.9,0.0,3.6,0.0,0.0,0.0,0.0,0.0,0.0,포천시,0.0,0.0,0.0,0.0,0.0,0.0,0.0,0.0,0.0,0.0,0.0,0.0,0.0,매립,11.0,0.0,0.3,0.0,경기
414,0.0,0.0,0.0,0.0,0.1,0.0,66.5,0.0,69.7,0.0,0.0,0.0,0.0,3.2,0.0,66.5,0.0,포천시,0.0,0.3,0.0,0.0,0.0,65.5,0.0,0.6,0.0,0.0,0.0,0.0,0.0,소각,0.0,0.0,0.0,0.0,경기
415,28.0,0.0,7.0,0.0,0.0,0.0,0.0,0.1,102.2,2.0,0.0,0.0,0.0,26.9,0.0,0.0,75.3,포천시,0.0,0.0,0.0,0.0,1.5,0.0,4.3,0.0,8.8,0.0,8.5,0.0,3.5,재활용,0.0,11.6,0.0,0.0,경기
416,0.3,0.0,0.0,0.0,11.4,18.4,67.8,0.0,107.0,0.0,7.3,0.0,0.0,35.1,0.0,49.4,4.1,여주시,0.0,0.7,0.0,0.0,0.0,28.5,0.9,1.5,0.1,7.3,1.1,0.4,0.4,발생량,9.2,1.3,1.5,0.0,경기
417,0.0,0.0,0.0,0.0,0.0,18.4,18.4,0.0,18.4,0.0,7.3,0.0,0.0,0.0,0.0,0.0,0.0,여주시,0.0,0.0,0.0,0.0,0.0,0.0,0.0,0.0,0.0,0.0,0.0,0.4,0.0,매립,9.2,0.0,1.5,0.0,경기
418,0.0,0.0,0.0,0.0,11.4,0.0,22.0,0.0,22.0,0.0,0.0,0.0,0.0,0.0,0.0,22.0,0.0,여주시,0.0,0.7,0.0,0.0,0.0,1.1,0.0,1.5,0.0,7.3,0.0,0.0,0.0,소각,0.0,0.0,0.0,0.0,경기
419,0.3,0.0,0.0,0.0,0.0,0.0,27.4,0.0,66.6,0.0,0.0,0.0,0.0,35.1,0.0,27.4,4.1,여주시,0.0,0.0,0.0,0.0,0.0,27.4,0.9,0.0,0.1,0.0,1.1,0.0,0.4,재활용,0.0,1.3,0.0,0.0,경기
420,0.5,0.0,0.0,0.0,4.3,15.7,42.8,0.0,52.9,0.0,9.8,0.0,0.0,7.0,0.0,27.1,3.1,연천군,0.0,1.3,0.0,0.0,0.0,9.3,0.1,3.7,0.7,8.5,0.6,0.0,0.2,발생량,5.9,1.0,0.0,0.0,경기
421,0.0,0.0,0.0,0.0,0.2,14.5,18.4,0.0,18.4,0.0,9.8,0.0,0.0,0.0,0.0,3.9,0.0,연천군,0.0,0.1,0.0,0.0,0.0,2.9,0.0,0.5,0.0,0.2,0.0,0.0,0.0,매립,4.7,0.0,0.0,0.0,경기
422,0.0,0.0,0.0,0.0,4.1,1.2,24.4,0.0,24.4,0.0,0.0,0.0,0.0,0.0,0.0,23.2,0.0,연천군,0.0,1.2,0.0,0.0,0.0,6.4,0.0,3.2,0.0,8.3,0.0,0.0,0.0,소각,1.2,0.0,0.0,0.0,경기
423,0.5,0.0,0.0,0.0,0.0,0.0,0.0,0.0,10.1,0.0,0.0,0.0,0.0,7.0,0.0,0.0,3.1,연천군,0.0,0.0,0.0,0.0,0.0,0.0,0.1,0.0,0.7,0.0,0.6,0.0,0.2,재활용,0.0,1.0,0.0,0.0,경기
424,1.7,0.1,0.0,0.2,16.8,5.2,40.3,0.2,71.6,0.1,0.9,0.0,1.0,22.5,0.2,34.1,8.8,가평군,0.0,7.5,0.0,0.1,0.4,2.5,1.4,2.9,1.3,4.3,0.8,2.0,0.9,발생량,1.0,1.5,1.3,0.0,경기
425,0.0,0.1,0.0,0.0,1.3,3.2,8.8,0.0,23.7,0.0,0.9,0.0,1.0,14.9,0.0,4.6,0.0,가평군,0.0,1.7,0.0,0.0,0.0,0.3,0.0,0.7,0.0,0.5,0.0,1.0,0.0,매립,1.0,0.0,0.3,0.0,경기
426,0.0,0.0,0.0,0.0,0.0,0.0,0.0,0.0,0.0,0.0,0.0,0.0,0.0,0.0,0.0,0.0,0.0,가평군,0.0,0.0,0.0,0.0,0.0,0.0,0.0,0.0,0.0,0.0,0.0,0.0,0.0,소각,0.0,0.0,0.0,0.0,경기
427,1.7,0.0,0.0,0.2,15.5,2.0,31.5,0.2,47.9,0.1,0.0,0.0,0.0,7.6,0.2,29.5,8.8,가평군,0.0,5.8,0.0,0.1,0.4,2.2,1.4,2.2,1.3,3.8,0.8,1.0,0.9,재활용,0.0,1.5,1.0,0.0,경기
428,0.8,0.0,0.0,0.4,0.0,6.4,36.2,0.1,59.2,0.0,2.1,0.0,0.0,16.5,0.1,29.8,6.5,양평군,0.0,0.0,0.0,0.0,0.0,29.8,0.0,0.0,0.4,0.0,1.5,0.0,0.5,발생량,4.3,2.7,0.0,0.0,경기
429,0.0,0.0,0.0,0.0,0.0,6.4,6.4,0.0,6.4,0.0,2.1,0.0,0.0,0.0,0.0,0.0,0.0,양평군,0.0,0.0,0.0,0.0,0.0,0.0,0.0,0.0,0.0,0.0,0.0,0.0,0.0,매립,4.3,0.0,0.0,0.0,경기
430,0.0,0.0,0.0,0.0,0.0,0.0,29.8,0.0,29.8,0.0,0.0,0.0,0.0,0.0,0.0,29.8,0.0,양평군,0.0,0.0,0.0,0.0,0.0,29.8,0.0,0.0,0.0,0.0,0.0,0.0,0.0,소각,0.0,0.0,0.0,0.0,경기
431,0.8,0.0,0.0,0.4,0.0,0.0,0.0,0.1,23.0,0.0,0.0,0.0,0.0,16.5,0.1,0.0,6.5,양평군,0.0,0.0,0.0,0.0,0.0,0.0,0.0,0.0,0.4,0.0,1.5,0.0,0.5,재활용,0.0,2.7,0.0,0.0,경기
432,232.7,44.1,0.5,0.1,90.0,28.0,448.8,0.1,1118.1,34.2,1.9,0.0,75.1,230.6,0.4,345.7,438.7,청주시,0.0,4.5,0.0,0.1,6.3,56.4,12.1,6.4,133.9,144.3,1.6,8.9,12.4,발생량,6.0,4.3,11.2,0.0,충북
433,0.0,6.0,0.0,0.0,12.3,3.8,117.7,0.0,125.6,0.0,0.3,0.0,66.6,7.9,0.0,47.3,0.0,청주시,0.0,0.6,0.0,0.0,0.0,7.7,0.0,0.9,0.0,19.8,0.0,1.2,0.0,매립,0.8,0.0,1.5,0.0,충북
434,0.0,38.1,0.0,0.0,77.7,24.2,331.1,0.0,336.7,0.0,1.6,0.0,8.5,5.6,0.0,298.4,0.0,청주시,0.0,3.9,0.0,0.0,0.0,48.7,0.0,5.5,0.0,124.5,0.0,7.7,0.0,소각,5.2,0.0,9.7,0.0,충북
435,232.7,0.0,0.5,0.1,0.0,0.0,0.0,0.1,655.8,34.2,0.0,0.0,0.0,217.1,0.4,0.0,438.7,청주시,0.0,0.0,0.0,0.1,6.3,0.0,12.1,0.0,133.9,0.0,1.6,0.0,12.4,재활용,0.0,4.3,0.0,0.0,충북
436,142.7,23.3,1.0,0.1,23.3,43.2,135.8,0.0,338.5,0.0,3.2,0.0,5.9,50.2,0.0,86.7,152.5,충주시,0.0,4.2,0.0,0.0,0.1,2.8,2.6,4.2,0.2,28.9,1.5,13.1,1.2,발생량,9.3,3.1,17.6,0.0,충북
437,0.0,0.0,0.0,0.0,0.0,36.7,42.3,0.0,42.3,0.0,1.4,0.0,5.6,0.0,0.0,0.0,0.0,충주시,0.0,0.0,0.0,0.0,0.0,0.0,0.0,0.0,0.0,0.0,0.0,11.3,0.0,매립,8.2,0.0,15.8,0.0,충북
438,0.0,23.3,0.0,0.0,23.3,6.5,93.5,0.0,93.5,0.0,1.8,0.0,0.3,0.0,0.0,86.7,0.0,충주시,0.0,4.2,0.0,0.0,0.0,2.8,0.0,4.2,0.0,28.9,0.0,1.8,0.0,소각,1.1,0.0,1.8,0.0,충북
439,142.7,0.0,1.0,0.1,0.0,0.0,0.0,0.0,202.7,0.0,0.0,0.0,0.0,50.2,0.0,0.0,152.5,충주시,0.0,0.0,0.0,0.0,0.1,0.0,2.6,0.0,0.2,0.0,1.5,0.0,1.2,재활용,0.0,3.1,0.0,0.0,충북
440,0.4,2.4,0.0,0.3,9.4,29.9,71.8,0.4,107.0,0.0,0.0,3.8,0.0,26.0,0.1,41.9,9.2,제천시,0.0,0.5,0.0,0.0,0.0,20.6,1.4,0.3,0.1,8.7,1.7,0.0,0.1,발생량,24.6,0.9,5.3,0.0,충북
441,0.0,0.0,0.0,0.0,0.0,24.0,42.2,0.0,42.2,0.0,0.0,0.0,0.0,0.0,0.0,18.2,0.0,제천시,0.0,0.0,0.0,0.0,0.0,18.2,0.0,0.0,0.0,0.0,0.0,0.0,0.0,매립,24.0,0.0,0.0,0.0,충북
442,0.0,2.4,0.0,0.0,9.4,5.9,29.6,0.0,30.9,0.0,0.0,0.0,0.0,1.3,0.0,23.7,0.0,제천시,0.0,0.5,0.0,0.0,0.0,2.4,0.0,0.3,0.0,8.7,0.0,0.0,0.0,소각,0.6,0.0,5.3,0.0,충북
443,0.4,0.0,0.0,0.3,0.0,0.0,0.0,0.4,33.9,0.0,0.0,3.8,0.0,24.7,0.1,0.0,9.2,제천시,0.0,0.0,0.0,0.0,0.0,0.0,1.4,0.0,0.1,0.0,1.7,0.0,0.1,재활용,0.0,0.9,0.0,0.0,충북
444,0.3,5.4,0.0,0.0,2.6,1.3,19.3,0.0,31.1,3.8,0.4,0.1,0.0,6.4,0.0,18.0,5.4,보은군,0.0,0.5,0.0,0.0,0.0,5.8,0.0,0.6,0.3,3.1,0.2,0.1,0.1,발생량,0.1,0.6,0.7,0.0,충북
445,0.0,0.0,0.0,0.0,0.0,1.3,1.3,0.0,1.3,0.0,0.4,0.0,0.0,0.0,0.0,0.0,0.0,보은군,0.0,0.0,0.0,0.0,0.0,0.0,0.0,0.0,0.0,0.0,0.0,0.1,0.0,매립,0.1,0.0,0.7,0.0,충북
446,0.0,5.4,0.0,0.0,2.6,0.0,18.0,0.0,23.1,0.0,0.0,0.0,0.0,5.1,0.0,18.0,0.0,보은군,0.0,0.5,0.0,0.0,0.0,5.8,0.0,0.6,0.0,3.1,0.0,0.0,0.0,소각,0.0,0.0,0.0,0.0,충북
447,0.3,0.0,0.0,0.0,0.0,0.0,0.0,0.0,6.7,3.8,0.0,0.1,0.0,1.3,0.0,0.0,5.4,보은군,0.0,0.0,0.0,0.0,0.0,0.0,0.0,0.0,0.3,0.0,0.2,0.0,0.1,재활용,0.0,0.6,0.0,0.0,충북
448,3.4,2.6,5.3,0.1,2.9,6.5,35.6,0.0,60.9,3.4,1.5,2.1,0.4,3.1,0.0,28.7,22.2,옥천군,0.0,3.1,0.0,0.0,0.0,6.7,0.3,8.6,3.3,4.8,1.0,0.2,1.0,발생량,4.6,2.3,0.2,0.0,충북
449,0.0,0.0,0.0,0.0,0.0,6.5,6.9,0.0,6.9,0.0,1.5,0.0,0.4,0.0,0.0,0.0,0.0,옥천군,0.0,0.0,0.0,0.0,0.0,0.0,0.0,0.0,0.0,0.0,0.0,0.2,0.0,매립,4.6,0.0,0.2,0.0,충북
450,0.0,2.6,0.0,0.0,2.9,0.0,28.7,0.0,31.3,0.0,0.0,0.0,0.0,2.6,0.0,28.7,0.0,옥천군,0.0,3.1,0.0,0.0,0.0,6.7,0.0,8.6,0.0,4.8,0.0,0.0,0.0,소각,0.0,0.0,0.0,0.0,충북
451,3.4,0.0,5.3,0.1,0.0,0.0,0.0,0.0,22.7,3.4,0.0,2.1,0.0,0.5,0.0,0.0,22.2,옥천군,0.0,0.0,0.0,0.0,0.0,0.0,0.3,0.0,3.3,0.0,1.0,0.0,1.0,재활용,0.0,2.3,0.0,0.0,충북
452,4.5,4.4,0.0,0.0,3.8,1.2,22.3,0.0,46.2,0.4,0.2,1.8,0.0,5.0,0.0,21.1,18.9,영동군,0.0,1.3,0.0,0.0,1.0,3.9,2.0,0.7,3.9,7.0,2.0,0.1,1.2,발생량,0.4,2.1,0.5,0.0,충북
453,0.0,0.0,0.0,0.0,0.0,1.2,1.2,0.0,1.2,0.0,0.2,0.0,0.0,0.0,0.0,0.0,0.0,영동군,0.0,0.0,0.0,0.0,0.0,0.0,0.0,0.0,0.0,0.0,0.0,0.1,0.0,매립,0.4,0.0,0.5,0.0,충북
454,0.0,4.4,0.0,0.0,3.8,0.0,21.1,0.0,25.5,0.0,0.0,0.0,0.0,4.4,0.0,21.1,0.0,영동군,0.0,1.3,0.0,0.0,0.0,3.9,0.0,0.7,0.0,7.0,0.0,0.0,0.0,소각,0.0,0.0,0.0,0.0,충북
455,4.5,0.0,0.0,0.0,0.0,0.0,0.0,0.0,19.5,0.4,0.0,1.8,0.0,0.6,0.0,0.0,18.9,영동군,0.0,0.0,0.0,0.0,1.0,0.0,2.0,0.0,3.9,0.0,2.0,0.0,1.2,재활용,0.0,2.1,0.0,0.0,충북
456,0.5,0.9,0.0,0.0,1.7,3.1,22.1,0.0,34.6,0.8,0.0,2.0,0.0,7.8,0.0,19.0,4.7,증평군,0.0,0.2,0.0,0.0,0.0,13.0,0.0,1.0,0.0,2.2,0.6,0.1,0.2,발생량,2.7,0.6,0.3,0.0,충북
457,0.0,0.4,0.0,0.0,0.2,1.1,11.6,0.0,11.6,0.0,0.0,0.0,0.0,0.0,0.0,10.5,0.0,증평군,0.0,0.2,0.0,0.0,0.0,9.1,0.0,0.3,0.0,0.3,0.0,0.0,0.0,매립,1.1,0.0,0.0,0.0,충북
458,0.0,0.5,0.0,0.0,0.5,0.7,7.5,0.0,7.5,0.0,0.0,0.0,0.0,0.0,0.0,6.8,0.0,증평군,0.0,0.0,0.0,0.0,0.0,3.9,0.0,0.7,0.0,1.2,0.0,0.0,0.0,소각,0.7,0.0,0.0,0.0,충북
459,0.5,0.0,0.0,0.0,1.0,1.3,3.0,0.0,15.5,0.8,0.0,2.0,0.0,7.8,0.0,1.7,4.7,증평군,0.0,0.0,0.0,0.0,0.0,0.0,0.0,0.0,0.0,0.7,0.6,0.1,0.2,재활용,0.9,0.6,0.3,0.0,충북
460,0.7,4.4,0.5,0.2,3.8,10.1,27.7,0.1,64.1,5.7,0.0,0.0,0.9,24.2,0.0,16.7,12.2,진천군,0.0,1.5,0.0,0.0,0.0,1.2,2.1,2.0,1.0,3.8,0.3,0.0,0.3,발생량,10.1,1.3,0.0,0.0,충북
461,0.0,1.2,0.0,0.0,1.0,8.9,14.2,0.0,18.8,0.0,0.0,0.0,0.9,4.6,0.0,4.4,0.0,진천군,0.0,0.4,0.0,0.0,0.0,0.3,0.0,0.5,0.0,1.0,0.0,0.0,0.0,매립,8.9,0.0,0.0,0.0,충북
462,0.0,3.2,0.0,0.0,2.8,1.2,13.5,0.0,17.9,0.0,0.0,0.0,0.0,4.4,0.0,12.3,0.0,진천군,0.0,1.1,0.0,0.0,0.0,0.9,0.0,1.5,0.0,2.8,0.0,0.0,0.0,소각,1.2,0.0,0.0,0.0,충북
463,0.7,0.0,0.5,0.2,0.0,0.0,0.0,0.1,27.4,5.7,0.0,0.0,0.0,15.2,0.0,0.0,12.2,진천군,0.0,0.0,0.0,0.0,0.0,0.0,2.1,0.0,1.0,0.0,0.3,0.0,0.3,재활용,0.0,1.3,0.0,0.0,충북
464,1.9,4.4,0.1,0.0,4.9,1.3,26.0,0.0,43.1,9.7,0.1,0.0,0.0,4.4,0.0,24.7,12.7,괴산군,0.0,0.4,0.0,0.0,0.0,8.4,0.1,0.3,0.1,6.3,0.2,0.1,0.1,발생량,0.8,0.5,0.3,0.0,충북
465,0.0,2.9,0.0,0.0,4.4,1.2,22.2,0.0,25.1,0.0,0.1,0.0,0.0,2.9,0.0,21.0,0.0,괴산군,0.0,0.4,0.0,0.0,0.0,7.3,0.0,0.3,0.0,5.7,0.0,0.1,0.0,매립,0.7,0.0,0.3,0.0,충북
466,0.0,0.0,0.0,0.0,0.5,0.1,2.3,0.0,2.3,0.0,0.0,0.0,0.0,0.0,0.0,2.2,0.0,괴산군,0.0,0.0,0.0,0.0,0.0,1.1,0.0,0.0,0.0,0.6,0.0,0.0,0.0,소각,0.1,0.0,0.0,0.0,충북
467,1.9,1.5,0.1,0.0,0.0,0.0,1.5,0.0,15.7,9.7,0.0,0.0,0.0,1.5,0.0,1.5,12.7,괴산군,0.0,0.0,0.0,0.0,0.0,0.0,0.1,0.0,0.1,0.0,0.2,0.0,0.1,재활용,0.0,0.5,0.0,0.0,충북
468,1.5,4.0,8.2,0.0,5.5,1.6,23.8,0.1,80.6,0.0,0.0,1.6,0.0,26.5,0.1,22.2,30.3,음성군,0.0,0.2,0.1,0.0,0.1,4.0,0.9,0.4,12.9,8.1,1.7,0.5,0.8,발생량,0.2,2.3,0.9,0.0,충북
469,0.0,1.6,0.0,0.0,1.2,0.6,6.1,0.0,6.1,0.0,0.0,0.0,0.0,0.0,0.0,5.5,0.0,음성군,0.0,0.1,0.0,0.0,0.0,1.3,0.0,0.1,0.0,1.2,0.0,0.1,0.0,매립,0.1,0.0,0.4,0.0,충북
470,0.0,2.4,0.0,0.0,4.3,1.0,17.7,0.0,44.2,0.0,0.0,0.0,0.0,26.5,0.0,16.7,0.0,음성군,0.0,0.1,0.0,0.0,0.0,2.7,0.0,0.3,0.0,6.9,0.0,0.4,0.0,소각,0.1,0.0,0.5,0.0,충북
471,1.5,0.0,8.2,0.0,0.0,0.0,0.0,0.1,30.3,0.0,0.0,1.6,0.0,0.0,0.1,0.0,30.3,음성군,0.0,0.0,0.1,0.0,0.1,0.0,0.9,0.0,12.9,0.0,1.7,0.0,0.8,재활용,0.0,2.3,0.0,0.0,충북
472,2.7,0.5,0.0,0.0,3.2,12.3,29.3,0.1,45.7,4.5,3.2,0.0,0.0,7.8,0.0,17.0,8.6,단양군,0.0,3.5,0.0,0.0,0.0,4.6,0.1,2.4,0.0,2.8,0.5,1.4,0.2,발생량,5.2,0.5,2.5,0.0,충북
473,0.0,0.0,0.0,0.0,0.0,12.3,15.8,0.0,18.8,0.0,3.2,0.0,0.0,3.0,0.0,3.5,0.0,단양군,0.0,0.0,0.0,0.0,0.0,3.5,0.0,0.0,0.0,0.0,0.0,1.4,0.0,매립,5.2,0.0,2.5,0.0,충북
474,0.0,0.5,0.0,0.0,3.2,0.0,13.5,0.0,13.5,0.0,0.0,0.0,0.0,0.0,0.0,13.5,0.0,단양군,0.0,3.5,0.0,0.0,0.0,1.1,0.0,2.4,0.0,2.8,0.0,0.0,0.0,소각,0.0,0.0,0.0,0.0,충북
475,2.7,0.0,0.0,0.0,0.0,0.0,0.0,0.1,13.4,4.5,0.0,0.0,0.0,4.8,0.0,0.0,8.6,단양군,0.0,0.0,0.0,0.0,0.0,0.0,0.1,0.0,0.0,0.0,0.5,0.0,0.2,재활용,0.0,0.5,0.0,0.0,충북
476,11.6,47.3,0.0,0.7,66.6,20.8,270.2,2.0,643.1,1.0,0.3,0.0,0.0,152.6,0.1,249.4,220.3,천안시,0.0,26.0,0.0,0.1,0.0,2.5,10.1,35.4,189.2,71.6,2.7,18.2,0.6,발생량,0.4,2.2,1.9,0.0,충남
477,0.0,1.2,0.0,0.0,3.2,3.1,14.0,0.0,14.0,0.0,0.3,0.0,0.0,0.0,0.0,10.9,0.0,천안시,0.0,0.6,0.0,0.0,0.0,2.5,0.0,0.1,0.0,3.3,0.0,0.5,0.0,매립,0.4,0.0,1.9,0.0,충남
478,0.0,46.1,0.0,0.0,63.4,17.7,256.2,0.0,256.2,0.0,0.0,0.0,0.0,0.0,0.0,238.5,0.0,천안시,0.0,25.4,0.0,0.0,0.0,0.0,0.0,35.3,0.0,68.3,0.0,17.7,0.0,소각,0.0,0.0,0.0,0.0,충남
479,11.6,0.0,0.0,0.7,0.0,0.0,0.0,2.0,372.9,1.0,0.0,0.0,0.0,152.6,0.1,0.0,220.3,천안시,0.0,0.0,0.0,0.1,0.0,0.0,10.1,0.0,189.2,0.0,2.7,0.0,0.6,재활용,0.0,2.2,0.0,0.0,충남
480,9.9,0.0,3.2,0.3,6.6,1.0,43.2,0.0,114.7,2.2,0.2,0.0,0.0,19.6,0.0,42.2,51.9,공주시,0.0,1.1,0.0,0.0,2.2,6.4,5.3,12.7,20.0,15.4,2.6,0.3,2.0,발생량,0.0,4.2,0.5,0.0,충남
481,0.0,0.0,0.0,0.0,0.0,1.0,1.0,0.0,1.0,0.0,0.2,0.0,0.0,0.0,0.0,0.0,0.0,공주시,0.0,0.0,0.0,0.0,0.0,0.0,0.0,0.0,0.0,0.0,0.0,0.3,0.0,매립,0.0,0.0,0.5,0.0,충남
482,0.0,0.0,0.0,0.0,6.6,0.0,42.2,0.0,42.2,0.0,0.0,0.0,0.0,0.0,0.0,42.2,0.0,공주시,0.0,1.1,0.0,0.0,0.0,6.4,0.0,12.7,0.0,15.4,0.0,0.0,0.0,소각,0.0,0.0,0.0,0.0,충남
483,9.9,0.0,3.2,0.3,0.0,0.0,0.0,0.0,71.5,2.2,0.0,0.0,0.0,19.6,0.0,0.0,51.9,공주시,0.0,0.0,0.0,0.0,2.2,0.0,5.3,0.0,20.0,0.0,2.6,0.0,2.0,재활용,0.0,4.2,0.0,0.0,충남
484,7.1,4.6,0.7,1.0,11.3,13.9,68.2,0.4,123.6,2.1,3.0,0.0,0.0,28.0,0.0,54.3,27.4,보령시,0.0,4.0,0.0,0.0,1.0,11.3,0.3,2.7,6.2,20.4,2.5,2.0,1.9,발생량,6.5,4.2,2.4,0.0,충남
485,0.0,0.7,0.0,0.0,1.8,13.9,22.4,0.0,22.4,0.0,3.0,0.0,0.0,0.0,0.0,8.5,0.0,보령시,0.0,0.6,0.0,0.0,0.0,1.8,0.0,0.4,0.0,3.2,0.0,2.0,0.0,매립,6.5,0.0,2.4,0.0,충남
486,0.0,3.9,0.0,0.0,9.5,0.0,45.8,0.0,45.8,0.0,0.0,0.0,0.0,0.0,0.0,45.8,0.0,보령시,0.0,3.4,0.0,0.0,0.0,9.5,0.0,2.3,0.0,17.2,0.0,0.0,0.0,소각,0.0,0.0,0.0,0.0,충남
487,7.1,0.0,0.7,1.0,0.0,0.0,0.0,0.4,55.4,2.1,0.0,0.0,0.0,28.0,0.0,0.0,27.4,보령시,0.0,0.0,0.0,0.0,1.0,0.0,0.3,0.0,6.2,0.0,2.5,0.0,1.9,재활용,0.0,4.2,0.0,0.0,충남
488,17.2,18.4,0.0,0.1,25.0,17.9,124.6,0.0,252.7,1.1,0.0,0.0,0.0,101.4,0.2,106.7,26.7,아산시,0.0,0.0,0.0,0.0,0.0,19.6,0.0,8.1,1.1,35.6,4.2,0.0,0.9,발생량,4.4,1.9,13.5,0.0,충남
489,0.0,0.0,0.0,0.0,0.0,0.0,0.0,0.0,0.0,0.0,0.0,0.0,0.0,0.0,0.0,0.0,0.0,아산시,0.0,0.0,0.0,0.0,0.0,0.0,0.0,0.0,0.0,0.0,0.0,0.0,0.0,매립,0.0,0.0,0.0,0.0,충남
490,0.0,18.4,0.0,0.0,25.0,17.9,124.6,0.0,124.6,0.0,0.0,0.0,0.0,0.0,0.0,106.7,0.0,아산시,0.0,0.0,0.0,0.0,0.0,19.6,0.0,8.1,0.0,35.6,0.0,0.0,0.0,소각,4.4,0.0,13.5,0.0,충남
491,17.2,0.0,0.0,0.1,0.0,0.0,0.0,0.0,128.1,1.1,0.0,0.0,0.0,101.4,0.2,0.0,26.7,아산시,0.0,0.0,0.0,0.0,0.0,0.0,0.0,0.0,1.1,0.0,4.2,0.0,0.9,재활용,0.0,1.9,0.0,0.0,충남
492,0.4,8.0,0.0,0.8,18.9,5.0,77.9,0.2,145.9,10.4,0.3,5.9,0.0,45.0,0.1,72.9,23.0,서산시,0.0,0.8,0.0,0.0,0.0,10.3,1.5,8.6,0.5,26.3,0.9,1.6,0.6,발생량,1.1,1.7,2.0,0.0,충남
493,0.0,0.0,0.0,0.0,0.0,0.0,0.0,0.0,0.0,0.0,0.0,0.0,0.0,0.0,0.0,0.0,0.0,서산시,0.0,0.0,0.0,0.0,0.0,0.0,0.0,0.0,0.0,0.0,0.0,0.0,0.0,매립,0.0,0.0,0.0,0.0,충남
494,0.0,8.0,0.0,0.0,18.9,5.0,77.9,0.0,77.9,0.0,0.3,0.0,0.0,0.0,0.0,72.9,0.0,서산시,0.0,0.8,0.0,0.0,0.0,10.3,0.0,8.6,0.0,26.3,0.0,1.6,0.0,소각,1.1,0.0,2.0,0.0,충남
495,0.4,0.0,0.0,0.8,0.0,0.0,0.0,0.2,68.0,10.4,0.0,5.9,0.0,45.0,0.1,0.0,23.0,서산시,0.0,0.0,0.0,0.0,0.0,0.0,1.5,0.0,0.5,0.0,0.9,0.0,0.6,재활용,0.0,1.7,0.0,0.0,충남
496,3.2,7.7,0.5,0.1,16.2,14.1,66.0,3.5,138.1,17.0,1.3,3.1,0.0,17.3,2.1,51.9,54.8,논산시,0.0,1.3,0.0,0.0,10.2,3.6,4.4,3.6,2.5,19.5,3.6,3.4,0.5,발생량,5.5,4.1,3.9,0.0,충남
497,0.0,4.2,0.0,0.0,8.9,9.8,37.2,0.0,37.2,0.0,1.3,0.0,0.0,0.0,0.0,27.4,0.0,논산시,0.0,0.7,0.0,0.0,0.0,1.8,0.0,1.8,0.0,10.0,0.0,3.2,0.0,매립,3.2,0.0,2.1,0.0,충남
498,0.0,3.5,0.0,0.0,7.3,4.1,27.6,0.0,27.6,0.0,0.0,0.0,0.0,0.0,0.0,23.5,0.0,논산시,0.0,0.6,0.0,0.0,0.0,1.8,0.0,1.8,0.0,8.5,0.0,0.0,0.0,소각,2.3,0.0,1.8,0.0,충남
499,3.2,0.0,0.5,0.1,0.0,0.2,1.2,3.5,73.3,17.0,0.0,3.1,0.0,17.3,2.1,1.0,54.8,논산시,0.0,0.0,0.0,0.0,10.2,0.0,4.4,0.0,2.5,1.0,3.6,0.2,0.5,재활용,0.0,4.1,0.0,0.0,충남
500,2.0,2.4,0.1,0.0,4.8,1.9,20.5,0.0,38.0,0.0,0.1,2.6,0.0,11.4,0.0,18.6,6.1,계룡시,0.0,0.2,0.0,0.0,0.0,3.1,0.4,0.3,0.0,7.8,0.6,0.6,0.1,발생량,0.4,0.3,0.8,0.0,충남
501,0.0,0.0,0.0,0.0,0.0,1.9,1.9,0.0,1.9,0.0,0.1,0.0,0.0,0.0,0.0,0.0,0.0,계룡시,0.0,0.0,0.0,0.0,0.0,0.0,0.0,0.0,0.0,0.0,0.0,0.6,0.0,매립,0.4,0.0,0.8,0.0,충남
502,0.0,2.4,0.0,0.0,4.8,0.0,18.6,0.0,18.6,0.0,0.0,0.0,0.0,0.0,0.0,18.6,0.0,계룡시,0.0,0.2,0.0,0.0,0.0,3.1,0.0,0.3,0.0,7.8,0.0,0.0,0.0,소각,0.0,0.0,0.0,0.0,충남
503,2.0,0.0,0.1,0.0,0.0,0.0,0.0,0.0,17.5,0.0,0.0,2.6,0.0,11.4,0.0,0.0,6.1,계룡시,0.0,0.0,0.0,0.0,0.0,0.0,0.4,0.0,0.0,0.0,0.6,0.0,0.1,재활용,0.0,0.3,0.0,0.0,충남
504,15.2,8.0,0.0,0.4,16.4,4.2,73.4,0.2,157.1,6.5,0.3,0.0,1.4,48.7,0.1,67.8,35.0,당진시,0.0,3.4,0.0,0.0,0.0,12.6,0.9,1.2,10.2,26.2,0.0,1.3,0.1,발생량,0.9,1.4,1.7,0.0,충남
505,0.0,0.0,0.0,0.0,0.0,0.0,0.0,0.0,0.0,0.0,0.0,0.0,0.0,0.0,0.0,0.0,0.0,당진시,0.0,0.0,0.0,0.0,0.0,0.0,0.0,0.0,0.0,0.0,0.0,0.0,0.0,매립,0.0,0.0,0.0,0.0,충남
506,0.0,8.0,0.0,0.0,16.4,4.2,73.4,0.0,73.4,0.0,0.3,0.0,1.4,0.0,0.0,67.8,0.0,당진시,0.0,3.4,0.0,0.0,0.0,12.6,0.0,1.2,0.0,26.2,0.0,1.3,0.0,소각,0.9,0.0,1.7,0.0,충남
507,15.2,0.0,0.0,0.4,0.0,0.0,0.0,0.2,83.7,6.5,0.0,0.0,0.0,48.7,0.1,0.0,35.0,당진시,0.0,0.0,0.0,0.0,0.0,0.0,0.9,0.0,10.2,0.0,0.0,0.0,0.1,재활용,0.0,1.4,0.0,0.0,충남
508,0.1,6.4,0.0,0.0,7.7,1.0,29.7,0.0,44.1,1.9,0.0,0.0,0.6,11.8,0.0,28.1,2.6,금산군,0.0,0.2,0.0,0.0,0.0,3.5,0.0,0.4,0.0,9.9,0.2,0.0,0.1,발생량,0.0,0.3,1.0,0.0,충남
509,0.0,6.4,0.0,0.0,7.7,1.0,29.7,0.0,29.7,0.0,0.0,0.0,0.6,0.0,0.0,28.1,0.0,금산군,0.0,0.2,0.0,0.0,0.0,3.5,0.0,0.4,0.0,9.9,0.0,0.0,0.0,매립,0.0,0.0,1.0,0.0,충남
510,0.0,0.0,0.0,0.0,0.0,0.0,0.0,0.0,0.0,0.0,0.0,0.0,0.0,0.0,0.0,0.0,0.0,금산군,0.0,0.0,0.0,0.0,0.0,0.0,0.0,0.0,0.0,0.0,0.0,0.0,0.0,소각,0.0,0.0,0.0,0.0,충남
511,0.1,0.0,0.0,0.0,0.0,0.0,0.0,0.0,14.4,1.9,0.0,0.0,0.0,11.8,0.0,0.0,2.6,금산군,0.0,0.0,0.0,0.0,0.0,0.0,0.0,0.0,0.0,0.0,0.2,0.0,0.1,재활용,0.0,0.3,0.0,0.0,충남
512,3.4,6.5,2.6,1.1,2.1,2.4,23.4,0.1,56.2,3.9,0.0,0.3,0.5,0.5,0.1,20.5,32.3,부여군,0.0,0.2,0.0,0.0,0.8,7.3,3.1,0.6,7.1,3.8,3.3,0.1,1.8,발생량,1.5,4.7,0.8,0.0,충남
513,0.0,6.5,0.0,0.0,2.1,2.4,23.4,0.0,23.4,0.0,0.0,0.0,0.5,0.0,0.0,20.5,0.0,부여군,0.0,0.2,0.0,0.0,0.0,7.3,0.0,0.6,0.0,3.8,0.0,0.1,0.0,매립,1.5,0.0,0.8,0.0,충남
514,0.0,0.0,0.0,0.0,0.0,0.0,0.0,0.0,0.0,0.0,0.0,0.0,0.0,0.0,0.0,0.0,0.0,부여군,0.0,0.0,0.0,0.0,0.0,0.0,0.0,0.0,0.0,0.0,0.0,0.0,0.0,소각,0.0,0.0,0.0,0.0,충남
515,3.4,0.0,2.6,1.1,0.0,0.0,0.0,0.1,32.8,3.9,0.0,0.3,0.0,0.5,0.1,0.0,32.3,부여군,0.0,0.0,0.0,0.0,0.8,0.0,3.1,0.0,7.1,0.0,3.3,0.0,1.8,재활용,0.0,4.7,0.0,0.0,충남
516,0.9,0.0,2.7,0.1,1.5,3.2,15.4,0.0,36.0,0.1,1.0,0.1,0.4,12.7,0.0,11.8,7.9,서천군,0.1,1.7,0.0,0.0,0.2,6.1,0.2,1.3,1.2,1.2,0.6,0.4,0.3,발생량,1.0,1.4,0.8,0.0,충남
517,0.0,0.0,0.0,0.0,0.0,3.2,3.2,0.0,3.2,0.0,1.0,0.0,0.0,0.0,0.0,0.0,0.0,서천군,0.0,0.0,0.0,0.0,0.0,0.0,0.0,0.0,0.0,0.0,0.0,0.4,0.0,매립,1.0,0.0,0.8,0.0,충남
518,0.0,0.0,0.0,0.0,1.5,0.0,12.2,0.0,21.8,0.0,0.0,0.0,0.4,9.6,0.0,11.8,0.0,서천군,0.0,1.7,0.0,0.0,0.0,6.1,0.0,1.3,0.0,1.2,0.0,0.0,0.0,소각,0.0,0.0,0.0,0.0,충남
519,0.9,0.0,2.7,0.1,0.0,0.0,0.0,0.0,11.0,0.1,0.0,0.1,0.0,3.1,0.0,0.0,7.9,서천군,0.1,0.0,0.0,0.0,0.2,0.0,0.2,0.0,1.2,0.0,0.6,0.0,0.3,재활용,0.0,1.4,0.0,0.0,충남
520,0.1,0.9,0.0,0.0,3.1,2.7,18.4,0.0,24.9,1.7,0.3,0.3,0.0,3.4,0.0,15.7,3.1,청양군,0.0,0.8,0.0,0.0,0.0,4.9,0.0,1.2,0.0,4.8,0.1,0.3,0.1,발생량,1.7,0.8,0.4,0.0,충남
521,0.0,0.1,0.0,0.0,0.5,1.7,4.0,0.0,4.0,0.0,0.2,0.0,0.0,0.0,0.0,2.3,0.0,청양군,0.0,0.1,0.0,0.0,0.0,0.8,0.0,0.1,0.0,0.7,0.0,0.1,0.0,매립,1.1,0.0,0.3,0.0,충남
522,0.0,0.8,0.0,0.0,2.4,0.7,13.4,0.0,13.4,0.0,0.0,0.0,0.0,0.0,0.0,12.7,0.0,청양군,0.0,0.7,0.0,0.0,0.0,3.9,0.0,0.9,0.0,4.0,0.0,0.2,0.0,소각,0.4,0.0,0.1,0.0,충남
523,0.1,0.0,0.0,0.0,0.2,0.3,1.0,0.0,7.5,1.7,0.1,0.3,0.0,3.4,0.0,0.7,3.1,청양군,0.0,0.0,0.0,0.0,0.0,0.2,0.0,0.2,0.0,0.1,0.1,0.0,0.1,재활용,0.2,0.8,0.0,0.0,충남
524,2.8,5.5,1.2,0.0,8.2,1.0,33.4,0.2,70.9,3.8,0.0,0.0,0.0,23.9,0.0,32.4,13.6,홍성군,0.0,1.4,0.0,0.0,0.7,3.2,0.6,0.7,0.4,13.4,1.2,0.3,0.4,발생량,0.3,2.3,0.4,0.0,충남
525,0.0,0.0,0.0,0.0,0.0,1.0,1.0,0.0,1.0,0.0,0.0,0.0,0.0,0.0,0.0,0.0,0.0,홍성군,0.0,0.0,0.0,0.0,0.0,0.0,0.0,0.0,0.0,0.0,0.0,0.3,0.0,매립,0.3,0.0,0.4,0.0,충남
526,0.0,5.5,0.0,0.0,8.2,0.0,32.4,0.0,32.4,0.0,0.0,0.0,0.0,0.0,0.0,32.4,0.0,홍성군,0.0,1.4,0.0,0.0,0.0,3.2,0.0,0.7,0.0,13.4,0.0,0.0,0.0,소각,0.0,0.0,0.0,0.0,충남
527,2.8,0.0,1.2,0.0,0.0,0.0,0.0,0.2,37.5,3.8,0.0,0.0,0.0,23.9,0.0,0.0,13.6,홍성군,0.0,0.0,0.0,0.0,0.7,0.0,0.6,0.0,0.4,0.0,1.2,0.0,0.4,재활용,0.0,2.3,0.0,0.0,충남
528,1.5,5.7,0.0,0.2,7.5,0.8,36.8,0.0,60.4,3.6,0.2,0.0,2.3,11.5,0.0,33.7,12.1,예산군,0.0,0.3,0.0,0.0,0.1,5.2,0.1,0.9,1.3,14.1,0.9,0.2,0.7,발생량,0.1,3.7,0.3,0.0,충남
529,0.0,0.0,0.0,0.0,0.0,0.8,0.8,0.0,0.8,0.0,0.2,0.0,0.0,0.0,0.0,0.0,0.0,예산군,0.0,0.0,0.0,0.0,0.0,0.0,0.0,0.0,0.0,0.0,0.0,0.2,0.0,매립,0.1,0.0,0.3,0.0,충남
530,0.0,5.7,0.0,0.0,7.5,0.0,36.0,0.0,36.0,0.0,0.0,0.0,2.3,0.0,0.0,33.7,0.0,예산군,0.0,0.3,0.0,0.0,0.0,5.2,0.0,0.9,0.0,14.1,0.0,0.0,0.0,소각,0.0,0.0,0.0,0.0,충남
531,1.5,0.0,0.0,0.2,0.0,0.0,0.0,0.0,23.6,3.6,0.0,0.0,0.0,11.5,0.0,0.0,12.1,예산군,0.0,0.0,0.0,0.0,0.1,0.0,0.1,0.0,1.3,0.0,0.9,0.0,0.7,재활용,0.0,3.7,0.0,0.0,충남
532,0.2,0.0,0.0,0.1,4.0,0.0,26.2,0.1,62.8,4.3,0.0,0.0,0.0,24.8,0.1,26.2,11.8,태안군,0.0,4.0,0.0,0.1,0.0,4.2,0.0,5.0,0.2,9.0,2.1,0.0,0.5,발생량,0.0,4.1,0.0,0.0,충남
533,0.0,0.0,0.0,0.0,0.0,0.0,1.0,0.0,1.0,0.0,0.0,0.0,0.0,0.0,0.0,1.0,0.0,태안군,0.0,0.0,0.0,0.0,0.0,1.0,0.0,0.0,0.0,0.0,0.0,0.0,0.0,매립,0.0,0.0,0.0,0.0,충남
534,0.0,0.0,0.0,0.0,4.0,0.0,25.2,0.0,42.4,0.0,0.0,0.0,0.0,17.2,0.0,25.2,0.0,태안군,0.0,4.0,0.0,0.0,0.0,3.2,0.0,5.0,0.0,9.0,0.0,0.0,0.0,소각,0.0,0.0,0.0,0.0,충남
535,0.2,0.0,0.0,0.1,0.0,0.0,0.0,0.1,19.4,4.3,0.0,0.0,0.0,7.6,0.1,0.0,11.8,태안군,0.0,0.0,0.0,0.1,0.0,0.0,0.0,0.0,0.2,0.0,2.1,0.0,0.5,재활용,0.0,4.1,0.0,0.0,충남
536,74.9,17.0,41.8,0.3,34.7,37.1,181.0,0.0,614.8,0.2,4.5,1.6,17.0,275.8,0.3,126.9,158.0,전주시,0.0,1.7,0.0,0.1,1.3,15.5,0.0,2.4,1.3,55.6,26.2,11.9,0.9,발생량,4.4,9.1,16.3,0.0,전북
537,0.0,0.0,0.0,0.0,0.0,37.1,37.1,0.0,37.1,0.0,4.5,0.0,0.0,0.0,0.0,0.0,0.0,전주시,0.0,0.0,0.0,0.0,0.0,0.0,0.0,0.0,0.0,0.0,0.0,11.9,0.0,매립,4.4,0.0,16.3,0.0,전북
538,0.0,17.0,0.0,0.0,34.7,0.0,143.9,0.0,143.9,0.0,0.0,0.0,17.0,0.0,0.0,126.9,0.0,전주시,0.0,1.7,0.0,0.0,0.0,15.5,0.0,2.4,0.0,55.6,0.0,0.0,0.0,소각,0.0,0.0,0.0,0.0,전북
539,74.9,0.0,41.8,0.3,0.0,0.0,0.0,0.0,433.8,0.2,0.0,1.6,0.0,275.8,0.3,0.0,158.0,전주시,0.0,0.0,0.0,0.1,1.3,0.0,0.0,0.0,1.3,0.0,26.2,0.0,0.9,재활용,0.0,9.1,0.0,0.0,전북
540,0.4,0.0,0.4,0.0,35.0,12.7,159.1,0.0,258.7,0.0,0.5,0.0,0.0,95.5,0.0,146.4,4.1,군산시,0.0,3.1,0.0,0.0,0.0,50.0,0.6,3.1,0.3,55.2,0.3,0.8,0.0,발생량,6.2,2.1,5.2,0.0,전북
541,0.0,0.0,0.0,0.0,34.1,10.3,155.0,0.0,155.0,0.0,0.5,0.0,0.0,0.0,0.0,144.7,0.0,군산시,0.0,3.1,0.0,0.0,0.0,49.6,0.0,3.1,0.0,54.8,0.0,0.5,0.0,매립,6.2,0.0,3.1,0.0,전북
542,0.0,0.0,0.0,0.0,0.0,0.0,0.0,0.0,0.0,0.0,0.0,0.0,0.0,0.0,0.0,0.0,0.0,군산시,0.0,0.0,0.0,0.0,0.0,0.0,0.0,0.0,0.0,0.0,0.0,0.0,0.0,소각,0.0,0.0,0.0,0.0,전북
543,0.4,0.0,0.4,0.0,0.9,2.4,4.1,0.0,103.7,0.0,0.0,0.0,0.0,95.5,0.0,1.7,4.1,군산시,0.0,0.0,0.0,0.0,0.0,0.4,0.6,0.0,0.3,0.4,0.3,0.3,0.0,재활용,0.0,2.1,2.1,0.0,전북
544,1.7,14.5,0.0,0.6,34.3,0.0,122.9,0.3,253.1,0.0,0.0,13.3,0.0,94.8,0.2,122.9,35.4,익산시,0.0,1.5,0.0,0.1,0.0,23.1,8.4,2.1,0.6,47.4,3.8,0.0,0.9,발생량,0.0,5.5,0.0,0.0,전북
545,0.0,0.0,0.0,0.0,0.0,0.0,0.0,0.0,0.0,0.0,0.0,0.0,0.0,0.0,0.0,0.0,0.0,익산시,0.0,0.0,0.0,0.0,0.0,0.0,0.0,0.0,0.0,0.0,0.0,0.0,0.0,매립,0.0,0.0,0.0,0.0,전북
546,0.0,14.5,0.0,0.0,34.3,0.0,122.9,0.0,122.9,0.0,0.0,0.0,0.0,0.0,0.0,122.9,0.0,익산시,0.0,1.5,0.0,0.0,0.0,23.1,0.0,2.1,0.0,47.4,0.0,0.0,0.0,소각,0.0,0.0,0.0,0.0,전북
547,1.7,0.0,0.0,0.6,0.0,0.0,0.0,0.3,130.2,0.0,0.0,13.3,0.0,94.8,0.2,0.0,35.4,익산시,0.0,0.0,0.0,0.1,0.0,0.0,8.4,0.0,0.6,0.0,3.8,0.0,0.9,재활용,0.0,5.5,0.0,0.0,전북
548,0.5,4.2,0.2,0.3,11.2,5.2,47.8,0.0,80.7,6.5,0.4,0.0,0.2,23.6,0.0,42.4,9.3,정읍시,0.0,2.1,0.0,0.0,0.0,8.9,0.1,1.6,0.1,14.4,0.6,0.9,0.2,발생량,2.7,0.8,1.2,0.0,전북
549,0.0,0.0,0.0,0.0,2.7,2.5,12.2,0.0,12.2,0.0,0.2,0.0,0.0,0.0,0.0,9.7,0.0,정읍시,0.0,1.7,0.0,0.0,0.0,3.6,0.0,1.0,0.0,0.7,0.0,0.1,0.0,매립,2.1,0.0,0.1,0.0,전북
550,0.0,4.2,0.0,0.0,8.5,2.7,35.6,0.0,35.6,0.0,0.2,0.0,0.2,0.0,0.0,32.7,0.0,정읍시,0.0,0.4,0.0,0.0,0.0,5.3,0.0,0.6,0.0,13.7,0.0,0.8,0.0,소각,0.6,0.0,1.1,0.0,전북
551,0.5,0.0,0.2,0.3,0.0,0.0,0.0,0.0,32.9,6.5,0.0,0.0,0.0,23.6,0.0,0.0,9.3,정읍시,0.0,0.0,0.0,0.0,0.0,0.0,0.1,0.0,0.1,0.0,0.6,0.0,0.2,재활용,0.0,0.8,0.0,0.0,전북
552,12.7,2.4,0.3,0.6,10.7,2.8,41.0,0.0,87.3,3.5,0.2,0.0,0.0,15.7,0.0,38.2,30.6,남원시,0.0,0.4,0.0,0.0,0.1,6.8,0.9,0.9,10.4,17.0,0.8,1.1,0.5,발생량,0.4,0.8,1.1,0.0,전북
553,0.0,2.4,0.0,0.0,10.7,2.8,41.0,0.0,41.0,0.0,0.2,0.0,0.0,0.0,0.0,38.2,0.0,남원시,0.0,0.4,0.0,0.0,0.0,6.8,0.0,0.9,0.0,17.0,0.0,1.1,0.0,매립,0.4,0.0,1.1,0.0,전북
554,0.0,0.0,0.0,0.0,0.0,0.0,0.0,0.0,0.0,0.0,0.0,0.0,0.0,0.0,0.0,0.0,0.0,남원시,0.0,0.0,0.0,0.0,0.0,0.0,0.0,0.0,0.0,0.0,0.0,0.0,0.0,소각,0.0,0.0,0.0,0.0,전북
555,12.7,0.0,0.3,0.6,0.0,0.0,0.0,0.0,46.3,3.5,0.0,0.0,0.0,15.7,0.0,0.0,30.6,남원시,0.0,0.0,0.0,0.0,0.1,0.0,0.9,0.0,10.4,0.0,0.8,0.0,0.5,재활용,0.0,0.8,0.0,0.0,전북
556,3.7,0.0,1.2,0.7,2.8,5.3,31.5,0.2,72.3,4.1,1.1,3.6,0.0,15.2,1.6,26.2,25.6,김제시,0.0,1.4,0.0,0.0,0.6,11.7,2.1,2.6,0.4,7.7,3.8,0.4,0.6,발생량,3.2,2.2,0.6,0.8,전북
557,0.0,0.0,0.0,0.0,0.0,5.0,5.0,0.0,5.0,0.0,1.1,0.0,0.0,0.0,0.0,0.0,0.0,김제시,0.0,0.0,0.0,0.0,0.0,0.0,0.0,0.0,0.0,0.0,0.0,0.3,0.0,매립,3.2,0.0,0.4,0.0,전북
558,0.0,0.0,0.0,0.0,2.6,0.0,25.8,0.0,25.8,0.0,0.0,0.0,0.0,0.0,0.0,25.8,0.0,김제시,0.0,1.4,0.0,0.0,0.0,11.6,0.0,2.6,0.0,7.6,0.0,0.0,0.0,소각,0.0,0.0,0.0,0.0,전북
559,3.7,0.0,1.2,0.7,0.2,0.3,0.7,0.2,41.5,4.1,0.0,3.6,0.0,15.2,1.6,0.4,25.6,김제시,0.0,0.0,0.0,0.0,0.6,0.1,2.1,0.0,0.4,0.1,3.8,0.1,0.6,재활용,0.0,2.2,0.2,0.8,전북
560,0.9,0.0,0.0,0.7,4.9,1.1,15.7,0.0,53.9,2.4,0.6,0.5,0.0,29.9,0.2,14.6,8.3,완주군,0.0,1.3,0.0,0.0,0.0,1.5,1.2,2.4,0.2,4.5,0.8,0.1,0.2,발생량,0.3,1.2,0.1,0.0,전북
561,0.0,0.0,0.0,0.0,0.0,1.1,1.1,0.0,1.1,0.0,0.6,0.0,0.0,0.0,0.0,0.0,0.0,완주군,0.0,0.0,0.0,0.0,0.0,0.0,0.0,0.0,0.0,0.0,0.0,0.1,0.0,매립,0.3,0.0,0.1,0.0,전북
562,0.0,0.0,0.0,0.0,4.9,0.0,14.6,0.0,14.6,0.0,0.0,0.0,0.0,0.0,0.0,14.6,0.0,완주군,0.0,1.3,0.0,0.0,0.0,1.5,0.0,2.4,0.0,4.5,0.0,0.0,0.0,소각,0.0,0.0,0.0,0.0,전북
563,0.9,0.0,0.0,0.7,0.0,0.0,0.0,0.0,38.2,2.4,0.0,0.5,0.0,29.9,0.2,0.0,8.3,완주군,0.0,0.0,0.0,0.0,0.0,0.0,1.2,0.0,0.2,0.0,0.8,0.0,0.2,재활용,0.0,1.2,0.0,0.0,전북
564,0.2,0.6,0.0,0.2,0.9,1.2,6.4,0.0,14.5,3.8,0.1,0.2,0.0,2.7,0.0,5.2,5.4,진안군,0.0,0.1,0.0,0.0,0.0,2.1,0.0,0.6,0.2,0.9,0.2,0.2,0.0,발생량,0.8,0.6,0.1,0.0,전북
565,0.0,0.6,0.0,0.0,0.9,1.2,6.4,0.0,6.4,0.0,0.1,0.0,0.0,0.0,0.0,5.2,0.0,진안군,0.0,0.1,0.0,0.0,0.0,2.1,0.0,0.6,0.0,0.9,0.0,0.2,0.0,매립,0.8,0.0,0.1,0.0,전북
566,0.0,0.0,0.0,0.0,0.0,0.0,0.0,0.0,0.0,0.0,0.0,0.0,0.0,0.0,0.0,0.0,0.0,진안군,0.0,0.0,0.0,0.0,0.0,0.0,0.0,0.0,0.0,0.0,0.0,0.0,0.0,소각,0.0,0.0,0.0,0.0,전북
567,0.2,0.0,0.0,0.2,0.0,0.0,0.0,0.0,8.1,3.8,0.0,0.2,0.0,2.7,0.0,0.0,5.4,진안군,0.0,0.0,0.0,0.0,0.0,0.0,0.0,0.0,0.2,0.0,0.2,0.0,0.0,재활용,0.0,0.6,0.0,0.0,전북
568,0.8,1.9,0.2,0.1,3.3,0.0,15.0,0.0,25.0,1.8,0.0,0.6,0.0,5.0,0.0,15.0,5.0,무주군,0.0,0.3,0.0,0.0,0.0,6.0,0.1,1.0,0.1,2.5,0.2,0.0,0.6,발생량,0.0,0.5,0.0,0.0,전북
569,0.0,0.8,0.0,0.0,1.2,0.0,7.3,0.0,8.1,0.0,0.0,0.0,0.0,0.8,0.0,7.3,0.0,무주군,0.0,0.2,0.0,0.0,0.0,3.3,0.0,0.5,0.0,1.3,0.0,0.0,0.0,매립,0.0,0.0,0.0,0.0,전북
570,0.0,0.0,0.0,0.0,0.0,0.0,0.0,0.0,0.0,0.0,0.0,0.0,0.0,0.0,0.0,0.0,0.0,무주군,0.0,0.0,0.0,0.0,0.0,0.0,0.0,0.0,0.0,0.0,0.0,0.0,0.0,소각,0.0,0.0,0.0,0.0,전북
571,0.8,1.1,0.2,0.1,2.1,0.0,7.7,0.0,16.9,1.8,0.0,0.6,0.0,4.2,0.0,7.7,5.0,무주군,0.0,0.1,0.0,0.0,0.0,2.7,0.1,0.5,0.1,1.2,0.2,0.0,0.6,재활용,0.0,0.5,0.0,0.0,전북
572,0.1,2.5,0.0,0.1,3.8,1.3,16.2,0.0,21.8,0.2,0.0,0.0,0.0,4.9,0.0,14.9,0.7,장수군,0.0,0.1,0.0,0.0,0.0,2.0,0.0,0.3,0.1,6.2,0.1,0.4,0.0,발생량,0.3,0.1,0.6,0.0,전북
573,0.0,2.5,0.0,0.0,3.8,1.3,16.2,0.0,18.7,0.0,0.0,0.0,0.0,2.5,0.0,14.9,0.0,장수군,0.0,0.1,0.0,0.0,0.0,2.0,0.0,0.3,0.0,6.2,0.0,0.4,0.0,매립,0.3,0.0,0.6,0.0,전북
574,0.0,0.0,0.0,0.0,0.0,0.0,0.0,0.0,0.0,0.0,0.0,0.0,0.0,0.0,0.0,0.0,0.0,장수군,0.0,0.0,0.0,0.0,0.0,0.0,0.0,0.0,0.0,0.0,0.0,0.0,0.0,소각,0.0,0.0,0.0,0.0,전북
575,0.1,0.0,0.0,0.1,0.0,0.0,0.0,0.0,3.1,0.2,0.0,0.0,0.0,2.4,0.0,0.0,0.7,장수군,0.0,0.0,0.0,0.0,0.0,0.0,0.0,0.0,0.1,0.0,0.1,0.0,0.0,재활용,0.0,0.1,0.0,0.0,전북
576,0.6,0.3,0.0,0.4,2.2,0.3,7.3,0.0,15.1,1.2,0.2,0.1,0.2,3.6,0.1,6.8,4.2,임실군,0.0,0.9,0.0,0.0,0.0,0.2,0.0,0.3,0.7,2.9,0.3,0.0,0.2,발생량,0.0,0.6,0.1,0.0,전북
577,0.0,0.3,0.0,0.0,2.2,0.3,7.3,0.0,7.4,0.0,0.2,0.0,0.2,0.1,0.0,6.8,0.0,임실군,0.0,0.9,0.0,0.0,0.0,0.2,0.0,0.3,0.0,2.9,0.0,0.0,0.0,매립,0.0,0.0,0.1,0.0,전북
578,0.0,0.0,0.0,0.0,0.0,0.0,0.0,0.0,0.0,0.0,0.0,0.0,0.0,0.0,0.0,0.0,0.0,임실군,0.0,0.0,0.0,0.0,0.0,0.0,0.0,0.0,0.0,0.0,0.0,0.0,0.0,소각,0.0,0.0,0.0,0.0,전북
579,0.6,0.0,0.0,0.4,0.0,0.0,0.0,0.0,7.7,1.2,0.0,0.1,0.0,3.5,0.1,0.0,4.2,임실군,0.0,0.0,0.0,0.0,0.0,0.0,0.0,0.0,0.7,0.0,0.3,0.0,0.2,재활용,0.0,0.6,0.0,0.0,전북
580,0.1,0.0,0.0,0.0,2.0,0.5,9.1,0.0,15.1,1.5,0.0,0.0,0.2,3.8,0.0,8.4,2.2,순창군,0.0,0.3,0.0,0.0,0.0,2.7,0.0,0.2,0.2,3.2,0.1,0.2,0.1,발생량,0.0,0.2,0.3,0.0,전북
581,0.0,0.0,0.0,0.0,2.0,0.5,9.1,0.0,9.1,0.0,0.0,0.0,0.2,0.0,0.0,8.4,0.0,순창군,0.0,0.3,0.0,0.0,0.0,2.7,0.0,0.2,0.0,3.2,0.0,0.2,0.0,매립,0.0,0.0,0.3,0.0,전북
582,0.0,0.0,0.0,0.0,0.0,0.0,0.0,0.0,0.0,0.0,0.0,0.0,0.0,0.0,0.0,0.0,0.0,순창군,0.0,0.0,0.0,0.0,0.0,0.0,0.0,0.0,0.0,0.0,0.0,0.0,0.0,소각,0.0,0.0,0.0,0.0,전북
583,0.1,0.0,0.0,0.0,0.0,0.0,0.0,0.0,6.0,1.5,0.0,0.0,0.0,3.8,0.0,0.0,2.2,순창군,0.0,0.0,0.0,0.0,0.0,0.0,0.0,0.0,0.2,0.0,0.1,0.0,0.1,재활용,0.0,0.2,0.0,0.0,전북
584,0.1,0.6,0.0,0.3,4.1,1.1,13.8,0.1,44.3,14.0,0.0,0.3,0.6,13.8,0.0,12.1,16.7,고창군,0.0,0.4,0.0,0.0,0.0,1.9,0.5,0.2,0.0,4.9,0.2,0.3,0.2,발생량,0.5,0.9,0.3,0.1,전북
585,0.0,0.6,0.0,0.0,4.1,1.1,13.8,0.0,13.8,0.0,0.0,0.0,0.6,0.0,0.0,12.1,0.0,고창군,0.0,0.4,0.0,0.0,0.0,1.9,0.0,0.2,0.0,4.9,0.0,0.3,0.0,매립,0.5,0.0,0.3,0.0,전북
586,0.0,0.0,0.0,0.0,0.0,0.0,0.0,0.0,0.0,0.0,0.0,0.0,0.0,0.0,0.0,0.0,0.0,고창군,0.0,0.0,0.0,0.0,0.0,0.0,0.0,0.0,0.0,0.0,0.0,0.0,0.0,소각,0.0,0.0,0.0,0.0,전북
587,0.1,0.0,0.0,0.3,0.0,0.0,0.0,0.1,30.5,14.0,0.0,0.3,0.0,13.8,0.0,0.0,16.7,고창군,0.0,0.0,0.0,0.0,0.0,0.0,0.5,0.0,0.0,0.0,0.2,0.0,0.2,재활용,0.0,0.9,0.0,0.1,전북
588,0.4,0.7,0.1,0.0,3.7,8.8,29.6,0.1,42.9,2.2,2.5,0.0,3.0,7.0,0.0,17.8,6.3,부안군,0.0,1.1,0.0,0.0,0.0,4.3,0.1,1.5,0.1,6.5,1.7,1.3,0.2,발생량,3.6,1.4,1.4,0.0,전북
589,0.0,0.0,0.0,0.0,0.0,8.8,11.8,0.0,12.3,0.0,2.5,0.0,3.0,0.5,0.0,0.0,0.0,부안군,0.0,0.0,0.0,0.0,0.0,0.0,0.0,0.0,0.0,0.0,0.0,1.3,0.0,매립,3.6,0.0,1.4,0.0,전북
590,0.0,0.0,0.0,0.0,0.0,0.0,0.0,0.0,0.0,0.0,0.0,0.0,0.0,0.0,0.0,0.0,0.0,부안군,0.0,0.0,0.0,0.0,0.0,0.0,0.0,0.0,0.0,0.0,0.0,0.0,0.0,소각,0.0,0.0,0.0,0.0,전북
591,0.4,0.7,0.1,0.0,3.7,0.0,17.8,0.1,30.6,2.2,0.0,0.0,0.0,6.5,0.0,17.8,6.3,부안군,0.0,1.1,0.0,0.0,0.0,4.3,0.1,1.5,0.1,6.5,1.7,0.0,0.2,재활용,0.0,1.4,0.0,0.0,전북
592,0.2,24.0,0.0,0.5,48.9,14.9,173.3,0.4,244.8,0.0,0.0,0.0,0.0,69.3,0.0,158.4,2.2,목포시,0.0,4.2,0.0,0.0,0.0,22.1,0.0,2.5,0.4,56.7,0.5,5.4,0.0,발생량,0.0,0.2,9.5,0.0,전남
593,0.0,11.6,0.0,0.0,23.6,7.2,83.7,0.0,83.7,0.0,0.0,0.0,0.0,0.0,0.0,76.5,0.0,목포시,0.0,2.0,0.0,0.0,0.0,10.7,0.0,1.2,0.0,27.4,0.0,2.6,0.0,매립,0.0,0.0,4.6,0.0,전남
594,0.0,0.0,0.0,0.0,0.0,0.0,0.0,0.0,0.0,0.0,0.0,0.0,0.0,0.0,0.0,0.0,0.0,목포시,0.0,0.0,0.0,0.0,0.0,0.0,0.0,0.0,0.0,0.0,0.0,0.0,0.0,소각,0.0,0.0,0.0,0.0,전남
595,0.2,12.4,0.0,0.5,25.3,7.7,89.6,0.4,161.1,0.0,0.0,0.0,0.0,69.3,0.0,81.9,2.2,목포시,0.0,2.2,0.0,0.0,0.0,11.4,0.0,1.3,0.4,29.3,0.5,2.8,0.0,재활용,0.0,0.2,4.9,0.0,전남
596,4.1,18.6,25.2,0.5,62.1,21.1,240.6,0.1,385.6,1.0,1.2,0.2,0.0,107.4,0.1,219.5,37.6,여수시,0.1,13.0,0.0,0.1,0.2,29.3,0.8,2.8,1.6,93.7,2.7,6.4,0.4,발생량,5.3,0.5,8.2,0.0,전남
597,0.0,18.6,0.0,0.0,41.5,15.3,162.5,0.0,171.5,0.0,0.9,0.0,0.0,9.0,0.0,147.2,0.0,여수시,0.0,7.4,0.0,0.0,0.0,18.6,0.0,1.3,0.0,59.8,0.0,4.5,0.0,매립,3.8,0.0,6.1,0.0,전남
598,0.0,0.0,0.0,0.0,20.6,5.8,78.1,0.0,78.1,0.0,0.3,0.0,0.0,0.0,0.0,72.3,0.0,여수시,0.0,5.6,0.0,0.0,0.0,10.7,0.0,1.5,0.0,33.9,0.0,1.9,0.0,소각,1.5,0.0,2.1,0.0,전남
599,4.1,0.0,25.2,0.5,0.0,0.0,0.0,0.1,136.0,1.0,0.0,0.2,0.0,98.4,0.1,0.0,37.6,여수시,0.1,0.0,0.0,0.1,0.2,0.0,0.8,0.0,1.6,0.0,2.7,0.0,0.4,재활용,0.0,0.5,0.0,0.0,전남
600,8.0,5.3,23.4,1.1,1.7,0.6,12.4,1.3,151.7,0.7,0.0,0.0,0.0,97.0,0.0,11.8,42.3,순천시,0.0,1.2,0.0,0.0,0.1,1.9,0.5,0.5,0.6,1.2,1.5,0.2,0.7,발생량,0.2,4.4,0.2,0.0,전남
601,0.0,4.5,0.0,0.0,0.0,0.6,5.1,0.0,5.1,0.0,0.0,0.0,0.0,0.0,0.0,4.5,0.0,순천시,0.0,0.0,0.0,0.0,0.0,0.0,0.0,0.0,0.0,0.0,0.0,0.2,0.0,매립,0.2,0.0,0.2,0.0,전남
602,0.0,0.0,0.0,0.0,0.0,0.0,0.0,0.0,0.0,0.0,0.0,0.0,0.0,0.0,0.0,0.0,0.0,순천시,0.0,0.0,0.0,0.0,0.0,0.0,0.0,0.0,0.0,0.0,0.0,0.0,0.0,소각,0.0,0.0,0.0,0.0,전남
603,8.0,0.8,23.4,1.1,1.7,0.0,7.3,1.3,146.6,0.7,0.0,0.0,0.0,97.0,0.0,7.3,42.3,순천시,0.0,1.2,0.0,0.0,0.1,1.9,0.5,0.5,0.6,1.2,1.5,0.0,0.7,재활용,0.0,4.4,0.0,0.0,전남
604,2.9,1.7,0.2,0.4,5.2,0.3,29.5,1.2,70.8,3.4,0.0,0.3,0.3,23.8,0.0,28.9,17.5,나주시,0.1,2.0,0.0,0.0,0.7,11.4,0.6,0.2,3.0,8.4,1.2,0.2,2.0,발생량,0.0,1.4,0.1,0.1,전남
605,0.0,1.7,0.0,0.0,5.2,0.3,29.5,0.0,29.5,0.0,0.0,0.0,0.3,0.0,0.0,28.9,0.0,나주시,0.0,2.0,0.0,0.0,0.0,11.4,0.0,0.2,0.0,8.4,0.0,0.2,0.0,매립,0.0,0.0,0.1,0.0,전남
606,0.0,0.0,0.0,0.0,0.0,0.0,0.0,0.0,0.0,0.0,0.0,0.0,0.0,0.0,0.0,0.0,0.0,나주시,0.0,0.0,0.0,0.0,0.0,0.0,0.0,0.0,0.0,0.0,0.0,0.0,0.0,소각,0.0,0.0,0.0,0.0,전남
607,2.9,0.0,0.2,0.4,0.0,0.0,0.0,1.2,41.3,3.4,0.0,0.3,0.0,23.8,0.0,0.0,17.5,나주시,0.1,0.0,0.0,0.0,0.7,0.0,0.6,0.0,3.0,0.0,1.2,0.0,2.0,재활용,0.0,1.4,0.0,0.1,전남
608,12.6,17.2,0.0,0.7,37.8,19.5,145.7,0.0,217.6,0.2,0.8,3.9,0.0,48.9,0.0,126.2,23.0,광양시,0.0,1.9,0.0,0.0,0.5,6.3,0.7,2.6,1.0,60.4,2.7,11.7,0.2,발생량,2.4,0.5,4.6,0.0,전남
609,0.0,17.2,0.0,0.0,37.8,19.5,145.7,0.0,145.7,0.0,0.8,0.0,0.0,0.0,0.0,126.2,0.0,광양시,0.0,1.9,0.0,0.0,0.0,6.3,0.0,2.6,0.0,60.4,0.0,11.7,0.0,매립,2.4,0.0,4.6,0.0,전남
610,0.0,0.0,0.0,0.0,0.0,0.0,0.0,0.0,0.0,0.0,0.0,0.0,0.0,0.0,0.0,0.0,0.0,광양시,0.0,0.0,0.0,0.0,0.0,0.0,0.0,0.0,0.0,0.0,0.0,0.0,0.0,소각,0.0,0.0,0.0,0.0,전남
611,12.6,0.0,0.0,0.7,0.0,0.0,0.0,0.0,71.9,0.2,0.0,3.9,0.0,48.9,0.0,0.0,23.0,광양시,0.0,0.0,0.0,0.0,0.5,0.0,0.7,0.0,1.0,0.0,2.7,0.0,0.2,재활용,0.0,0.5,0.0,0.0,전남
612,0.1,3.9,0.0,0.0,0.4,0.5,5.6,0.0,14.9,0.0,0.0,0.0,0.0,8.3,0.0,5.1,1.0,담양군,0.0,0.0,0.0,0.0,0.0,0.0,0.0,0.7,0.0,0.1,0.4,0.2,0.2,발생량,0.0,0.3,0.3,0.0,전남
613,0.0,3.9,0.0,0.0,0.0,0.0,3.9,0.0,7.8,0.0,0.0,0.0,0.0,3.9,0.0,3.9,0.0,담양군,0.0,0.0,0.0,0.0,0.0,0.0,0.0,0.0,0.0,0.0,0.0,0.0,0.0,매립,0.0,0.0,0.0,0.0,전남
614,0.0,0.0,0.0,0.0,0.0,0.0,0.7,0.0,0.7,0.0,0.0,0.0,0.0,0.0,0.0,0.7,0.0,담양군,0.0,0.0,0.0,0.0,0.0,0.0,0.0,0.7,0.0,0.0,0.0,0.0,0.0,소각,0.0,0.0,0.0,0.0,전남
615,0.1,0.0,0.0,0.0,0.4,0.5,1.0,0.0,6.4,0.0,0.0,0.0,0.0,4.4,0.0,0.5,1.0,담양군,0.0,0.0,0.0,0.0,0.0,0.0,0.0,0.0,0.0,0.1,0.4,0.2,0.2,재활용,0.0,0.3,0.3,0.0,전남
616,2.5,1.7,0.0,0.0,2.6,0.7,11.0,0.0,24.3,1.9,0.0,0.0,0.0,4.6,0.0,10.3,8.7,곡성군,0.0,0.1,0.0,0.0,0.5,1.4,0.1,0.2,1.7,4.3,0.4,0.2,0.9,발생량,0.2,0.7,0.3,0.0,전남
617,0.0,1.5,0.0,0.0,2.2,0.7,9.5,0.0,9.5,0.0,0.0,0.0,0.0,0.0,0.0,8.8,0.0,곡성군,0.0,0.1,0.0,0.0,0.0,1.2,0.0,0.2,0.0,3.6,0.0,0.2,0.0,매립,0.2,0.0,0.3,0.0,전남
618,0.0,0.1,0.0,0.0,0.2,0.0,0.8,0.0,0.8,0.0,0.0,0.0,0.0,0.0,0.0,0.8,0.0,곡성군,0.0,0.0,0.0,0.0,0.0,0.1,0.0,0.0,0.0,0.4,0.0,0.0,0.0,소각,0.0,0.0,0.0,0.0,전남
619,2.5,0.1,0.0,0.0,0.2,0.0,0.7,0.0,14.0,1.9,0.0,0.0,0.0,4.6,0.0,0.7,8.7,곡성군,0.0,0.0,0.0,0.0,0.5,0.1,0.1,0.0,1.7,0.3,0.4,0.0,0.9,재활용,0.0,0.7,0.0,0.0,전남
620,0.2,0.1,0.0,0.0,0.8,0.0,10.7,0.0,16.9,0.2,0.0,0.0,0.0,5.2,0.0,10.7,1.0,구례군,0.0,0.1,0.0,0.0,0.0,9.0,0.2,0.4,0.0,0.3,0.1,0.0,0.0,발생량,0.0,0.3,0.0,0.0,전남
621,0.0,0.0,0.0,0.0,0.0,0.0,0.0,0.0,0.0,0.0,0.0,0.0,0.0,0.0,0.0,0.0,0.0,구례군,0.0,0.0,0.0,0.0,0.0,0.0,0.0,0.0,0.0,0.0,0.0,0.0,0.0,매립,0.0,0.0,0.0,0.0,전남
622,0.0,0.1,0.0,0.0,0.8,0.0,10.7,0.0,10.7,0.0,0.0,0.0,0.0,0.0,0.0,10.7,0.0,구례군,0.0,0.1,0.0,0.0,0.0,9.0,0.0,0.4,0.0,0.3,0.0,0.0,0.0,소각,0.0,0.0,0.0,0.0,전남
623,0.2,0.0,0.0,0.0,0.0,0.0,0.0,0.0,6.2,0.2,0.0,0.0,0.0,5.2,0.0,0.0,1.0,구례군,0.0,0.0,0.0,0.0,0.0,0.0,0.2,0.0,0.0,0.0,0.1,0.0,0.0,재활용,0.0,0.3,0.0,0.0,전남
624,2.2,1.7,0.0,0.6,6.0,0.0,24.5,0.1,54.2,6.2,0.0,0.9,0.6,16.2,0.0,23.9,13.5,고흥군,0.0,1.9,0.0,0.0,0.0,3.3,0.0,2.9,0.4,8.1,1.4,0.0,0.4,발생량,0.0,1.3,0.0,0.0,전남
625,0.0,0.0,0.0,0.0,0.0,0.0,0.6,0.0,15.3,0.0,0.0,0.0,0.6,14.7,0.0,0.0,0.0,고흥군,0.0,0.0,0.0,0.0,0.0,0.0,0.0,0.0,0.0,0.0,0.0,0.0,0.0,매립,0.0,0.0,0.0,0.0,전남
626,0.0,1.7,0.0,0.0,6.0,0.0,23.9,0.0,23.9,0.0,0.0,0.0,0.0,0.0,0.0,23.9,0.0,고흥군,0.0,1.9,0.0,0.0,0.0,3.3,0.0,2.9,0.0,8.1,0.0,0.0,0.0,소각,0.0,0.0,0.0,0.0,전남
627,2.2,0.0,0.0,0.6,0.0,0.0,0.0,0.1,15.0,6.2,0.0,0.9,0.0,1.5,0.0,0.0,13.5,고흥군,0.0,0.0,0.0,0.0,0.0,0.0,0.0,0.0,0.4,0.0,1.4,0.0,0.4,재활용,0.0,1.3,0.0,0.0,전남
628,0.2,0.1,0.0,0.0,0.1,1.2,15.8,0.0,30.8,5.0,0.1,0.0,0.0,8.7,0.0,14.6,6.3,보성군,0.0,0.2,0.0,0.0,0.0,2.8,0.2,11.4,0.1,0.0,0.0,0.0,0.1,발생량,0.6,0.7,0.5,0.0,전남
629,0.0,0.0,0.0,0.0,0.0,1.2,1.2,0.0,1.2,0.0,0.1,0.0,0.0,0.0,0.0,0.0,0.0,보성군,0.0,0.0,0.0,0.0,0.0,0.0,0.0,0.0,0.0,0.0,0.0,0.0,0.0,매립,0.6,0.0,0.5,0.0,전남
630,0.0,0.1,0.0,0.0,0.1,0.0,14.6,0.0,14.7,0.0,0.0,0.0,0.0,0.1,0.0,14.6,0.0,보성군,0.0,0.2,0.0,0.0,0.0,2.8,0.0,11.4,0.0,0.0,0.0,0.0,0.0,소각,0.0,0.0,0.0,0.0,전남
631,0.2,0.0,0.0,0.0,0.0,0.0,0.0,0.0,14.9,5.0,0.0,0.0,0.0,8.6,0.0,0.0,6.3,보성군,0.0,0.0,0.0,0.0,0.0,0.0,0.2,0.0,0.1,0.0,0.0,0.0,0.1,재활용,0.0,0.7,0.0,0.0,전남
632,1.6,1.1,0.8,0.2,2.6,1.3,21.3,0.3,43.5,0.5,0.1,0.0,0.4,15.4,0.0,19.6,6.8,화순군,0.0,0.1,0.0,0.0,0.1,11.0,0.9,0.3,0.3,4.5,0.7,0.5,0.2,발생량,0.2,1.2,0.5,0.0,전남
633,0.0,1.1,0.0,0.0,0.6,1.3,10.3,0.0,10.3,0.0,0.1,0.0,0.0,0.0,0.0,9.0,0.0,화순군,0.0,0.1,0.0,0.0,0.0,3.7,0.0,0.0,0.0,3.5,0.0,0.5,0.0,매립,0.2,0.0,0.5,0.0,전남
634,0.0,0.0,0.0,0.0,2.0,0.0,3.7,0.0,3.7,0.0,0.0,0.0,0.4,0.0,0.0,3.3,0.0,화순군,0.0,0.0,0.0,0.0,0.0,0.0,0.0,0.3,0.0,1.0,0.0,0.0,0.0,소각,0.0,0.0,0.0,0.0,전남
635,1.6,0.0,0.8,0.2,0.0,0.0,7.3,0.3,29.5,0.5,0.0,0.0,0.0,15.4,0.0,7.3,6.8,화순군,0.0,0.0,0.0,0.0,0.1,7.3,0.9,0.0,0.3,0.0,0.7,0.0,0.2,재활용,0.0,1.2,0.0,0.0,전남
636,3.2,0.2,0.9,0.4,0.2,1.7,11.8,0.0,34.1,0.8,1.2,0.7,0.1,10.9,0.0,10.0,11.4,장흥군,0.0,0.3,0.0,0.0,0.5,1.3,0.3,6.0,2.3,2.0,0.9,0.2,0.5,발생량,0.1,0.9,0.2,0.0,전남
637,0.0,0.0,0.0,0.0,0.0,1.7,1.8,0.0,9.8,0.0,1.2,0.0,0.1,8.0,0.0,0.0,0.0,장흥군,0.0,0.0,0.0,0.0,0.0,0.0,0.0,0.0,0.0,0.0,0.0,0.2,0.0,매립,0.1,0.0,0.2,0.0,전남
638,0.0,0.2,0.0,0.0,0.2,0.0,10.0,0.0,10.0,0.0,0.0,0.0,0.0,0.0,0.0,10.0,0.0,장흥군,0.0,0.3,0.0,0.0,0.0,1.3,0.0,6.0,0.0,2.0,0.0,0.0,0.0,소각,0.0,0.0,0.0,0.0,전남
639,3.2,0.0,0.9,0.4,0.0,0.0,0.0,0.0,14.3,0.8,0.0,0.7,0.0,2.9,0.0,0.0,11.4,장흥군,0.0,0.0,0.0,0.0,0.5,0.0,0.3,0.0,2.3,0.0,0.9,0.0,0.5,재활용,0.0,0.9,0.0,0.0,전남
640,1.7,0.0,0.1,0.3,1.9,6.1,15.2,0.0,29.4,1.0,1.2,0.0,0.0,7.1,0.0,9.1,7.1,강진군,0.0,1.9,0.0,0.0,0.1,2.4,0.2,1.6,2.4,1.3,0.4,0.2,0.1,발생량,4.5,0.8,0.2,0.0,전남
641,0.0,0.0,0.0,0.0,0.0,5.8,6.2,0.0,6.2,0.0,1.2,0.0,0.0,0.0,0.0,0.4,0.0,강진군,0.0,0.0,0.0,0.0,0.0,0.4,0.0,0.0,0.0,0.0,0.0,0.1,0.0,매립,4.4,0.0,0.1,0.0,전남
642,0.0,0.0,0.0,0.0,1.9,0.0,8.5,0.0,8.5,0.0,0.0,0.0,0.0,0.0,0.0,8.5,0.0,강진군,0.0,1.8,0.0,0.0,0.0,2.0,0.0,1.6,0.0,1.2,0.0,0.0,0.0,소각,0.0,0.0,0.0,0.0,전남
643,1.7,0.0,0.1,0.3,0.0,0.3,0.5,0.0,14.7,1.0,0.0,0.0,0.0,7.1,0.0,0.2,7.1,강진군,0.0,0.1,0.0,0.0,0.1,0.0,0.2,0.0,2.4,0.1,0.4,0.1,0.1,재활용,0.1,0.8,0.1,0.0,전남
644,0.2,0.4,0.1,0.0,2.3,5.3,17.5,0.2,57.2,23.4,1.5,0.1,0.5,12.9,0.1,11.7,26.8,해남군,0.0,1.4,0.0,0.0,0.0,1.9,0.4,1.2,0.4,4.5,0.9,1.2,0.3,발생량,1.4,0.7,1.2,0.0,전남
645,0.0,0.2,0.0,0.0,0.2,4.8,5.5,0.0,5.5,0.0,1.4,0.0,0.0,0.0,0.0,0.7,0.0,해남군,0.0,0.1,0.0,0.0,0.0,0.1,0.0,0.0,0.0,0.1,0.0,1.2,0.0,매립,1.2,0.0,1.0,0.0,전남
646,0.0,0.2,0.0,0.0,2.1,0.5,12.0,0.0,12.0,0.0,0.1,0.0,0.5,0.0,0.0,11.0,0.0,해남군,0.0,1.3,0.0,0.0,0.0,1.8,0.0,1.2,0.0,4.4,0.0,0.0,0.0,소각,0.2,0.0,0.2,0.0,전남
647,0.2,0.0,0.1,0.0,0.0,0.0,0.0,0.2,39.7,23.4,0.0,0.1,0.0,12.9,0.1,0.0,26.8,해남군,0.0,0.0,0.0,0.0,0.0,0.0,0.4,0.0,0.4,0.0,0.9,0.0,0.3,재활용,0.0,0.7,0.0,0.0,전남
648,22.3,0.7,0.0,0.2,4.6,0.6,16.5,0.1,95.8,0.1,0.0,0.2,0.0,14.2,0.0,15.9,65.1,영암군,0.0,2.3,0.0,0.0,1.0,1.2,7.2,1.8,13.2,5.3,10.3,0.1,4.8,발생량,0.4,5.7,0.1,0.0,전남
649,0.0,0.0,0.0,0.0,0.0,0.0,0.0,0.0,0.0,0.0,0.0,0.0,0.0,0.0,0.0,0.0,0.0,영암군,0.0,0.0,0.0,0.0,0.0,0.0,0.0,0.0,0.0,0.0,0.0,0.0,0.0,매립,0.0,0.0,0.0,0.0,전남
650,0.0,0.7,0.0,0.0,4.6,0.6,16.5,0.0,27.1,0.0,0.0,0.0,0.0,10.6,0.0,15.9,0.0,영암군,0.0,2.3,0.0,0.0,0.0,1.2,0.0,1.8,0.0,5.3,0.0,0.1,0.0,소각,0.4,0.0,0.1,0.0,전남
651,22.3,0.0,0.0,0.2,0.0,0.0,0.0,0.1,68.7,0.1,0.0,0.2,0.0,3.6,0.0,0.0,65.1,영암군,0.0,0.0,0.0,0.0,1.0,0.0,7.2,0.0,13.2,0.0,10.3,0.0,4.8,재활용,0.0,5.7,0.0,0.0,전남
652,2.6,4.2,0.4,0.3,6.3,5.9,30.6,0.1,75.6,12.2,0.1,1.3,1.5,22.2,0.0,23.2,22.8,무안군,0.0,0.1,0.0,0.0,0.2,1.8,0.2,0.6,1.5,10.2,1.4,1.9,0.9,발생량,1.3,1.7,2.6,0.0,전남
653,0.0,0.0,0.0,0.0,0.0,5.9,5.9,0.0,17.8,0.0,0.1,0.0,0.0,11.9,0.0,0.0,0.0,무안군,0.0,0.0,0.0,0.0,0.0,0.0,0.0,0.0,0.0,0.0,0.0,1.9,0.0,매립,1.3,0.0,2.6,0.0,전남
654,0.0,4.2,0.0,0.0,6.3,0.0,24.7,0.0,33.5,0.0,0.0,0.0,1.5,8.8,0.0,23.2,0.0,무안군,0.0,0.1,0.0,0.0,0.0,1.8,0.0,0.6,0.0,10.2,0.0,0.0,0.0,소각,0.0,0.0,0.0,0.0,전남
655,2.6,0.0,0.4,0.3,0.0,0.0,0.0,0.1,24.3,12.2,0.0,1.3,0.0,1.5,0.0,0.0,22.8,무안군,0.0,0.0,0.0,0.0,0.2,0.0,0.2,0.0,1.5,0.0,1.4,0.0,0.9,재활용,0.0,1.7,0.0,0.0,전남
656,0.2,0.0,0.0,0.1,2.6,4.2,14.1,0.0,16.8,0.0,0.0,0.0,0.0,1.6,0.0,9.9,1.1,함평군,0.0,0.1,0.0,0.0,0.0,3.7,0.1,0.4,0.1,3.1,0.1,0.0,0.1,발생량,4.2,0.4,0.0,0.0,전남
657,0.0,0.0,0.0,0.0,0.0,4.2,4.2,0.0,5.8,0.0,0.0,0.0,0.0,1.6,0.0,0.0,0.0,함평군,0.0,0.0,0.0,0.0,0.0,0.0,0.0,0.0,0.0,0.0,0.0,0.0,0.0,매립,4.2,0.0,0.0,0.0,전남
658,0.0,0.0,0.0,0.0,2.6,0.0,9.9,0.0,9.9,0.0,0.0,0.0,0.0,0.0,0.0,9.9,0.0,함평군,0.0,0.1,0.0,0.0,0.0,3.7,0.0,0.4,0.0,3.1,0.0,0.0,0.0,소각,0.0,0.0,0.0,0.0,전남
659,0.2,0.0,0.0,0.1,0.0,0.0,0.0,0.0,1.1,0.0,0.0,0.0,0.0,0.0,0.0,0.0,1.1,함평군,0.0,0.0,0.0,0.0,0.0,0.0,0.1,0.0,0.1,0.0,0.1,0.0,0.1,재활용,0.0,0.4,0.0,0.0,전남
660,0.4,6.9,0.3,0.0,0.7,0.9,29.5,0.1,38.3,0.0,0.0,0.0,0.0,6.9,0.0,28.6,1.9,영광군,0.0,0.0,0.0,0.0,0.0,20.2,0.1,0.2,0.2,0.6,0.2,0.3,0.1,발생량,0.1,0.5,0.5,0.0,전남
661,0.0,0.0,0.0,0.0,0.0,0.0,0.0,0.0,0.0,0.0,0.0,0.0,0.0,0.0,0.0,0.0,0.0,영광군,0.0,0.0,0.0,0.0,0.0,0.0,0.0,0.0,0.0,0.0,0.0,0.0,0.0,매립,0.0,0.0,0.0,0.0,전남
662,0.0,6.9,0.0,0.0,0.3,0.0,27.6,0.0,34.5,0.0,0.0,0.0,0.0,6.9,0.0,27.6,0.0,영광군,0.0,0.0,0.0,0.0,0.0,20.0,0.0,0.2,0.0,0.2,0.0,0.0,0.0,소각,0.0,0.0,0.0,0.0,전남
663,0.4,0.0,0.3,0.0,0.4,0.9,1.9,0.1,3.8,0.0,0.0,0.0,0.0,0.0,0.0,1.0,1.9,영광군,0.0,0.0,0.0,0.0,0.0,0.2,0.1,0.0,0.2,0.4,0.2,0.3,0.1,재활용,0.1,0.5,0.5,0.0,전남
664,0.4,1.8,0.0,0.0,0.8,2.2,17.1,0.0,27.7,1.1,0.7,0.0,0.0,7.1,0.0,14.9,3.5,장성군,0.0,0.8,0.0,0.0,0.0,1.6,0.6,1.1,0.2,8.8,0.5,0.7,0.1,발생량,0.1,0.6,0.7,0.0,전남
665,0.0,0.0,0.0,0.0,0.0,0.0,0.0,0.0,3.3,0.0,0.0,0.0,0.0,3.3,0.0,0.0,0.0,장성군,0.0,0.0,0.0,0.0,0.0,0.0,0.0,0.0,0.0,0.0,0.0,0.0,0.0,매립,0.0,0.0,0.0,0.0,전남
666,0.0,1.8,0.0,0.0,0.8,2.2,17.1,0.0,17.1,0.0,0.7,0.0,0.0,0.0,0.0,14.9,0.0,장성군,0.0,0.8,0.0,0.0,0.0,1.6,0.0,1.1,0.0,8.8,0.0,0.7,0.0,소각,0.1,0.0,0.7,0.0,전남
667,0.4,0.0,0.0,0.0,0.0,0.0,0.0,0.0,7.3,1.1,0.0,0.0,0.0,3.8,0.0,0.0,3.5,장성군,0.0,0.0,0.0,0.0,0.0,0.0,0.6,0.0,0.2,0.0,0.5,0.0,0.1,재활용,0.0,0.6,0.0,0.0,전남
668,1.1,2.0,0.1,0.5,3.3,3.2,33.1,0.1,43.0,0.1,0.2,0.2,0.1,4.7,0.9,29.8,5.2,완도군,0.0,8.7,0.0,0.1,0.9,3.8,0.1,2.1,0.3,9.9,0.1,1.8,0.3,발생량,0.3,0.4,0.9,0.0,전남
669,0.0,0.8,0.0,0.0,0.5,0.9,4.3,0.0,5.3,0.0,0.2,0.0,0.1,1.0,0.0,3.3,0.0,완도군,0.0,0.3,0.0,0.0,0.0,1.2,0.0,0.2,0.0,0.3,0.0,0.3,0.0,매립,0.2,0.0,0.2,0.0,전남
670,0.0,1.2,0.0,0.0,1.7,0.0,24.0,0.0,27.7,0.0,0.0,0.0,0.0,3.7,0.0,24.0,0.0,완도군,0.0,8.4,0.0,0.0,0.0,2.4,0.0,1.7,0.0,8.6,0.0,0.0,0.0,소각,0.0,0.0,0.0,0.0,전남
671,1.1,0.0,0.1,0.5,1.1,2.3,4.8,0.1,10.0,0.1,0.0,0.2,0.0,0.0,0.9,2.5,5.2,완도군,0.0,0.0,0.0,0.1,0.9,0.2,0.1,0.2,0.3,1.0,0.1,1.5,0.3,재활용,0.1,0.4,0.7,0.0,전남
672,0.9,3.0,0.1,0.0,1.1,0.0,20.2,0.0,28.1,5.8,0.0,0.0,0.1,0.0,0.0,20.1,7.9,진도군,0.0,0.7,0.0,0.0,0.0,3.3,0.0,0.5,0.2,11.5,0.2,0.0,0.3,발생량,0.0,0.4,0.0,0.0,전남
673,0.0,0.0,0.0,0.0,0.0,0.0,0.1,0.0,0.1,0.0,0.0,0.0,0.1,0.0,0.0,0.0,0.0,진도군,0.0,0.0,0.0,0.0,0.0,0.0,0.0,0.0,0.0,0.0,0.0,0.0,0.0,매립,0.0,0.0,0.0,0.0,전남
674,0.0,3.0,0.0,0.0,1.1,0.0,20.1,0.0,20.1,0.0,0.0,0.0,0.0,0.0,0.0,20.1,0.0,진도군,0.0,0.7,0.0,0.0,0.0,3.3,0.0,0.5,0.0,11.5,0.0,0.0,0.0,소각,0.0,0.0,0.0,0.0,전남
675,0.9,0.0,0.1,0.0,0.0,0.0,0.0,0.0,7.9,5.8,0.0,0.0,0.0,0.0,0.0,0.0,7.9,진도군,0.0,0.0,0.0,0.0,0.0,0.0,0.0,0.0,0.2,0.0,0.2,0.0,0.3,재활용,0.0,0.4,0.0,0.0,전남
676,0.9,1.4,0.9,0.2,0.4,0.4,23.9,0.0,41.0,5.5,0.1,1.0,0.5,6.4,0.0,23.0,10.7,신안군,0.0,0.2,0.0,1.2,0.0,18.3,0.0,0.6,0.3,2.1,0.1,0.1,0.0,발생량,0.1,0.6,0.1,0.0,전남
677,0.0,0.5,0.0,0.0,0.1,0.4,3.2,0.0,4.9,0.0,0.1,0.0,0.5,1.7,0.0,2.3,0.0,신안군,0.0,0.0,0.0,0.0,0.0,0.0,0.0,0.0,0.0,1.7,0.0,0.1,0.0,매립,0.1,0.0,0.1,0.0,전남
678,0.0,0.9,0.0,0.0,0.3,0.0,20.7,0.0,20.7,0.0,0.0,0.0,0.0,0.0,0.0,20.7,0.0,신안군,0.0,0.2,0.0,0.0,0.0,18.3,0.0,0.6,0.0,0.4,0.0,0.0,0.0,소각,0.0,0.0,0.0,0.0,전남
679,0.9,0.0,0.9,0.2,0.0,0.0,0.0,0.0,15.4,5.5,0.0,1.0,0.0,4.7,0.0,0.0,10.7,신안군,0.0,0.0,0.0,1.2,0.0,0.0,0.0,0.0,0.3,0.0,0.1,0.0,0.0,재활용,0.0,0.6,0.0,0.0,전남
680,22.2,14.8,0.0,0.0,85.9,55.7,279.8,0.3,480.2,2.0,21.9,0.0,17.9,153.3,0.1,206.2,47.1,포항시,0.0,8.4,0.0,0.1,0.2,23.0,5.5,4.5,1.2,69.6,10.8,12.9,1.9,발생량,10.5,2.8,10.4,0.0,경북
681,0.0,14.8,0.0,0.0,44.2,53.6,236.0,0.0,236.0,0.0,21.9,0.0,17.9,0.0,0.0,164.5,0.0,포항시,0.0,8.4,0.0,0.0,0.0,23.0,0.0,4.5,0.0,69.6,0.0,10.8,0.0,매립,10.5,0.0,10.4,0.0,경북
682,0.0,0.0,0.0,0.0,0.0,0.0,0.0,0.0,0.0,0.0,0.0,0.0,0.0,0.0,0.0,0.0,0.0,포항시,0.0,0.0,0.0,0.0,0.0,0.0,0.0,0.0,0.0,0.0,0.0,0.0,0.0,소각,0.0,0.0,0.0,0.0,경북
683,22.2,0.0,0.0,0.0,41.7,2.1,43.8,0.3,244.2,2.0,0.0,0.0,0.0,153.3,0.1,41.7,47.1,포항시,0.0,0.0,0.0,0.1,0.2,0.0,5.5,0.0,1.2,0.0,10.8,2.1,1.9,재활용,0.0,2.8,0.0,0.0,경북
684,18.9,6.0,2.5,6.6,18.6,16.4,116.6,0.0,271.9,5.2,3.2,2.7,0.0,75.9,0.7,100.2,79.4,경주시,0.1,5.7,0.0,0.1,2.9,8.2,0.8,8.0,18.3,53.7,3.4,1.6,3.5,발생량,9.0,13.7,2.6,0.0,경북
685,0.0,0.0,0.0,0.0,0.0,16.4,16.4,0.0,16.4,0.0,3.2,0.0,0.0,0.0,0.0,0.0,0.0,경주시,0.0,0.0,0.0,0.0,0.0,0.0,0.0,0.0,0.0,0.0,0.0,1.6,0.0,매립,9.0,0.0,2.6,0.0,경북
686,0.0,6.0,0.0,0.0,18.6,0.0,100.2,0.0,100.2,0.0,0.0,0.0,0.0,0.0,0.0,100.2,0.0,경주시,0.0,5.7,0.0,0.0,0.0,8.2,0.0,8.0,0.0,53.7,0.0,0.0,0.0,소각,0.0,0.0,0.0,0.0,경북
687,18.9,0.0,2.5,6.6,0.0,0.0,0.0,0.0,155.3,5.2,0.0,2.7,0.0,75.9,0.7,0.0,79.4,경주시,0.1,0.0,0.0,0.1,2.9,0.0,0.8,0.0,18.3,0.0,3.4,0.0,3.5,재활용,0.0,13.7,0.0,0.0,경북
688,0.9,0.0,1.0,0.0,0.0,0.0,64.8,0.2,100.5,2.1,0.0,0.0,7.8,27.9,0.1,57.0,7.8,김천시,0.0,0.0,0.0,0.0,0.0,57.0,0.0,0.0,0.2,0.0,1.4,0.0,0.2,발생량,0.0,1.7,0.0,0.0,경북
689,0.0,0.0,0.0,0.0,0.0,0.0,7.8,0.0,7.8,0.0,0.0,0.0,7.8,0.0,0.0,0.0,0.0,김천시,0.0,0.0,0.0,0.0,0.0,0.0,0.0,0.0,0.0,0.0,0.0,0.0,0.0,매립,0.0,0.0,0.0,0.0,경북
690,0.0,0.0,0.0,0.0,0.0,0.0,57.0,0.0,57.0,0.0,0.0,0.0,0.0,0.0,0.0,57.0,0.0,김천시,0.0,0.0,0.0,0.0,0.0,57.0,0.0,0.0,0.0,0.0,0.0,0.0,0.0,소각,0.0,0.0,0.0,0.0,경북
691,0.9,0.0,1.0,0.0,0.0,0.0,0.0,0.2,35.7,2.1,0.0,0.0,0.0,27.9,0.1,0.0,7.8,김천시,0.0,0.0,0.0,0.0,0.0,0.0,0.0,0.0,0.2,0.0,1.4,0.0,0.2,재활용,0.0,1.7,0.0,0.0,경북
692,0.1,0.0,1.0,0.6,11.1,17.1,122.1,0.7,183.0,0.0,5.5,8.1,0.0,46.3,0.1,105.0,14.6,안동시,0.0,2.1,0.0,0.1,0.0,81.1,1.5,10.4,0.2,0.3,0.8,0.2,0.2,발생량,10.2,1.2,1.2,0.0,경북
693,0.0,0.0,0.0,0.0,10.0,15.9,106.8,0.0,106.8,0.0,5.5,0.0,0.0,0.0,0.0,90.9,0.0,안동시,0.0,0.7,0.0,0.0,0.0,79.5,0.0,0.5,0.0,0.2,0.0,0.0,0.0,매립,10.2,0.0,0.2,0.0,경북
694,0.0,0.0,0.0,0.0,0.0,0.0,12.9,0.0,12.9,0.0,0.0,0.0,0.0,0.0,0.0,12.9,0.0,안동시,0.0,1.4,0.0,0.0,0.0,1.6,0.0,9.9,0.0,0.0,0.0,0.0,0.0,소각,0.0,0.0,0.0,0.0,경북
695,0.1,0.0,1.0,0.6,1.1,1.2,2.4,0.7,63.3,0.0,0.0,8.1,0.0,46.3,0.1,1.2,14.6,안동시,0.0,0.0,0.0,0.1,0.0,0.0,1.5,0.0,0.2,0.1,0.8,0.2,0.2,재활용,0.0,1.2,1.0,0.0,경북
696,0.0,14.7,0.6,1.3,50.3,19.3,188.6,0.2,326.1,0.0,0.0,8.9,0.0,115.4,0.0,169.3,22.1,구미시,0.0,17.2,0.0,0.0,0.0,4.3,3.7,13.9,1.2,68.9,1.6,0.0,0.5,발생량,19.3,4.1,0.0,0.0,경북
697,0.0,0.0,0.0,0.0,0.0,1.1,1.1,0.0,1.1,0.0,0.0,0.0,0.0,0.0,0.0,0.0,0.0,구미시,0.0,0.0,0.0,0.0,0.0,0.0,0.0,0.0,0.0,0.0,0.0,0.0,0.0,매립,1.1,0.0,0.0,0.0,경북
698,0.0,14.7,0.0,0.0,50.3,18.2,187.5,0.0,197.7,0.0,0.0,0.0,0.0,10.2,0.0,169.3,0.0,구미시,0.0,17.2,0.0,0.0,0.0,4.3,0.0,13.9,0.0,68.9,0.0,0.0,0.0,소각,18.2,0.0,0.0,0.0,경북
699,0.0,0.0,0.6,1.3,0.0,0.0,0.0,0.2,127.3,0.0,0.0,8.9,0.0,105.2,0.0,0.0,22.1,구미시,0.0,0.0,0.0,0.0,0.0,0.0,3.7,0.0,1.2,0.0,1.6,0.0,0.5,재활용,0.0,4.1,0.0,0.0,경북
700,1.3,0.0,0.5,0.0,3.2,34.7,99.1,0.1,144.0,6.9,0.2,0.0,0.0,31.0,0.1,64.4,13.9,영주시,0.0,2.6,0.0,0.0,0.0,35.6,1.3,0.1,0.3,22.9,0.9,0.6,0.9,발생량,33.3,1.6,0.6,0.0,경북
701,0.0,0.0,0.0,0.0,3.1,34.1,98.1,0.0,98.1,0.0,0.2,0.0,0.0,0.0,0.0,64.0,0.0,영주시,0.0,2.6,0.0,0.0,0.0,35.4,0.0,0.1,0.0,22.8,0.0,0.6,0.0,매립,32.8,0.0,0.5,0.0,경북
702,0.0,0.0,0.0,0.0,0.0,0.0,0.0,0.0,0.0,0.0,0.0,0.0,0.0,0.0,0.0,0.0,0.0,영주시,0.0,0.0,0.0,0.0,0.0,0.0,0.0,0.0,0.0,0.0,0.0,0.0,0.0,소각,0.0,0.0,0.0,0.0,경북
703,1.3,0.0,0.5,0.0,0.1,0.6,1.0,0.1,45.9,6.9,0.0,0.0,0.0,31.0,0.1,0.4,13.9,영주시,0.0,0.0,0.0,0.0,0.0,0.2,1.3,0.0,0.3,0.1,0.9,0.0,0.9,재활용,0.5,1.6,0.1,0.0,경북
704,3.2,0.0,1.8,17.2,2.1,0.2,72.4,0.1,119.4,4.1,0.0,0.0,13.2,19.4,0.0,59.0,27.6,영천시,0.0,2.2,0.0,0.0,0.0,22.8,0.1,25.5,0.1,6.4,0.8,0.0,0.1,발생량,0.0,0.1,0.2,0.0,경북
705,0.0,0.0,0.0,0.0,0.0,0.0,0.0,0.0,0.0,0.0,0.0,0.0,0.0,0.0,0.0,0.0,0.0,영천시,0.0,0.0,0.0,0.0,0.0,0.0,0.0,0.0,0.0,0.0,0.0,0.0,0.0,매립,0.0,0.0,0.0,0.0,경북
706,0.0,0.0,0.0,0.0,1.3,0.1,44.7,0.0,44.7,0.0,0.0,0.0,0.0,0.0,0.0,44.6,0.0,영천시,0.0,2.2,0.0,0.0,0.0,12.4,0.0,25.5,0.0,3.2,0.0,0.0,0.0,소각,0.0,0.0,0.1,0.0,경북
707,3.2,0.0,1.8,17.2,0.8,0.1,27.7,0.1,74.7,4.1,0.0,0.0,13.2,19.4,0.0,14.4,27.6,영천시,0.0,0.0,0.0,0.0,0.0,10.4,0.1,0.0,0.1,3.2,0.8,0.0,0.1,재활용,0.0,0.1,0.1,0.0,경북
708,0.2,8.1,1.1,0.0,4.9,8.0,54.6,0.2,78.7,5.2,1.0,1.3,0.0,12.6,0.2,46.6,11.5,상주시,0.0,1.5,0.0,0.3,0.3,11.3,0.2,2.8,1.2,18.0,0.4,2.3,0.1,발생량,1.7,0.8,3.0,0.0,경북
709,0.0,0.0,0.0,0.0,0.0,8.0,8.0,0.0,8.0,0.0,1.0,0.0,0.0,0.0,0.0,0.0,0.0,상주시,0.0,0.0,0.0,0.0,0.0,0.0,0.0,0.0,0.0,0.0,0.0,2.3,0.0,매립,1.7,0.0,3.0,0.0,경북
710,0.0,8.1,0.0,0.0,4.9,0.0,46.6,0.0,46.6,0.0,0.0,0.0,0.0,0.0,0.0,46.6,0.0,상주시,0.0,1.5,0.0,0.0,0.0,11.3,0.0,2.8,0.0,18.0,0.0,0.0,0.0,소각,0.0,0.0,0.0,0.0,경북
711,0.2,0.0,1.1,0.0,0.0,0.0,0.0,0.2,24.1,5.2,0.0,1.3,0.0,12.6,0.2,0.0,11.5,상주시,0.0,0.0,0.0,0.3,0.3,0.0,0.2,0.0,1.2,0.0,0.4,0.0,0.1,재활용,0.0,0.8,0.0,0.0,경북
712,4.0,9.6,3.0,0.0,14.4,4.7,61.6,0.1,113.1,0.0,0.0,0.0,0.0,21.1,0.0,56.9,30.4,문경시,0.0,0.4,0.0,0.0,0.0,7.7,4.0,1.3,11.6,23.5,3.2,1.6,2.9,발생량,1.0,1.6,2.1,0.0,경북
713,0.0,4.7,0.0,0.0,7.1,2.3,30.3,0.0,30.3,0.0,0.0,0.0,0.0,0.0,0.0,28.0,0.0,문경시,0.0,0.2,0.0,0.0,0.0,3.8,0.0,0.6,0.0,11.6,0.0,0.8,0.0,매립,0.5,0.0,1.0,0.0,경북
714,0.0,4.9,0.0,0.0,7.3,2.4,31.3,0.0,48.6,0.0,0.0,0.0,0.0,17.3,0.0,28.9,0.0,문경시,0.0,0.2,0.0,0.0,0.0,3.9,0.0,0.7,0.0,11.9,0.0,0.8,0.0,소각,0.5,0.0,1.1,0.0,경북
715,4.0,0.0,3.0,0.0,0.0,0.0,0.0,0.1,34.2,0.0,0.0,0.0,0.0,3.8,0.0,0.0,30.4,문경시,0.0,0.0,0.0,0.0,0.0,0.0,4.0,0.0,11.6,0.0,3.2,0.0,2.9,재활용,0.0,1.6,0.0,0.0,경북
716,0.1,11.9,0.0,0.6,7.6,8.0,101.2,0.4,190.3,0.3,1.0,6.4,0.0,77.0,0.2,93.2,12.1,경산시,0.0,1.5,0.0,0.0,0.0,27.0,0.0,1.3,0.7,43.9,0.9,3.8,0.3,발생량,0.0,2.2,3.2,0.0,경북
717,0.0,1.0,0.0,0.0,0.6,0.7,8.5,0.0,8.5,0.0,0.1,0.0,0.0,0.0,0.0,7.8,0.0,경산시,0.0,0.1,0.0,0.0,0.0,2.3,0.0,0.1,0.0,3.7,0.0,0.3,0.0,매립,0.0,0.0,0.3,0.0,경북
718,0.0,10.9,0.0,0.0,7.0,7.3,92.7,0.0,92.7,0.0,0.9,0.0,0.0,0.0,0.0,85.4,0.0,경산시,0.0,1.4,0.0,0.0,0.0,24.7,0.0,1.2,0.0,40.2,0.0,3.5,0.0,소각,0.0,0.0,2.9,0.0,경북
719,0.1,0.0,0.0,0.6,0.0,0.0,0.0,0.4,89.1,0.3,0.0,6.4,0.0,77.0,0.2,0.0,12.1,경산시,0.0,0.0,0.0,0.0,0.0,0.0,0.0,0.0,0.7,0.0,0.9,0.0,0.3,재활용,0.0,2.2,0.0,0.0,경북
720,0.2,3.0,0.0,0.0,4.6,1.5,23.0,0.0,36.6,7.5,0.0,0.0,3.2,4.8,0.0,18.3,8.8,의성군,0.0,0.1,0.0,0.0,0.0,2.5,0.0,0.4,0.1,7.7,0.2,0.5,0.1,발생량,0.3,0.7,0.7,0.0,경북
721,0.0,3.0,0.0,0.0,1.1,1.4,7.1,0.0,8.4,0.0,0.0,0.0,0.4,1.3,0.0,5.3,0.0,의성군,0.0,0.1,0.0,0.0,0.0,0.0,0.0,0.1,0.0,1.0,0.0,0.5,0.0,매립,0.3,0.0,0.6,0.0,경북
722,0.0,0.0,0.0,0.0,3.5,0.0,15.2,0.0,15.2,0.0,0.0,0.0,2.8,0.0,0.0,12.4,0.0,의성군,0.0,0.0,0.0,0.0,0.0,2.5,0.0,0.3,0.0,6.1,0.0,0.0,0.0,소각,0.0,0.0,0.0,0.0,경북
723,0.2,0.0,0.0,0.0,0.0,0.1,0.7,0.0,13.0,7.5,0.0,0.0,0.0,3.5,0.0,0.6,8.8,의성군,0.0,0.0,0.0,0.0,0.0,0.0,0.0,0.0,0.1,0.6,0.2,0.0,0.1,재활용,0.0,0.7,0.1,0.0,경북
724,0.0,3.0,0.0,0.0,1.5,4.7,18.0,0.0,26.8,4.3,0.7,0.0,0.0,3.5,0.0,13.3,5.3,청송군,0.0,2.0,0.0,0.3,0.0,2.3,0.0,0.5,0.0,4.0,0.1,1.0,0.1,발생량,2.0,0.1,1.0,0.4,경북
725,0.0,0.0,0.0,0.0,0.0,0.0,0.0,0.0,0.0,0.0,0.0,0.0,0.0,0.0,0.0,0.0,0.0,청송군,0.0,0.0,0.0,0.0,0.0,0.0,0.0,0.0,0.0,0.0,0.0,0.0,0.0,매립,0.0,0.0,0.0,0.0,경북
726,0.0,3.0,0.0,0.0,1.5,0.0,13.3,0.0,16.3,0.0,0.0,0.0,0.0,3.0,0.0,13.3,0.0,청송군,0.0,2.0,0.0,0.0,0.0,2.3,0.0,0.5,0.0,4.0,0.0,0.0,0.0,소각,0.0,0.0,0.0,0.0,경북
727,0.0,0.0,0.0,0.0,0.0,4.7,4.7,0.0,10.5,4.3,0.7,0.0,0.0,0.5,0.0,0.0,5.3,청송군,0.0,0.0,0.0,0.3,0.0,0.0,0.0,0.0,0.0,0.0,0.1,1.0,0.1,재활용,2.0,0.1,1.0,0.4,경북
728,0.8,0.5,0.2,0.2,0.2,7.0,9.8,0.0,14.8,0.2,2.2,0.1,0.2,2.0,0.2,2.6,3.0,영양군,0.0,0.2,0.0,0.0,0.0,0.7,0.0,0.4,0.4,0.6,0.2,0.5,0.1,발생량,3.8,0.6,0.5,0.0,경북
729,0.0,0.5,0.0,0.0,0.0,7.0,8.6,0.0,10.5,0.0,2.2,0.0,0.2,1.9,0.0,1.4,0.0,영양군,0.0,0.0,0.0,0.0,0.0,0.5,0.0,0.1,0.0,0.3,0.0,0.5,0.0,매립,3.8,0.0,0.5,0.0,경북
730,0.0,0.0,0.0,0.0,0.2,0.0,1.2,0.0,1.2,0.0,0.0,0.0,0.0,0.0,0.0,1.2,0.0,영양군,0.0,0.2,0.0,0.0,0.0,0.2,0.0,0.3,0.0,0.3,0.0,0.0,0.0,소각,0.0,0.0,0.0,0.0,경북
731,0.8,0.0,0.2,0.2,0.0,0.0,0.0,0.0,3.1,0.2,0.0,0.1,0.0,0.1,0.2,0.0,3.0,영양군,0.0,0.0,0.0,0.0,0.0,0.0,0.0,0.0,0.4,0.0,0.2,0.0,0.1,재활용,0.0,0.6,0.0,0.0,경북
732,0.2,0.0,0.1,0.2,0.4,4.8,32.3,0.0,43.3,1.5,0.6,0.1,0.0,8.0,0.0,27.5,3.0,영덕군,0.0,0.0,0.0,0.0,0.0,23.9,0.0,3.0,0.0,0.2,0.3,0.2,0.2,발생량,3.3,0.4,0.7,0.0,경북
733,0.0,0.0,0.0,0.0,0.0,4.1,12.8,0.0,12.8,0.0,0.6,0.0,0.0,0.0,0.0,8.7,0.0,영덕군,0.0,0.0,0.0,0.0,0.0,8.1,0.0,0.6,0.0,0.0,0.0,0.1,0.0,매립,3.0,0.0,0.4,0.0,경북
734,0.0,0.0,0.0,0.0,0.1,0.0,18.3,0.0,22.8,0.0,0.0,0.0,0.0,4.5,0.0,18.3,0.0,영덕군,0.0,0.0,0.0,0.0,0.0,15.7,0.0,2.4,0.0,0.1,0.0,0.0,0.0,소각,0.0,0.0,0.0,0.0,경북
735,0.2,0.0,0.1,0.2,0.3,0.7,1.2,0.0,7.7,1.5,0.0,0.1,0.0,3.5,0.0,0.5,3.0,영덕군,0.0,0.0,0.0,0.0,0.0,0.1,0.0,0.0,0.0,0.1,0.3,0.1,0.2,재활용,0.3,0.4,0.3,0.0,경북
736,0.0,0.3,0.0,0.0,1.7,1.2,24.6,0.0,31.4,0.0,0.1,0.0,5.2,6.2,0.0,18.2,0.6,청도군,0.0,0.6,0.0,0.0,0.0,12.4,0.1,0.9,0.0,2.3,0.0,0.2,0.1,발생량,0.8,0.4,0.1,0.0,경북
737,0.0,0.3,0.0,0.0,0.3,1.2,8.3,0.0,8.3,0.0,0.1,0.0,5.0,0.0,0.0,2.1,0.0,청도군,0.0,0.0,0.0,0.0,0.0,0.9,0.0,0.3,0.0,0.3,0.0,0.2,0.0,매립,0.8,0.0,0.1,0.0,경북
738,0.0,0.0,0.0,0.0,1.2,0.0,14.9,0.0,14.9,0.0,0.0,0.0,0.0,0.0,0.0,14.9,0.0,청도군,0.0,0.6,0.0,0.0,0.0,11.0,0.0,0.6,0.0,1.5,0.0,0.0,0.0,소각,0.0,0.0,0.0,0.0,경북
739,0.0,0.0,0.0,0.0,0.2,0.0,1.4,0.0,8.2,0.0,0.0,0.0,0.2,6.2,0.0,1.2,0.6,청도군,0.0,0.0,0.0,0.0,0.0,0.5,0.1,0.0,0.0,0.5,0.0,0.0,0.1,재활용,0.0,0.4,0.0,0.0,경북
740,0.0,2.6,0.0,0.0,3.8,1.2,16.4,0.0,25.5,2.5,0.0,0.0,0.0,6.1,0.0,15.2,3.0,고령군,0.0,0.1,0.0,0.0,0.0,2.1,0.0,0.3,0.0,6.3,0.0,0.4,0.0,발생량,0.3,0.5,0.5,0.0,경북
741,0.0,0.1,0.0,0.0,0.1,0.0,0.5,0.0,0.5,0.0,0.0,0.0,0.0,0.0,0.0,0.5,0.0,고령군,0.0,0.0,0.0,0.0,0.0,0.1,0.0,0.0,0.0,0.2,0.0,0.0,0.0,매립,0.0,0.0,0.0,0.0,경북
742,0.0,2.5,0.0,0.0,3.7,1.2,15.9,0.0,18.9,0.0,0.0,0.0,0.0,3.0,0.0,14.7,0.0,고령군,0.0,0.1,0.0,0.0,0.0,2.0,0.0,0.3,0.0,6.1,0.0,0.4,0.0,소각,0.3,0.0,0.5,0.0,경북
743,0.0,0.0,0.0,0.0,0.0,0.0,0.0,0.0,6.1,2.5,0.0,0.0,0.0,3.1,0.0,0.0,3.0,고령군,0.0,0.0,0.0,0.0,0.0,0.0,0.0,0.0,0.0,0.0,0.0,0.0,0.0,재활용,0.0,0.5,0.0,0.0,경북
744,0.3,1.0,0.9,0.0,1.7,1.5,25.1,0.0,32.4,0.0,0.2,0.0,3.5,4.8,0.0,20.1,2.5,성주군,0.0,0.7,0.0,0.0,0.0,15.3,0.0,0.8,0.2,0.6,0.3,0.4,0.2,발생량,0.3,0.6,0.6,0.0,경북
745,0.0,0.0,0.0,0.0,0.0,0.8,4.3,0.0,4.3,0.0,0.2,0.0,3.5,0.0,0.0,0.0,0.0,성주군,0.0,0.0,0.0,0.0,0.0,0.0,0.0,0.0,0.0,0.0,0.0,0.2,0.0,매립,0.3,0.0,0.1,0.0,경북
746,0.0,1.0,0.0,0.0,1.5,0.0,19.0,0.0,19.0,0.0,0.0,0.0,0.0,0.0,0.0,19.0,0.0,성주군,0.0,0.7,0.0,0.0,0.0,14.5,0.0,0.8,0.0,0.5,0.0,0.0,0.0,소각,0.0,0.0,0.0,0.0,경북
747,0.3,0.0,0.9,0.0,0.2,0.7,1.8,0.0,9.1,0.0,0.0,0.0,0.0,4.8,0.0,1.1,2.5,성주군,0.0,0.0,0.0,0.0,0.0,0.8,0.0,0.0,0.2,0.1,0.3,0.2,0.2,재활용,0.0,0.6,0.5,0.0,경북
748,5.1,6.0,1.2,0.0,16.8,2.7,77.0,0.0,108.6,0.1,0.1,0.0,0.5,22.0,0.1,73.8,9.6,칠곡군,0.0,2.6,0.0,0.0,0.0,17.2,0.0,1.8,0.1,29.4,0.4,0.1,0.9,발생량,2.4,1.7,0.1,0.0,경북
749,0.0,0.0,0.0,0.0,0.0,2.7,3.2,0.0,3.2,0.0,0.1,0.0,0.5,0.0,0.0,0.0,0.0,칠곡군,0.0,0.0,0.0,0.0,0.0,0.0,0.0,0.0,0.0,0.0,0.0,0.1,0.0,매립,2.4,0.0,0.1,0.0,경북
750,0.0,6.0,0.0,0.0,16.8,0.0,72.0,0.0,86.0,0.0,0.0,0.0,0.0,14.0,0.0,72.0,0.0,칠곡군,0.0,2.6,0.0,0.0,0.0,17.2,0.0,1.8,0.0,27.6,0.0,0.0,0.0,소각,0.0,0.0,0.0,0.0,경북
751,5.1,0.0,1.2,0.0,0.0,0.0,1.8,0.0,19.4,0.1,0.0,0.0,0.0,8.0,0.1,1.8,9.6,칠곡군,0.0,0.0,0.0,0.0,0.0,0.0,0.0,0.0,0.1,1.8,0.4,0.0,0.9,재활용,0.0,1.7,0.0,0.0,경북
752,0.5,1.7,1.5,0.3,2.6,0.9,15.7,0.0,25.6,0.0,0.0,0.0,4.6,6.5,0.0,10.2,3.4,예천군,0.0,0.1,0.0,0.0,0.1,1.4,0.0,0.2,0.3,4.2,0.5,0.3,0.1,발생량,0.2,0.1,0.4,0.0,경북
753,0.0,0.0,0.0,0.0,0.0,0.0,4.6,0.0,4.6,0.0,0.0,0.0,4.6,0.0,0.0,0.0,0.0,예천군,0.0,0.0,0.0,0.0,0.0,0.0,0.0,0.0,0.0,0.0,0.0,0.0,0.0,매립,0.0,0.0,0.0,0.0,경북
754,0.0,1.7,0.0,0.0,2.6,0.9,11.1,0.0,15.9,0.0,0.0,0.0,0.0,4.8,0.0,10.2,0.0,예천군,0.0,0.1,0.0,0.0,0.0,1.4,0.0,0.2,0.0,4.2,0.0,0.3,0.0,소각,0.2,0.0,0.4,0.0,경북
755,0.5,0.0,1.5,0.3,0.0,0.0,0.0,0.0,5.1,0.0,0.0,0.0,0.0,1.7,0.0,0.0,3.4,예천군,0.0,0.0,0.0,0.0,0.1,0.0,0.0,0.0,0.3,0.0,0.5,0.0,0.1,재활용,0.0,0.1,0.0,0.0,경북
756,3.4,2.2,0.3,0.0,6.1,9.9,35.8,0.0,56.7,10.2,2.9,0.0,0.0,4.0,0.0,25.9,16.9,봉화군,0.0,1.4,0.0,0.0,0.1,7.1,0.0,3.7,1.2,5.4,0.5,1.3,0.3,발생량,3.8,0.9,1.9,0.0,경북
757,0.0,2.2,0.0,0.0,5.6,8.4,32.6,0.0,32.6,0.0,2.9,0.0,0.0,0.0,0.0,24.2,0.0,봉화군,0.0,1.4,0.0,0.0,0.0,7.1,0.0,3.6,0.0,4.3,0.0,0.7,0.0,매립,3.7,0.0,1.1,0.0,경북
758,0.0,0.0,0.0,0.0,0.1,0.0,0.3,0.0,0.3,0.0,0.0,0.0,0.0,0.0,0.0,0.3,0.0,봉화군,0.0,0.0,0.0,0.0,0.0,0.0,0.0,0.1,0.0,0.1,0.0,0.0,0.0,소각,0.0,0.0,0.0,0.0,경북
759,3.4,0.0,0.3,0.0,0.4,1.5,2.9,0.0,23.8,10.2,0.0,0.0,0.0,4.0,0.0,1.4,16.9,봉화군,0.0,0.0,0.0,0.0,0.1,0.0,0.0,0.0,1.2,1.0,0.5,0.6,0.3,재활용,0.1,0.9,0.8,0.0,경북
760,3.9,0.2,0.3,0.0,9.0,7.9,37.8,0.0,59.6,1.3,1.2,0.0,1.4,14.0,0.0,28.5,7.8,울진군,0.0,2.0,0.0,0.0,0.1,2.9,0.0,2.4,0.5,12.0,0.5,1.1,0.5,발생량,4.5,0.7,1.1,0.0,경북
761,0.0,0.2,0.0,0.0,0.9,5.5,11.6,0.0,11.6,0.0,1.2,0.0,1.4,0.0,0.0,4.7,0.0,울진군,0.0,0.9,0.0,0.0,0.0,0.9,0.0,0.6,0.0,1.2,0.0,1.1,0.0,매립,2.1,0.0,1.1,0.0,경북
762,0.0,0.0,0.0,0.0,8.1,0.0,23.8,0.0,23.8,0.0,0.0,0.0,0.0,0.0,0.0,23.8,0.0,울진군,0.0,1.1,0.0,0.0,0.0,2.0,0.0,1.8,0.0,10.8,0.0,0.0,0.0,소각,0.0,0.0,0.0,0.0,경북
763,3.9,0.0,0.3,0.0,0.0,2.4,2.4,0.0,24.2,1.3,0.0,0.0,0.0,14.0,0.0,0.0,7.8,울진군,0.0,0.0,0.0,0.0,0.1,0.0,0.0,0.0,0.5,0.0,0.5,0.0,0.5,재활용,2.4,0.7,0.0,0.0,경북
764,0.0,1.3,0.0,0.2,2.1,0.6,8.7,0.0,14.3,0.0,0.0,0.0,0.0,4.8,0.0,8.1,0.8,울릉군,0.0,0.0,0.0,0.0,0.0,1.1,0.0,0.2,0.1,3.4,0.1,0.2,0.0,발생량,0.1,0.2,0.3,0.2,경북
765,0.0,0.2,0.0,0.0,0.4,0.1,1.5,0.0,6.3,0.0,0.0,0.0,0.0,4.8,0.0,1.4,0.0,울릉군,0.0,0.0,0.0,0.0,0.0,0.2,0.0,0.0,0.0,0.6,0.0,0.0,0.0,매립,0.0,0.0,0.1,0.0,경북
766,0.0,1.1,0.0,0.0,1.7,0.5,7.2,0.0,7.2,0.0,0.0,0.0,0.0,0.0,0.0,6.7,0.0,울릉군,0.0,0.0,0.0,0.0,0.0,0.9,0.0,0.2,0.0,2.8,0.0,0.2,0.0,소각,0.1,0.0,0.2,0.0,경북
767,0.0,0.0,0.0,0.2,0.0,0.0,0.0,0.0,0.8,0.0,0.0,0.0,0.0,0.0,0.0,0.0,0.8,울릉군,0.0,0.0,0.0,0.0,0.0,0.0,0.0,0.0,0.1,0.0,0.1,0.0,0.0,재활용,0.0,0.2,0.0,0.2,경북
768,36.6,61.6,55.4,9.7,76.9,125.4,526.1,1.0,1116.5,11.2,0.4,18.7,69.5,321.2,0.8,331.2,269.2,창원시,0.1,31.0,0.0,0.1,3.4,0.0,19.4,19.0,50.6,142.7,21.6,18.4,14.9,발생량,100.5,25.7,6.1,0.0,경남
769,0.0,1.7,0.0,0.0,2.1,100.5,113.9,0.0,113.9,0.0,0.0,0.0,4.2,0.0,0.0,9.2,0.0,창원시,0.0,0.9,0.0,0.0,0.0,0.0,0.0,0.5,0.0,4.0,0.0,0.0,0.0,매립,100.5,0.0,0.0,0.0,경남
770,0.0,59.9,0.0,0.0,74.8,24.9,412.2,0.0,412.2,0.0,0.4,0.0,65.3,0.0,0.0,322.0,0.0,창원시,0.0,30.1,0.0,0.0,0.0,0.0,0.0,18.5,0.0,138.7,0.0,18.4,0.0,소각,0.0,0.0,6.1,0.0,경남
771,36.6,0.0,55.4,9.7,0.0,0.0,0.0,1.0,590.4,11.2,0.0,18.7,0.0,321.2,0.8,0.0,269.2,창원시,0.1,0.0,0.0,0.1,3.4,0.0,19.4,0.0,50.6,0.0,21.6,0.0,14.9,재활용,0.0,25.7,0.0,0.0,경남
772,33.2,18.5,0.0,1.8,37.7,11.7,143.2,0.2,365.2,9.5,0.8,10.9,0.0,95.8,0.1,131.5,126.2,진주시,0.0,1.9,0.0,0.0,0.3,10.3,6.4,2.7,46.2,60.4,2.8,4.7,2.0,발생량,2.4,12.8,3.8,0.0,경남
773,0.0,18.5,0.0,0.0,37.7,11.7,143.2,0.0,143.2,0.0,0.8,0.0,0.0,0.0,0.0,131.5,0.0,진주시,0.0,1.9,0.0,0.0,0.0,10.3,0.0,2.7,0.0,60.4,0.0,4.7,0.0,매립,2.4,0.0,3.8,0.0,경남
774,0.0,0.0,0.0,0.0,0.0,0.0,0.0,0.0,0.0,0.0,0.0,0.0,0.0,0.0,0.0,0.0,0.0,진주시,0.0,0.0,0.0,0.0,0.0,0.0,0.0,0.0,0.0,0.0,0.0,0.0,0.0,소각,0.0,0.0,0.0,0.0,경남
775,33.2,0.0,0.0,1.8,0.0,0.0,0.0,0.2,222.0,9.5,0.0,10.9,0.0,95.8,0.1,0.0,126.2,진주시,0.0,0.0,0.0,0.0,0.3,0.0,6.4,0.0,46.2,0.0,2.8,0.0,2.0,재활용,0.0,12.8,0.0,0.0,경남
776,31.7,0.0,1.0,0.5,7.5,22.3,102.6,1.5,200.0,0.0,4.2,0.0,0.0,33.7,0.0,80.3,63.7,통영시,0.1,3.8,0.0,0.0,0.0,40.1,0.1,21.5,16.1,7.4,3.4,1.6,0.5,발생량,14.4,8.8,2.1,0.0,경남
777,0.0,0.0,0.0,0.0,0.6,17.3,29.1,0.0,29.1,0.0,2.4,0.0,0.0,0.0,0.0,11.8,0.0,통영시,0.0,0.8,0.0,0.0,0.0,7.7,0.0,1.6,0.0,1.1,0.0,0.9,0.0,매립,13.0,0.0,1.0,0.0,경남
778,0.0,0.0,0.0,0.0,6.9,5.0,73.5,0.0,106.8,0.0,1.8,0.0,0.0,33.3,0.0,68.5,0.0,통영시,0.0,3.0,0.0,0.0,0.0,32.4,0.0,19.9,0.0,6.3,0.0,0.7,0.0,소각,1.4,0.0,1.1,0.0,경남
779,31.7,0.0,1.0,0.5,0.0,0.0,0.0,1.5,64.1,0.0,0.0,0.0,0.0,0.4,0.0,0.0,63.7,통영시,0.1,0.0,0.0,0.0,0.0,0.0,0.1,0.0,16.1,0.0,3.4,0.0,0.5,재활용,0.0,8.8,0.0,0.0,경남
780,12.8,0.0,0.3,0.5,26.3,42.0,117.1,0.2,185.1,4.6,20.0,0.0,0.0,30.3,0.0,75.1,37.7,사천시,0.0,10.1,0.0,0.0,0.2,16.0,0.0,7.8,17.7,14.9,0.6,1.5,0.2,발생량,19.1,0.6,1.4,0.0,경남
781,0.0,0.0,0.0,0.0,10.3,42.0,71.8,0.0,71.8,0.0,20.0,0.0,0.0,0.0,0.0,29.8,0.0,사천시,0.0,6.5,0.0,0.0,0.0,8.3,0.0,3.1,0.0,1.6,0.0,1.5,0.0,매립,19.1,0.0,1.4,0.0,경남
782,0.0,0.0,0.0,0.0,16.0,0.0,45.3,0.0,45.3,0.0,0.0,0.0,0.0,0.0,0.0,45.3,0.0,사천시,0.0,3.6,0.0,0.0,0.0,7.7,0.0,4.7,0.0,13.3,0.0,0.0,0.0,소각,0.0,0.0,0.0,0.0,경남
783,12.8,0.0,0.3,0.5,0.0,0.0,0.0,0.2,68.0,4.6,0.0,0.0,0.0,30.3,0.0,0.0,37.7,사천시,0.0,0.0,0.0,0.0,0.2,0.0,0.0,0.0,17.7,0.0,0.6,0.0,0.2,재활용,0.0,0.6,0.0,0.0,경남
784,60.8,0.0,0.0,6.2,39.7,25.9,193.1,0.0,469.6,3.1,5.8,0.0,0.0,146.9,0.1,167.2,129.6,김해시,0.3,17.2,0.0,0.0,4.3,47.4,12.9,8.3,8.5,54.6,9.7,0.0,4.6,발생량,19.3,19.1,0.8,0.0,경남
785,0.0,0.0,0.0,0.0,0.0,25.9,25.9,0.0,25.9,0.0,5.8,0.0,0.0,0.0,0.0,0.0,0.0,김해시,0.0,0.0,0.0,0.0,0.0,0.0,0.0,0.0,0.0,0.0,0.0,0.0,0.0,매립,19.3,0.0,0.8,0.0,경남
786,0.0,0.0,0.0,0.0,39.7,0.0,167.2,0.0,167.2,0.0,0.0,0.0,0.0,0.0,0.0,167.2,0.0,김해시,0.0,17.2,0.0,0.0,0.0,47.4,0.0,8.3,0.0,54.6,0.0,0.0,0.0,소각,0.0,0.0,0.0,0.0,경남
787,60.8,0.0,0.0,6.2,0.0,0.0,0.0,0.0,276.5,3.1,0.0,0.0,0.0,146.9,0.1,0.0,129.6,김해시,0.3,0.0,0.0,0.0,4.3,0.0,12.9,0.0,8.5,0.0,9.7,0.0,4.6,재활용,0.0,19.1,0.0,0.0,경남
788,1.6,0.0,2.6,0.4,8.2,12.1,49.4,0.0,88.3,3.0,0.3,0.0,0.0,21.3,0.0,37.3,17.6,밀양시,0.0,4.2,0.0,0.0,0.3,9.3,0.0,5.6,2.6,10.0,1.6,0.5,0.9,발생량,10.6,4.6,0.7,0.0,경남
789,0.0,0.0,0.0,0.0,0.0,10.7,10.7,0.0,10.7,0.0,0.3,0.0,0.0,0.0,0.0,0.0,0.0,밀양시,0.0,0.0,0.0,0.0,0.0,0.0,0.0,0.0,0.0,0.0,0.0,0.5,0.0,매립,9.2,0.0,0.7,0.0,경남
790,0.0,0.0,0.0,0.0,8.2,1.4,38.7,0.0,40.5,0.0,0.0,0.0,0.0,1.8,0.0,37.3,0.0,밀양시,0.0,4.2,0.0,0.0,0.0,9.3,0.0,5.6,0.0,10.0,0.0,0.0,0.0,소각,1.4,0.0,0.0,0.0,경남
791,1.6,0.0,2.6,0.4,0.0,0.0,0.0,0.0,37.1,3.0,0.0,0.0,0.0,19.5,0.0,0.0,17.6,밀양시,0.0,0.0,0.0,0.0,0.3,0.0,0.0,0.0,2.6,0.0,1.6,0.0,0.9,재활용,0.0,4.6,0.0,0.0,경남
792,0.7,0.0,8.5,2.1,26.5,3.0,109.0,0.2,230.1,0.1,0.2,0.0,0.0,71.5,0.1,106.0,49.6,거제시,0.1,1.6,0.0,0.0,0.1,33.4,8.6,2.1,17.9,42.4,3.8,0.6,2.9,발생량,1.5,4.5,0.7,0.0,경남
793,0.0,0.0,0.0,0.0,0.0,3.0,3.0,0.0,3.0,0.0,0.2,0.0,0.0,0.0,0.0,0.0,0.0,거제시,0.0,0.0,0.0,0.0,0.0,0.0,0.0,0.0,0.0,0.0,0.0,0.6,0.0,매립,1.5,0.0,0.7,0.0,경남
794,0.0,0.0,0.0,0.0,26.5,0.0,106.0,0.0,106.0,0.0,0.0,0.0,0.0,0.0,0.0,106.0,0.0,거제시,0.0,1.6,0.0,0.0,0.0,33.4,0.0,2.1,0.0,42.4,0.0,0.0,0.0,소각,0.0,0.0,0.0,0.0,경남
795,0.7,0.0,8.5,2.1,0.0,0.0,0.0,0.2,121.1,0.1,0.0,0.0,0.0,71.5,0.1,0.0,49.6,거제시,0.1,0.0,0.0,0.0,0.1,0.0,8.6,0.0,17.9,0.0,3.8,0.0,2.9,재활용,0.0,4.5,0.0,0.0,경남
796,28.9,9.8,3.3,1.2,17.2,70.2,135.6,0.9,287.6,0.5,0.0,7.1,0.0,80.8,0.1,65.4,71.2,양산시,0.1,2.7,0.0,0.0,0.0,8.9,4.3,4.6,9.1,22.2,5.5,2.1,2.0,발생량,64.6,8.2,3.5,0.0,경남
797,0.0,0.0,0.0,0.0,0.0,67.1,67.1,0.0,67.1,0.0,0.0,0.0,0.0,0.0,0.0,0.0,0.0,양산시,0.0,0.0,0.0,0.0,0.0,0.0,0.0,0.0,0.0,0.0,0.0,2.1,0.0,매립,61.5,0.0,3.5,0.0,경남
798,0.0,9.8,0.0,0.0,17.2,3.1,68.5,0.0,68.5,0.0,0.0,0.0,0.0,0.0,0.0,65.4,0.0,양산시,0.0,2.7,0.0,0.0,0.0,8.9,0.0,4.6,0.0,22.2,0.0,0.0,0.0,소각,3.1,0.0,0.0,0.0,경남
799,28.9,0.0,3.3,1.2,0.0,0.0,0.0,0.9,152.0,0.5,0.0,7.1,0.0,80.8,0.1,0.0,71.2,양산시,0.1,0.0,0.0,0.0,0.0,0.0,4.3,0.0,9.1,0.0,5.5,0.0,2.0,재활용,0.0,8.2,0.0,0.0,경남
800,2.6,1.6,0.0,0.0,2.3,0.5,11.6,0.0,28.6,2.7,0.0,0.0,0.2,3.5,0.0,10.9,13.5,의령군,0.0,0.1,0.0,0.0,0.2,2.1,0.0,1.0,7.7,3.8,0.1,0.2,0.0,발생량,0.0,0.2,0.3,0.0,경남
801,0.0,0.1,0.0,0.0,0.1,0.0,1.3,0.0,4.3,0.0,0.0,0.0,0.0,3.0,0.0,1.3,0.0,의령군,0.0,0.0,0.0,0.0,0.0,0.9,0.0,0.0,0.0,0.2,0.0,0.0,0.0,매립,0.0,0.0,0.0,0.0,경남
802,0.0,0.0,0.0,0.0,0.0,0.0,0.0,0.0,0.0,0.0,0.0,0.0,0.0,0.0,0.0,0.0,0.0,의령군,0.0,0.0,0.0,0.0,0.0,0.0,0.0,0.0,0.0,0.0,0.0,0.0,0.0,소각,0.0,0.0,0.0,0.0,경남
803,2.6,1.5,0.0,0.0,2.2,0.5,10.3,0.0,24.3,2.7,0.0,0.0,0.2,0.5,0.0,9.6,13.5,의령군,0.0,0.1,0.0,0.0,0.2,1.2,0.0,1.0,7.7,3.6,0.1,0.2,0.0,재활용,0.0,0.2,0.3,0.0,경남
804,8.9,5.0,0.0,0.0,7.6,1.1,31.0,0.0,63.7,4.8,0.0,0.0,0.0,7.8,0.0,29.9,24.9,함안군,0.0,0.2,0.0,0.0,0.0,4.1,0.7,0.7,5.6,12.3,1.4,0.5,0.9,발생량,0.2,2.6,0.4,0.0,경남
805,0.0,0.0,0.0,0.0,0.0,1.1,1.1,0.0,1.1,0.0,0.0,0.0,0.0,0.0,0.0,0.0,0.0,함안군,0.0,0.0,0.0,0.0,0.0,0.0,0.0,0.0,0.0,0.0,0.0,0.5,0.0,매립,0.2,0.0,0.4,0.0,경남
806,0.0,5.0,0.0,0.0,7.6,0.0,29.9,0.0,35.5,0.0,0.0,0.0,0.0,5.6,0.0,29.9,0.0,함안군,0.0,0.2,0.0,0.0,0.0,4.1,0.0,0.7,0.0,12.3,0.0,0.0,0.0,소각,0.0,0.0,0.0,0.0,경남
807,8.9,0.0,0.0,0.0,0.0,0.0,0.0,0.0,27.1,4.8,0.0,0.0,0.0,2.2,0.0,0.0,24.9,함안군,0.0,0.0,0.0,0.0,0.0,0.0,0.7,0.0,5.6,0.0,1.4,0.0,0.9,재활용,0.0,2.6,0.0,0.0,경남
808,0.7,0.0,0.1,0.1,3.3,6.0,24.7,0.0,50.7,8.3,0.0,0.7,0.0,12.8,0.0,18.7,13.2,창녕군,0.0,1.3,0.0,0.0,0.1,4.2,0.3,3.2,0.5,6.7,0.3,0.8,0.2,발생량,3.6,1.9,1.6,0.0,경남
809,0.0,0.0,0.0,0.0,0.2,4.7,5.5,0.0,5.5,0.0,0.0,0.0,0.0,0.0,0.0,0.8,0.0,창녕군,0.0,0.0,0.0,0.0,0.0,0.3,0.0,0.0,0.0,0.3,0.0,0.6,0.0,매립,3.6,0.0,0.5,0.0,경남
810,0.0,0.0,0.0,0.0,2.9,0.0,17.4,0.0,17.4,0.0,0.0,0.0,0.0,0.0,0.0,17.4,0.0,창녕군,0.0,1.3,0.0,0.0,0.0,3.8,0.0,3.2,0.0,6.2,0.0,0.0,0.0,소각,0.0,0.0,0.0,0.0,경남
811,0.7,0.0,0.1,0.1,0.2,1.3,1.8,0.0,27.8,8.3,0.0,0.7,0.0,12.8,0.0,0.5,13.2,창녕군,0.0,0.0,0.0,0.0,0.1,0.1,0.3,0.0,0.5,0.2,0.3,0.2,0.2,재활용,0.0,1.9,1.1,0.0,경남
812,3.0,0.3,0.3,1.0,3.9,2.9,24.8,0.0,49.9,0.2,0.4,0.2,1.5,6.5,0.0,20.4,18.6,고성군,0.2,2.3,0.0,0.0,1.3,3.0,0.9,4.5,3.8,6.4,2.2,0.5,1.9,발생량,1.2,3.6,0.8,0.0,경남
813,0.0,0.2,0.0,0.0,0.1,2.9,8.1,0.0,8.1,0.0,0.4,0.0,1.5,0.0,0.0,3.7,0.0,고성군,0.0,1.0,0.0,0.0,0.0,0.4,0.0,2.0,0.0,0.0,0.0,0.5,0.0,매립,1.2,0.0,0.8,0.0,경남
814,0.0,0.1,0.0,0.0,3.8,0.0,16.7,0.0,16.7,0.0,0.0,0.0,0.0,0.0,0.0,16.7,0.0,고성군,0.0,1.3,0.0,0.0,0.0,2.6,0.0,2.5,0.0,6.4,0.0,0.0,0.0,소각,0.0,0.0,0.0,0.0,경남
815,3.0,0.0,0.3,1.0,0.0,0.0,0.0,0.0,25.1,0.2,0.0,0.2,0.0,6.5,0.0,0.0,18.6,고성군,0.2,0.0,0.0,0.0,1.3,0.0,0.9,0.0,3.8,0.0,2.2,0.0,1.9,재활용,0.0,3.6,0.0,0.0,경남
816,1.9,0.0,0.1,0.0,4.7,1.7,17.8,0.0,30.8,2.2,0.2,0.0,0.5,7.0,0.0,15.6,6.0,남해군,0.1,1.8,0.0,0.0,0.2,5.2,0.2,0.6,0.4,3.3,0.2,0.4,0.2,발생량,0.7,0.5,0.4,0.0,경남
817,0.0,0.0,0.0,0.0,2.3,1.4,8.7,0.0,8.7,0.0,0.2,0.0,0.5,0.0,0.0,6.8,0.0,남해군,0.0,1.1,0.0,0.0,0.0,2.8,0.0,0.4,0.0,0.2,0.0,0.1,0.0,매립,0.7,0.0,0.4,0.0,경남
818,0.0,0.0,0.0,0.0,0.0,0.0,0.0,0.0,0.0,0.0,0.0,0.0,0.0,0.0,0.0,0.0,0.0,남해군,0.0,0.0,0.0,0.0,0.0,0.0,0.0,0.0,0.0,0.0,0.0,0.0,0.0,소각,0.0,0.0,0.0,0.0,경남
819,1.9,0.0,0.1,0.0,2.4,0.3,9.1,0.0,22.1,2.2,0.0,0.0,0.0,7.0,0.0,8.8,6.0,남해군,0.1,0.7,0.0,0.0,0.2,2.4,0.2,0.2,0.4,3.1,0.2,0.3,0.2,재활용,0.0,0.5,0.0,0.0,경남
820,2.8,0.0,0.1,3.0,2.8,9.7,28.0,0.0,50.0,1.0,1.5,0.0,0.5,6.2,0.0,17.8,15.8,하동군,0.0,2.6,0.0,0.0,0.1,6.2,1.0,2.7,5.3,3.5,0.4,3.5,0.6,발생량,1.6,1.5,3.1,0.0,경남
821,0.0,0.0,0.0,0.0,1.5,9.5,16.0,0.0,21.7,0.0,1.5,0.0,0.3,5.7,0.0,6.2,0.0,하동군,0.0,0.8,0.0,0.0,0.0,2.4,0.0,0.8,0.0,0.7,0.0,3.5,0.0,매립,1.5,0.0,3.0,0.0,경남
822,0.0,0.0,0.0,0.0,1.3,0.0,11.5,0.0,11.5,0.0,0.0,0.0,0.2,0.0,0.0,11.3,0.0,하동군,0.0,1.8,0.0,0.0,0.0,3.5,0.0,1.9,0.0,2.8,0.0,0.0,0.0,소각,0.0,0.0,0.0,0.0,경남
823,2.8,0.0,0.1,3.0,0.0,0.2,0.5,0.0,16.8,1.0,0.0,0.0,0.0,0.5,0.0,0.3,15.8,하동군,0.0,0.0,0.0,0.0,0.1,0.3,1.0,0.0,5.3,0.0,0.4,0.0,0.6,재활용,0.1,1.5,0.1,0.0,경남
824,4.4,0.3,1.8,0.1,4.8,6.4,25.5,0.0,41.8,1.0,1.4,0.0,0.0,3.8,0.0,19.1,12.5,산청군,0.0,0.2,0.0,0.0,0.1,7.2,0.0,1.9,3.7,4.7,0.2,0.3,1.1,발생량,4.1,0.1,0.6,0.0,경남
825,0.0,0.2,0.0,0.0,1.7,6.2,14.3,0.0,17.5,0.0,1.4,0.0,0.0,3.2,0.0,8.1,0.0,산청군,0.0,0.2,0.0,0.0,0.0,2.3,0.0,0.9,0.0,2.8,0.0,0.3,0.0,매립,3.9,0.0,0.6,0.0,경남
826,0.0,0.1,0.0,0.0,3.1,0.2,11.2,0.0,11.2,0.0,0.0,0.0,0.0,0.0,0.0,11.0,0.0,산청군,0.0,0.0,0.0,0.0,0.0,4.9,0.0,1.0,0.0,1.9,0.0,0.0,0.0,소각,0.2,0.0,0.0,0.0,경남
827,4.4,0.0,1.8,0.1,0.0,0.0,0.0,0.0,13.1,1.0,0.0,0.0,0.0,0.6,0.0,0.0,12.5,산청군,0.0,0.0,0.0,0.0,0.1,0.0,0.0,0.0,3.7,0.0,0.2,0.0,1.1,재활용,0.0,0.1,0.0,0.0,경남
828,0.9,0.0,0.0,0.4,2.7,11.3,30.2,0.0,46.7,3.3,1.3,0.0,5.0,4.0,6.0,13.9,12.5,함양군,0.0,0.9,0.0,0.0,0.0,5.2,0.1,1.8,0.2,3.3,0.3,1.0,0.2,발생량,9.0,1.1,0.0,0.0,경남
829,0.0,0.0,0.0,0.0,0.0,11.3,16.3,0.0,17.2,0.0,1.3,0.0,5.0,0.9,0.0,0.0,0.0,함양군,0.0,0.0,0.0,0.0,0.0,0.0,0.0,0.0,0.0,0.0,0.0,1.0,0.0,매립,9.0,0.0,0.0,0.0,경남
830,0.0,0.0,0.0,0.0,2.7,0.0,13.9,0.0,13.9,0.0,0.0,0.0,0.0,0.0,0.0,13.9,0.0,함양군,0.0,0.9,0.0,0.0,0.0,5.2,0.0,1.8,0.0,3.3,0.0,0.0,0.0,소각,0.0,0.0,0.0,0.0,경남
831,0.9,0.0,0.0,0.4,0.0,0.0,0.0,0.0,15.6,3.3,0.0,0.0,0.0,3.1,6.0,0.0,12.5,함양군,0.0,0.0,0.0,0.0,0.0,0.0,0.1,0.0,0.2,0.0,0.3,0.0,0.2,재활용,0.0,1.1,0.0,0.0,경남
832,6.1,3.7,0.1,0.2,0.6,8.1,37.9,0.0,83.3,3.5,0.9,0.0,0.2,10.7,0.0,29.6,34.7,거창군,0.0,0.7,0.0,0.0,0.3,16.7,0.0,1.2,21.0,6.7,0.6,1.1,1.0,발생량,4.4,1.9,1.7,0.0,경남
833,0.0,0.2,0.0,0.0,0.2,6.2,11.8,0.0,11.8,0.0,0.8,0.0,0.1,0.0,0.0,5.5,0.0,거창군,0.0,0.2,0.0,0.0,0.0,4.5,0.0,0.2,0.0,0.2,0.0,1.1,0.0,매립,2.9,0.0,1.4,0.0,경남
834,0.0,3.5,0.0,0.0,0.4,1.9,26.1,0.0,26.1,0.0,0.1,0.0,0.1,0.0,0.0,24.1,0.0,거창군,0.0,0.5,0.0,0.0,0.0,12.2,0.0,1.0,0.0,6.5,0.0,0.0,0.0,소각,1.5,0.0,0.3,0.0,경남
835,6.1,0.0,0.1,0.2,0.0,0.0,0.0,0.0,45.4,3.5,0.0,0.0,0.0,10.7,0.0,0.0,34.7,거창군,0.0,0.0,0.0,0.0,0.3,0.0,0.0,0.0,21.0,0.0,0.6,0.0,1.0,재활용,0.0,1.9,0.0,0.0,경남
836,6.3,0.0,0.0,0.4,4.8,7.3,21.7,0.0,57.2,6.6,0.4,0.0,0.0,5.5,0.0,14.4,30.0,합천군,0.0,2.7,0.0,0.0,0.0,2.4,0.1,1.7,15.2,2.8,0.2,0.8,0.2,발생량,3.9,1.0,2.2,0.0,경남
837,0.0,0.0,0.0,0.0,2.1,7.3,13.3,0.0,13.3,0.0,0.4,0.0,0.0,0.0,0.0,6.0,0.0,합천군,0.0,2.1,0.0,0.0,0.0,1.8,0.0,0.0,0.0,0.0,0.0,0.8,0.0,매립,3.9,0.0,2.2,0.0,경남
838,0.0,0.0,0.0,0.0,2.7,0.0,8.4,0.0,11.0,0.0,0.0,0.0,0.0,2.6,0.0,8.4,0.0,합천군,0.0,0.6,0.0,0.0,0.0,0.6,0.0,1.7,0.0,2.8,0.0,0.0,0.0,소각,0.0,0.0,0.0,0.0,경남
839,6.3,0.0,0.0,0.4,0.0,0.0,0.0,0.0,32.9,6.6,0.0,0.0,0.0,2.9,0.0,0.0,30.0,합천군,0.0,0.0,0.0,0.0,0.0,0.0,0.1,0.0,15.2,0.0,0.2,0.0,0.2,재활용,0.0,1.0,0.0,0.0,경남
840,66.5,12.8,0.2,0.0,15.1,60.3,232.3,0.4,636.8,5.1,9.5,0.0,0.0,150.4,0.2,172.0,254.1,제주시,0.0,1.4,0.0,0.1,5.0,66.2,4.4,4.6,133.3,71.9,21.5,3.2,8.7,발생량,17.4,8.7,30.2,0.0,제주
841,0.0,0.0,0.0,0.0,0.0,60.3,60.3,0.0,60.3,0.0,9.5,0.0,0.0,0.0,0.0,0.0,0.0,제주시,0.0,0.0,0.0,0.0,0.0,0.0,0.0,0.0,0.0,0.0,0.0,3.2,0.0,매립,17.4,0.0,30.2,0.0,제주
842,0.0,12.8,0.0,0.0,15.1,0.0,172.0,0.0,172.0,0.0,0.0,0.0,0.0,0.0,0.0,172.0,0.0,제주시,0.0,1.4,0.0,0.0,0.0,66.2,0.0,4.6,0.0,71.9,0.0,0.0,0.0,소각,0.0,0.0,0.0,0.0,제주
843,66.5,0.0,0.2,0.0,0.0,0.0,0.0,0.4,404.5,5.1,0.0,0.0,0.0,150.4,0.2,0.0,254.1,제주시,0.0,0.0,0.0,0.1,5.0,0.0,4.4,0.0,133.3,0.0,21.5,0.0,8.7,재활용,0.0,8.7,0.0,0.0,제주
844,49.7,0.0,8.4,0.5,16.4,71.9,153.8,0.0,373.6,1.5,1.6,0.7,0.0,65.4,0.1,81.9,154.4,서귀포시,0.9,4.3,0.0,0.0,1.5,27.7,4.8,7.4,71.7,26.1,5.2,2.4,2.0,발생량,65.2,3.8,2.7,3.6,제주
845,0.0,0.0,0.0,0.0,3.0,71.9,91.3,0.0,91.3,0.0,1.6,0.0,0.0,0.0,0.0,19.4,0.0,서귀포시,0.0,0.9,0.0,0.0,0.0,7.3,0.0,1.6,0.0,6.6,0.0,2.4,0.0,매립,65.2,0.0,2.7,0.0,제주
846,0.0,0.0,0.0,0.0,13.4,0.0,62.5,0.0,62.5,0.0,0.0,0.0,0.0,0.0,0.0,62.5,0.0,서귀포시,0.0,3.4,0.0,0.0,0.0,20.4,0.0,5.8,0.0,19.5,0.0,0.0,0.0,소각,0.0,0.0,0.0,0.0,제주
847,49.7,0.0,8.4,0.5,0.0,0.0,0.0,0.0,219.8,1.5,0.0,0.7,0.0,65.4,0.1,0.0,154.4,서귀포시,0.9,0.0,0.0,0.0,1.5,0.0,4.8,0.0,71.7,0.0,5.2,0.0,2.0,재활용,0.0,3.8,0.0,3.6,제주
848,78.8,8.5,3.5,0.0,23.6,36.7,130.5,0.3,362.1,0.8,1.6,0.0,0.0,66.5,0.0,93.8,165.1,춘천시,0.0,1.9,0.0,0.0,0.2,14.5,2.2,1.2,13.8,44.1,5.7,2.8,41.9,발생량,28.1,17.9,4.2,0.0,강원
849,0.0,0.0,0.0,0.0,0.0,23.9,23.9,0.0,23.9,0.0,0.5,0.0,0.0,0.0,0.0,0.0,0.0,춘천시,0.0,0.0,0.0,0.0,0.0,0.0,0.0,0.0,0.0,0.0,0.0,0.4,0.0,매립,19.7,0.0,3.3,0.0,강원
850,0.0,8.5,0.0,0.0,20.8,8.5,96.2,0.0,96.2,0.0,0.5,0.0,0.0,0.0,0.0,87.7,0.0,춘천시,0.0,1.9,0.0,0.0,0.0,12.9,0.0,1.2,0.0,42.4,0.0,1.6,0.0,소각,5.5,0.0,0.9,0.0,강원
851,78.8,0.0,3.5,0.0,2.8,4.3,10.4,0.3,242.0,0.8,0.6,0.0,0.0,66.5,0.0,6.1,165.1,춘천시,0.0,0.0,0.0,0.0,0.2,1.6,2.2,0.0,13.8,1.7,5.7,0.8,41.9,재활용,2.9,17.9,0.0,0.0,강원
852,1.6,0.9,0.6,6.5,3.5,12.3,110.0,0.2,233.4,5.7,0.9,17.5,0.0,74.8,0.1,97.7,48.6,원주시,0.1,0.8,0.0,0.1,0.2,86.6,6.8,0.9,0.6,5.0,6.0,4.3,0.6,발생량,1.9,2.0,5.2,0.0,강원
853,0.0,0.9,0.0,0.0,3.5,12.3,29.2,0.0,29.2,0.0,0.9,0.0,0.0,0.0,0.0,16.9,0.0,원주시,0.0,0.8,0.0,0.0,0.0,5.8,0.0,0.9,0.0,5.0,0.0,4.3,0.0,매립,1.9,0.0,5.2,0.0,강원
854,0.0,0.0,0.0,0.0,0.0,0.0,0.0,0.0,0.0,0.0,0.0,0.0,0.0,0.0,0.0,0.0,0.0,원주시,0.0,0.0,0.0,0.0,0.0,0.0,0.0,0.0,0.0,0.0,0.0,0.0,0.0,소각,0.0,0.0,0.0,0.0,강원
855,1.6,0.0,0.6,6.5,0.0,0.0,80.8,0.2,204.2,5.7,0.0,17.5,0.0,74.8,0.1,80.8,48.6,원주시,0.1,0.0,0.0,0.1,0.2,80.8,6.8,0.0,0.6,0.0,6.0,0.0,0.6,재활용,0.0,2.0,0.0,0.0,강원
856,43.4,0.2,0.0,1.0,18.4,12.1,95.6,0.4,315.3,4.5,1.5,5.7,0.0,58.5,0.0,83.5,161.2,강릉시,0.0,1.7,13.9,0.0,2.9,42.0,1.2,0.4,65.7,20.8,4.8,5.0,0.8,발생량,3.2,3.6,2.4,13.3,강원
857,0.0,0.2,0.0,0.0,16.1,12.1,85.0,0.0,85.0,0.0,1.5,0.0,0.0,0.0,0.0,72.9,0.0,강릉시,0.0,1.5,0.0,0.0,0.0,36.6,0.0,0.3,0.0,18.2,0.0,5.0,0.0,매립,3.2,0.0,2.4,0.0,강원
858,0.0,0.0,0.0,0.0,2.3,0.0,10.6,0.0,10.6,0.0,0.0,0.0,0.0,0.0,0.0,10.6,0.0,강릉시,0.0,0.2,0.0,0.0,0.0,5.4,0.0,0.1,0.0,2.6,0.0,0.0,0.0,소각,0.0,0.0,0.0,0.0,강원
859,43.4,0.0,0.0,1.0,0.0,0.0,0.0,0.4,219.7,4.5,0.0,5.7,0.0,58.5,0.0,0.0,161.2,강릉시,0.0,0.0,13.9,0.0,2.9,0.0,1.2,0.0,65.7,0.0,4.8,0.0,0.8,재활용,0.0,3.6,0.0,13.3,강원
860,9.9,3.0,0.1,0.0,5.0,9.4,86.1,0.1,129.6,0.4,3.6,0.1,1.5,27.3,0.1,75.2,16.2,동해시,0.1,1.5,0.0,0.1,0.4,32.8,0.1,3.0,1.8,29.9,0.8,1.7,0.4,발생량,2.7,1.8,1.4,0.0,강원
861,0.0,3.0,0.0,0.0,5.0,9.4,86.1,0.0,86.1,0.0,3.6,0.0,1.5,0.0,0.0,75.2,0.0,동해시,0.0,1.5,0.0,0.0,0.0,32.8,0.0,3.0,0.0,29.9,0.0,1.7,0.0,매립,2.7,0.0,1.4,0.0,강원
862,0.0,0.0,0.0,0.0,0.0,0.0,0.0,0.0,0.0,0.0,0.0,0.0,0.0,0.0,0.0,0.0,0.0,동해시,0.0,0.0,0.0,0.0,0.0,0.0,0.0,0.0,0.0,0.0,0.0,0.0,0.0,소각,0.0,0.0,0.0,0.0,강원
863,9.9,0.0,0.1,0.0,0.0,0.0,0.0,0.1,43.5,0.4,0.0,0.1,0.0,27.3,0.1,0.0,16.2,동해시,0.1,0.0,0.0,0.1,0.4,0.0,0.1,0.0,1.8,0.0,0.8,0.0,0.4,재활용,0.0,1.8,0.0,0.0,강원
864,1.2,0.5,1.9,0.0,4.5,3.7,16.4,0.0,35.7,0.2,0.0,0.7,2.8,14.1,0.0,9.9,5.2,태백시,0.0,0.3,0.0,0.0,0.0,2.9,0.0,0.4,0.2,1.3,0.2,0.0,0.2,발생량,3.7,0.6,0.0,0.0,강원
865,0.0,0.0,0.0,0.0,0.0,3.7,3.7,0.0,3.7,0.0,0.0,0.0,0.0,0.0,0.0,0.0,0.0,태백시,0.0,0.0,0.0,0.0,0.0,0.0,0.0,0.0,0.0,0.0,0.0,0.0,0.0,매립,3.7,0.0,0.0,0.0,강원
866,0.0,0.5,0.0,0.0,4.5,0.0,12.7,0.0,12.7,0.0,0.0,0.0,2.8,0.0,0.0,9.9,0.0,태백시,0.0,0.3,0.0,0.0,0.0,2.9,0.0,0.4,0.0,1.3,0.0,0.0,0.0,소각,0.0,0.0,0.0,0.0,강원
867,1.2,0.0,1.9,0.0,0.0,0.0,0.0,0.0,19.3,0.2,0.0,0.7,0.0,14.1,0.0,0.0,5.2,태백시,0.0,0.0,0.0,0.0,0.0,0.0,0.0,0.0,0.2,0.0,0.2,0.0,0.2,재활용,0.0,0.6,0.0,0.0,강원
868,0.2,0.0,0.0,0.0,0.0,38.2,106.4,0.0,156.2,0.0,0.0,0.0,0.0,47.6,0.0,68.2,2.2,속초시,0.0,0.0,0.0,0.0,0.0,68.2,0.1,0.0,0.1,0.0,1.1,0.0,0.1,발생량,38.2,0.6,0.0,0.0,강원
869,0.0,0.0,0.0,0.0,0.0,38.2,38.2,0.0,45.1,0.0,0.0,0.0,0.0,6.9,0.0,0.0,0.0,속초시,0.0,0.0,0.0,0.0,0.0,0.0,0.0,0.0,0.0,0.0,0.0,0.0,0.0,매립,38.2,0.0,0.0,0.0,강원
870,0.0,0.0,0.0,0.0,0.0,0.0,68.2,0.0,68.7,0.0,0.0,0.0,0.0,0.5,0.0,68.2,0.0,속초시,0.0,0.0,0.0,0.0,0.0,68.2,0.0,0.0,0.0,0.0,0.0,0.0,0.0,소각,0.0,0.0,0.0,0.0,강원
871,0.2,0.0,0.0,0.0,0.0,0.0,0.0,0.0,42.4,0.0,0.0,0.0,0.0,40.2,0.0,0.0,2.2,속초시,0.0,0.0,0.0,0.0,0.0,0.0,0.1,0.0,0.1,0.0,1.1,0.0,0.1,재활용,0.0,0.6,0.0,0.0,강원
872,5.7,0.0,4.4,0.2,7.8,42.2,96.2,0.0,133.7,0.7,10.3,0.2,0.0,15.8,0.1,54.0,21.7,삼척시,0.0,5.4,0.0,0.0,0.5,22.7,1.7,11.6,3.0,6.5,1.0,0.2,2.3,발생량,31.5,1.9,0.2,0.0,강원
873,0.0,0.0,0.0,0.0,4.8,25.7,58.7,0.0,58.7,0.0,6.3,0.0,0.0,0.0,0.0,33.0,0.0,삼척시,0.0,3.2,0.0,0.0,0.0,13.9,0.0,7.1,0.0,4.0,0.0,0.1,0.0,매립,19.2,0.0,0.1,0.0,강원
874,0.0,0.0,0.0,0.0,0.0,0.0,0.0,0.0,0.0,0.0,0.0,0.0,0.0,0.0,0.0,0.0,0.0,삼척시,0.0,0.0,0.0,0.0,0.0,0.0,0.0,0.0,0.0,0.0,0.0,0.0,0.0,소각,0.0,0.0,0.0,0.0,강원
875,5.7,0.0,4.4,0.2,3.0,16.5,37.5,0.0,75.0,0.7,4.0,0.2,0.0,15.8,0.1,21.0,21.7,삼척시,0.0,2.2,0.0,0.0,0.5,8.8,1.7,4.5,3.0,2.5,1.0,0.1,2.3,재활용,12.3,1.9,0.1,0.0,강원
876,1.1,0.0,0.2,0.0,10.1,2.3,38.6,0.1,57.9,0.0,0.1,0.0,0.0,13.7,0.0,36.3,5.6,홍천군,0.0,2.0,0.0,0.0,1.2,1.4,0.6,1.5,0.3,21.3,0.3,0.1,0.4,발생량,2.0,1.4,0.1,0.0,강원
877,0.0,0.0,0.0,0.0,0.0,2.3,2.3,0.0,2.3,0.0,0.1,0.0,0.0,0.0,0.0,0.0,0.0,홍천군,0.0,0.0,0.0,0.0,0.0,0.0,0.0,0.0,0.0,0.0,0.0,0.1,0.0,매립,2.0,0.0,0.1,0.0,강원
878,0.0,0.0,0.0,0.0,10.1,0.0,36.3,0.0,46.1,0.0,0.0,0.0,0.0,9.8,0.0,36.3,0.0,홍천군,0.0,2.0,0.0,0.0,0.0,1.4,0.0,1.5,0.0,21.3,0.0,0.0,0.0,소각,0.0,0.0,0.0,0.0,강원
879,1.1,0.0,0.2,0.0,0.0,0.0,0.0,0.1,9.5,0.0,0.0,0.0,0.0,3.9,0.0,0.0,5.6,홍천군,0.0,0.0,0.0,0.0,1.2,0.0,0.6,0.0,0.3,0.0,0.3,0.0,0.4,재활용,0.0,1.4,0.0,0.0,강원
880,0.9,1.9,0.0,0.0,3.8,21.0,39.1,0.0,56.1,0.0,0.4,0.0,0.0,14.4,0.0,18.1,2.6,횡성군,0.0,0.8,0.0,0.0,0.0,5.9,0.0,0.6,0.2,5.1,0.7,0.4,0.2,발생량,18.5,0.6,1.7,0.0,강원
881,0.0,0.0,0.0,0.0,0.0,21.0,21.0,0.0,21.1,0.0,0.4,0.0,0.0,0.1,0.0,0.0,0.0,횡성군,0.0,0.0,0.0,0.0,0.0,0.0,0.0,0.0,0.0,0.0,0.0,0.4,0.0,매립,18.5,0.0,1.7,0.0,강원
882,0.0,1.9,0.0,0.0,3.7,0.0,17.8,0.0,17.8,0.0,0.0,0.0,0.0,0.0,0.0,17.8,0.0,횡성군,0.0,0.8,0.0,0.0,0.0,5.8,0.0,0.6,0.0,5.0,0.0,0.0,0.0,소각,0.0,0.0,0.0,0.0,강원
883,0.9,0.0,0.0,0.0,0.1,0.0,0.3,0.0,17.2,0.0,0.0,0.0,0.0,14.3,0.0,0.3,2.6,횡성군,0.0,0.0,0.0,0.0,0.0,0.1,0.0,0.0,0.2,0.1,0.7,0.0,0.2,재활용,0.0,0.6,0.0,0.0,강원
884,0.3,2.5,0.5,0.0,3.9,1.2,16.4,0.0,31.6,4.7,0.0,0.5,0.0,7.4,0.0,15.2,7.8,영월군,0.0,0.1,0.0,0.0,0.0,2.1,0.1,0.4,0.1,6.2,0.4,0.4,0.1,발생량,0.2,1.1,0.6,0.0,강원
885,0.0,0.4,0.0,0.0,0.7,0.2,2.9,0.0,3.3,0.0,0.0,0.0,0.0,0.4,0.0,2.7,0.0,영월군,0.0,0.0,0.0,0.0,0.0,0.4,0.0,0.1,0.0,1.1,0.0,0.1,0.0,매립,0.0,0.0,0.1,0.0,강원
886,0.0,2.1,0.0,0.0,3.2,1.0,13.5,0.0,13.5,0.0,0.0,0.0,0.0,0.0,0.0,12.5,0.0,영월군,0.0,0.1,0.0,0.0,0.0,1.7,0.0,0.3,0.0,5.1,0.0,0.3,0.0,소각,0.2,0.0,0.5,0.0,강원
887,0.3,0.0,0.5,0.0,0.0,0.0,0.0,0.0,14.8,4.7,0.0,0.5,0.0,7.0,0.0,0.0,7.8,영월군,0.0,0.0,0.0,0.0,0.0,0.0,0.1,0.0,0.1,0.0,0.4,0.0,0.1,재활용,0.0,1.1,0.0,0.0,강원
888,1.9,0.0,0.0,0.0,0.2,0.0,6.0,0.0,44.9,15.0,0.0,0.0,0.0,19.7,0.3,6.0,19.2,평창군,0.0,0.0,0.0,0.1,0.0,5.2,0.0,0.2,0.2,0.4,0.9,0.0,0.1,발생량,0.0,0.7,0.0,0.0,강원
889,0.0,0.0,0.0,0.0,0.0,0.0,0.0,0.0,0.0,0.0,0.0,0.0,0.0,0.0,0.0,0.0,0.0,평창군,0.0,0.0,0.0,0.0,0.0,0.0,0.0,0.0,0.0,0.0,0.0,0.0,0.0,매립,0.0,0.0,0.0,0.0,강원
890,0.0,0.0,0.0,0.0,0.2,0.0,6.0,0.0,6.0,0.0,0.0,0.0,0.0,0.0,0.0,6.0,0.0,평창군,0.0,0.0,0.0,0.0,0.0,5.2,0.0,0.2,0.0,0.4,0.0,0.0,0.0,소각,0.0,0.0,0.0,0.0,강원
891,1.9,0.0,0.0,0.0,0.0,0.0,0.0,0.0,38.9,15.0,0.0,0.0,0.0,19.7,0.3,0.0,19.2,평창군,0.0,0.0,0.0,0.1,0.0,0.0,0.0,0.0,0.2,0.0,0.9,0.0,0.1,재활용,0.0,0.7,0.0,0.0,강원
892,0.5,2.6,0.0,0.0,0.2,10.6,21.5,0.0,28.2,0.0,3.2,0.0,0.0,4.1,0.0,10.9,2.6,정선군,0.0,1.0,0.0,0.0,0.0,4.3,1.2,2.2,0.0,0.6,0.0,0.0,0.2,발생량,5.7,0.7,1.7,0.0,강원
893,0.0,2.2,0.0,0.0,0.0,10.6,17.1,0.0,17.2,0.0,3.2,0.0,0.0,0.1,0.0,6.5,0.0,정선군,0.0,0.6,0.0,0.0,0.0,2.6,0.0,1.1,0.0,0.0,0.0,0.0,0.0,매립,5.7,0.0,1.7,0.0,강원
894,0.0,0.4,0.0,0.0,0.2,0.0,4.4,0.0,4.4,0.0,0.0,0.0,0.0,0.0,0.0,4.4,0.0,정선군,0.0,0.4,0.0,0.0,0.0,1.7,0.0,1.1,0.0,0.6,0.0,0.0,0.0,소각,0.0,0.0,0.0,0.0,강원
895,0.5,0.0,0.0,0.0,0.0,0.0,0.0,0.0,6.6,0.0,0.0,0.0,0.0,4.0,0.0,0.0,2.6,정선군,0.0,0.0,0.0,0.0,0.0,0.0,1.2,0.0,0.0,0.0,0.0,0.0,0.2,재활용,0.0,0.7,0.0,0.0,강원
896,3.7,0.1,0.2,0.1,3.8,17.4,34.1,0.1,54.1,0.0,3.7,1.0,0.0,10.9,0.1,16.7,9.1,철원군,0.0,3.1,0.0,0.0,0.0,3.5,0.7,1.4,1.1,4.8,0.6,5.7,0.5,발생량,3.6,1.0,4.4,0.0,강원
897,0.0,0.1,0.0,0.0,1.2,17.4,21.9,0.0,31.8,0.0,3.7,0.0,0.0,9.9,0.0,4.5,0.0,철원군,0.0,0.3,0.0,0.0,0.0,2.2,0.0,0.1,0.0,0.6,0.0,5.7,0.0,매립,3.6,0.0,4.4,0.0,강원
898,0.0,0.0,0.0,0.0,2.6,0.0,12.2,0.0,12.2,0.0,0.0,0.0,0.0,0.0,0.0,12.2,0.0,철원군,0.0,2.8,0.0,0.0,0.0,1.3,0.0,1.3,0.0,4.2,0.0,0.0,0.0,소각,0.0,0.0,0.0,0.0,강원
899,3.7,0.0,0.2,0.1,0.0,0.0,0.0,0.1,10.1,0.0,0.0,1.0,0.0,1.0,0.1,0.0,9.1,철원군,0.0,0.0,0.0,0.0,0.0,0.0,0.7,0.0,1.1,0.0,0.6,0.0,0.5,재활용,0.0,1.0,0.0,0.0,강원
900,2.1,2.0,1.0,0.0,3.6,5.2,35.2,0.0,49.3,1.3,1.4,0.2,0.0,2.6,0.1,30.0,11.5,화천군,0.0,4.3,0.0,0.0,0.0,10.5,0.0,4.1,1.5,5.5,1.3,0.6,2.0,발생량,2.5,2.0,0.7,0.0,강원
901,0.0,2.0,0.0,0.0,2.1,5.2,21.8,0.0,23.8,0.0,1.4,0.0,0.0,2.0,0.0,16.6,0.0,화천군,0.0,3.0,0.0,0.0,0.0,6.2,0.0,1.3,0.0,2.0,0.0,0.6,0.0,매립,2.5,0.0,0.7,0.0,강원
902,0.0,0.0,0.0,0.0,1.5,0.0,13.4,0.0,13.4,0.0,0.0,0.0,0.0,0.0,0.0,13.4,0.0,화천군,0.0,1.3,0.0,0.0,0.0,4.3,0.0,2.8,0.0,3.5,0.0,0.0,0.0,소각,0.0,0.0,0.0,0.0,강원
903,2.1,0.0,1.0,0.0,0.0,0.0,0.0,0.0,12.1,1.3,0.0,0.2,0.0,0.6,0.1,0.0,11.5,화천군,0.0,0.0,0.0,0.0,0.0,0.0,0.0,0.0,1.5,0.0,1.3,0.0,2.0,재활용,0.0,2.0,0.0,0.0,강원
904,2.0,4.0,0.0,0.0,2.0,2.0,18.0,0.0,36.0,0.0,0.0,0.0,0.0,9.0,1.0,16.0,9.0,양구군,0.0,2.0,0.0,0.0,0.0,1.0,0.0,2.0,1.0,5.0,3.0,0.0,1.0,발생량,2.0,1.0,0.0,0.0,강원
905,0.0,0.0,0.0,0.0,0.0,2.0,2.0,0.0,4.0,0.0,0.0,0.0,0.0,2.0,0.0,0.0,0.0,양구군,0.0,0.0,0.0,0.0,0.0,0.0,0.0,0.0,0.0,0.0,0.0,0.0,0.0,매립,2.0,0.0,0.0,0.0,강원
906,0.0,1.0,0.0,0.0,0.0,0.0,10.0,0.0,11.0,0.0,0.0,0.0,0.0,1.0,0.0,10.0,0.0,양구군,0.0,2.0,0.0,0.0,0.0,0.0,0.0,2.0,0.0,5.0,0.0,0.0,0.0,소각,0.0,0.0,0.0,0.0,강원
907,2.0,3.0,0.0,0.0,2.0,0.0,6.0,0.0,21.0,0.0,0.0,0.0,0.0,6.0,1.0,6.0,9.0,양구군,0.0,0.0,0.0,0.0,0.0,1.0,0.0,0.0,1.0,0.0,3.0,0.0,1.0,재활용,0.0,1.0,0.0,0.0,강원
908,3.1,3.7,1.2,0.0,9.4,0.0,49.2,0.0,65.1,0.0,0.0,0.0,0.0,4.7,0.0,49.2,11.2,인제군,0.0,2.5,0.0,0.0,0.0,16.6,0.7,2.9,0.0,14.1,3.4,0.0,0.6,발생량,0.0,2.2,0.0,0.0,강원
909,0.0,0.2,0.0,0.0,7.8,0.0,16.1,0.0,16.1,0.0,0.0,0.0,0.0,0.0,0.0,16.1,0.0,인제군,0.0,1.9,0.0,0.0,0.0,2.4,0.0,2.4,0.0,1.4,0.0,0.0,0.0,매립,0.0,0.0,0.0,0.0,강원
910,0.0,3.5,0.0,0.0,1.6,0.0,33.1,0.0,33.1,0.0,0.0,0.0,0.0,0.0,0.0,33.1,0.0,인제군,0.0,0.6,0.0,0.0,0.0,14.2,0.0,0.5,0.0,12.7,0.0,0.0,0.0,소각,0.0,0.0,0.0,0.0,강원
911,3.1,0.0,1.2,0.0,0.0,0.0,0.0,0.0,15.9,0.0,0.0,0.0,0.0,4.7,0.0,0.0,11.2,인제군,0.0,0.0,0.0,0.0,0.0,0.0,0.7,0.0,0.0,0.0,3.4,0.0,0.6,재활용,0.0,2.2,0.0,0.0,강원
912,0.2,3.0,0.0,0.0,0.6,1.2,18.6,0.0,27.5,0.0,0.0,0.0,0.0,7.1,0.2,17.4,1.8,고성군,0.2,0.3,0.0,0.0,0.1,5.5,0.1,0.2,0.4,7.8,0.2,0.3,0.1,발생량,0.5,0.3,0.4,0.0,강원
913,0.0,0.0,0.0,0.0,0.0,1.2,1.2,0.0,1.2,0.0,0.0,0.0,0.0,0.0,0.0,0.0,0.0,고성군,0.0,0.0,0.0,0.0,0.0,0.0,0.0,0.0,0.0,0.0,0.0,0.3,0.0,매립,0.5,0.0,0.4,0.0,강원
914,0.0,3.0,0.0,0.0,0.6,0.0,17.4,0.0,17.4,0.0,0.0,0.0,0.0,0.0,0.0,17.4,0.0,고성군,0.0,0.3,0.0,0.0,0.0,5.5,0.0,0.2,0.0,7.8,0.0,0.0,0.0,소각,0.0,0.0,0.0,0.0,강원
915,0.2,0.0,0.0,0.0,0.0,0.0,0.0,0.0,8.9,0.0,0.0,0.0,0.0,7.1,0.2,0.0,1.8,고성군,0.2,0.0,0.0,0.0,0.1,0.0,0.1,0.0,0.4,0.0,0.2,0.0,0.1,재활용,0.0,0.3,0.0,0.0,강원
916,1.5,4.2,1.0,0.1,4.8,4.0,26.8,0.0,42.2,0.3,1.5,0.0,0.0,9.0,0.0,22.8,6.4,양양군,0.0,1.5,0.0,0.0,0.1,3.8,0.0,2.0,1.8,6.5,0.5,0.4,0.3,발생량,1.1,0.8,1.0,0.0,강원
917,0.0,0.0,0.0,0.0,0.0,4.0,4.0,0.0,4.0,0.0,1.5,0.0,0.0,0.0,0.0,0.0,0.0,양양군,0.0,0.0,0.0,0.0,0.0,0.0,0.0,0.0,0.0,0.0,0.0,0.4,0.0,매립,1.1,0.0,1.0,0.0,강원
918,0.0,4.2,0.0,0.0,4.8,0.0,22.8,0.0,31.0,0.0,0.0,0.0,0.0,8.2,0.0,22.8,0.0,양양군,0.0,1.5,0.0,0.0,0.0,3.8,0.0,2.0,0.0,6.5,0.0,0.0,0.0,소각,0.0,0.0,0.0,0.0,강원
919,1.5,0.0,1.0,0.1,0.0,0.0,0.0,0.0,7.2,0.3,0.0,0.0,0.0,0.8,0.0,0.0,6.4,양양군,0.0,0.0,0.0,0.0,0.1,0.0,0.0,0.0,1.8,0.0,0.5,0.0,0.3,재활용,0.0,0.8,0.0,0.0,강원
